index,req,ts,engine,cmdtr,tr,rsp,send,recv,rts,rengine,rtr,accep,rtt1,rtt2,rtt3,rtt4,rtt5,rtt6,rtt7,rtt8,rtt9,rtt10,rtt11,send_req_rtt,accept_req_rtt
1,213440600,213440603,213440605,297301631,213440636,213440637,297301640,300326753,0,300326756,300326761,300326766,3,2,83861026,31,1,83861004,3025113,-300326753,300326756,5,5,83861040,86886166
2,618221248,618221248,618221251,2147483647,618221273,618221274,2147483647,2147483647,2147483647,2147483647,2147483647,2147483647,0,3,1529262396,22,1,1529262374,0,0,0,0,0,1529262399,1529262399
3,978034119,978034120,978034122,2147483647,978034148,978034149,2147483647,2147483647,2147483647,2147483647,2147483647,2147483647,1,2,1169449525,26,1,1169449499,0,0,0,0,0,1169449528,1169449528
4,991803884,991803884,991803886,2147483647,991803895,991803896,2147483647,2147483647,2147483647,2147483647,2147483647,2147483647,0,2,1155679761,9,1,1155679752,0,0,0,0,0,1155679763,1155679763
5,340108959,340108960,340108962,297301633,340108972,340108973,297301643,300330438,0,300330441,300330443,300330447,1,2,-42807329,10,1,-42807329,3028795,-300330438,300330441,2,4,-42807316,-39778512
6,898727688,898727689,898727692,898727711,898727731,898727733,898727725,898731286,0,898731289,898731293,898731301,1,3,19,39,2,-6,3561,-898731286,898731289,4,8,37,3613
7,898728435,898728437,898728439,898728446,898728454,898728470,898728453,898731873,0,898731876,898731878,898731883,2,2,7,15,16,-1,3420,-898731873,898731876,2,5,18,3448
8,898728441,898728442,898728456,898728462,898728469,898728486,898728478,898731970,0,898731973,898731975,898731979,1,14,6,13,17,9,3492,-898731970,898731973,2,4,37,3538
9,898728907,898728908,898728910,898728916,898728922,898728935,898728923,898732243,0,898732246,898732248,898732252,1,2,6,12,13,1,3320,-898732243,898732246,2,4,16,3345
10,898728939,898728942,898728953,898728958,898728963,898728978,898728972,898732318,0,898732319,898732321,898732326,3,11,5,10,15,9,3346,-898732318,898732319,2,5,33,3387
11,898728940,898728941,898728943,898728946,898728952,898728960,898728953,898732315,0,898732317,898732319,898732324,1,2,3,9,8,1,3362,-898732315,898732317,2,5,13,3384
12,898730202,898730203,898730205,898730211,898730217,898730229,898730217,898733770,0,898733772,898733775,898733779,1,2,6,12,12,0,3553,-898733770,898733772,3,4,15,3577
13,898730317,898730317,898730319,898730323,898730329,898730341,898730330,898733824,0,898733826,898733828,898733831,0,2,4,10,12,1,3494,-898733824,898733826,2,3,13,3514
14,898730346,898730347,898730349,898730352,898730358,898730368,898730357,898733875,0,898733877,898733878,898733882,1,2,3,9,10,-1,3518,-898733875,898733877,1,4,11,3536
15,898730399,898730400,898730402,898730406,898730411,898730423,898730412,898733944,0,898733947,898733948,898733954,1,2,4,9,12,1,3532,-898733944,898733947,1,6,13,3555
16,898730426,898730432,898730442,898730445,898730450,898730465,898730459,898734013,0,898734015,898734016,898734020,6,10,3,8,15,9,3554,-898734013,898734015,1,4,33,3594
17,898730429,898730430,898730432,898730436,898730441,898730451,898730441,898733948,0,898733949,898733951,898733957,1,2,4,9,10,0,3507,-898733948,898733949,2,6,12,3528
18,898730506,898730507,898730509,898730513,898730519,898730529,898730518,898734016,0,898734016,898734018,898734024,1,2,4,10,10,-1,3498,-898734016,898734016,2,6,12,3518
19,898730533,898730535,898730536,898730540,898730546,898730556,898730547,898734060,0,898734062,898734064,898734068,2,1,4,10,10,1,3513,-898734060,898734062,2,4,14,3535
20,898730974,898730975,898730977,898730980,898730985,898731000,898730988,898734337,0,898734339,898734341,898734345,1,2,3,8,15,3,3349,-898734337,898734339,2,4,14,3371
21,898731006,898731008,898731018,898731022,898731028,898731043,898731037,898734390,0,898734392,898734394,898734399,2,10,4,10,15,9,3353,-898734390,898734392,2,5,31,3393
22,898731006,898731007,898731009,898731012,898731017,898731025,898731019,898734290,0,898734293,898734294,898734298,1,2,3,8,8,2,3271,-898734290,898734293,1,4,13,3292
23,898731089,898731090,898731092,898731096,898731101,898731115,898731106,898735055,0,898735057,898735059,898735063,1,2,4,9,14,5,3949,-898735055,898735057,2,4,17,3974
24,898731118,898731119,898731121,898731124,898731130,898731140,898731130,898734850,0,898734852,898734854,898734857,1,2,3,9,10,0,3720,-898734850,898734852,2,3,12,3739
25,898731154,898731154,898731156,898731159,898731164,898731174,898731164,898734738,0,898734741,898734742,898734746,0,2,3,8,10,0,3574,-898734738,898734741,1,4,10,3592
26,898731181,898731182,898731183,898731186,898731191,898731201,898731191,898734993,0,898734994,898734995,898735001,1,1,3,8,10,0,3802,-898734993,898734994,1,6,10,3820
27,898731193,898731193,898731195,898731198,898731203,898731241,898731219,898734920,0,898734922,898734924,898734929,0,2,3,8,38,16,3701,-898734920,898734922,2,5,26,3736
28,898731208,898731209,898731211,898731214,898731220,898731235,898731224,898735174,0,898735176,898735177,898735193,1,2,3,9,15,4,3950,-898735174,898735176,1,16,16,3985
29,898731253,898731254,898731256,898731259,898731264,898731275,898731264,898734924,0,898734924,898734926,898734932,1,2,3,8,11,0,3660,-898734924,898734924,2,6,11,3679
30,898731277,898731278,898731280,898731284,898731289,898731310,898731294,898735181,0,898735182,898735184,898735196,1,2,4,9,21,5,3887,-898735181,898735182,2,12,17,3919
31,898731313,898731314,898731316,898731319,898731325,898731334,898731325,898735058,0,898735059,898735061,898735066,1,2,3,9,9,0,3733,-898735058,898735059,2,5,12,3753
32,898731337,898731338,898731340,898731344,898731349,898731358,898731348,898735227,0,898735229,898735231,898735237,1,2,4,9,9,-1,3879,-898735227,898735229,2,6,11,3900
33,898731456,898731457,898731459,898731462,898731468,898731479,898731469,898735168,0,898735170,898735172,898735187,1,2,3,9,11,1,3699,-898735168,898735170,2,15,13,3731
34,898731529,898731530,898731532,898731535,898731540,898731541,898731541,898734990,0,898734992,898734993,898734998,1,2,3,8,1,1,3449,-898734990,898734992,1,5,12,3469
35,898731576,898731576,898731578,898731582,898731587,898731597,898731587,898735428,0,898735430,898735432,898735437,0,2,4,9,10,0,3841,-898735428,898735430,2,5,11,3861
36,898731601,898731602,898731603,898731606,898731612,898731619,898731612,898734805,0,898734807,898734809,898734814,1,1,3,9,7,0,3193,-898734805,898734807,2,5,11,3213
37,898731635,898731635,898731637,898731640,898731645,898731655,898731644,898735172,0,898735172,898735174,898735190,0,2,3,8,10,-1,3528,-898735172,898735172,2,16,9,3555
38,200363904,200363906,200363908,200363923,200363933,200363935,200363931,200379529,0,200379533,200379535,200379540,2,2,15,25,2,-2,15598,-200379529,200379533,2,5,27,15636
39,200956340,200956341,200956343,200956348,200956354,200956363,200956356,200962491,0,200962493,200962497,200962500,1,2,5,11,9,2,6135,-200962491,200962493,4,3,16,6160
40,201067537,201067537,201067539,201067546,201067551,201067560,201067554,201070667,0,201070669,201070671,201070676,0,2,7,12,9,3,3113,-201070667,201070669,2,5,17,3139
41,201122918,201122919,201122921,201122925,201122930,201122940,201122933,201126154,0,201126157,201126159,201126164,1,2,4,9,10,3,3221,-201126154,201126157,2,5,15,3246
42,201697939,201697939,201697942,201697946,201697951,201697961,201697954,201701321,0,201701325,201701328,201701332,0,3,4,9,10,3,3367,-201701321,201701325,3,4,15,3393
43,202319464,202319465,202319466,202319472,202319478,202319488,202319481,202323020,0,202323022,202323025,202323029,1,1,6,12,10,3,3539,-202323020,202323022,3,4,17,3565
44,207456112,207456113,207456115,207456131,207456146,207456148,207456143,207459118,0,207459121,207459125,207459128,1,2,16,31,2,-3,2975,-207459118,207459121,4,3,31,3016
45,220305277,220305278,220305280,220305299,220305320,220305323,220305311,220308611,0,220308614,220308619,220308624,1,2,19,40,3,-9,3300,-220308611,220308614,5,5,34,3347
46,220305314,220305316,220305338,220305344,220305353,220305361,220305350,220309269,0,220309275,220309277,220309286,2,22,6,15,8,-3,3919,-220309269,220309275,2,9,36,3972
47,220305315,220305316,220305324,220305329,220305337,220305368,220305347,220309025,0,220309029,220309031,220309039,1,8,5,13,31,10,3678,-220309025,220309029,2,8,32,3724
48,220305375,220305376,220305378,220305384,220305394,220305412,220305393,220309400,0,220309407,220309409,220309417,1,2,6,16,18,-1,4007,-220309400,220309407,2,8,18,4042
49,220337500,220337501,220337503,220337511,220337518,220337519,220337518,220340619,0,220340622,220340625,220340629,1,2,8,15,1,0,3101,-220340619,220340622,3,4,18,3129
50,220337532,220337533,220337535,220337541,220337548,220337549,220337548,220340725,0,220340727,220340729,220340733,1,2,6,13,1,0,3177,-220340725,220340727,2,4,16,3201
51,220393342,220393343,220393345,220393350,220393357,220393366,220393358,220396592,0,220396595,220396597,220396601,1,2,5,12,9,1,3234,-220396592,220396595,2,4,16,3259
52,220393349,220393350,220393358,220393362,220393368,220393379,220393374,220396727,0,220396732,220396734,220396740,1,8,4,10,11,6,3353,-220396727,220396732,2,6,25,3391
53,220393427,220393428,220393430,220393434,220393440,220393451,220393442,220396921,0,220396923,220396926,220396937,1,2,4,10,11,2,3479,-220396921,220396923,3,11,15,3510
54,220393454,220393455,220393457,220393460,220393467,220393476,220393466,220396930,0,220396932,220396934,220396945,1,2,3,10,9,-1,3464,-220396930,220396932,2,11,12,3491
55,220393479,220393480,220393482,220393485,220393491,220393492,220393489,220397041,0,220397048,220397050,220397062,1,2,3,9,1,-2,3552,-220397041,220397048,2,12,10,3583
56,220486859,220486860,220486862,220486869,220486876,220486885,220486877,220490183,0,220490186,220490188,220490193,1,2,7,14,9,1,3306,-220490183,220490186,2,5,18,3334
57,220486865,220486866,220486878,220486881,220486887,220486900,220486895,220490323,0,220490325,220490327,220490331,1,12,3,9,13,8,3428,-220490323,220490325,2,4,30,3466
58,220486888,220486889,220486891,220486895,220486901,220486932,220486912,220490446,0,220490449,220490451,220490456,1,2,4,10,31,11,3534,-220490446,220490449,2,5,24,3568
59,220486903,220486904,220486906,220486910,220486916,220486925,220486915,220490528,0,220490533,220490534,220490541,1,2,4,10,9,-1,3613,-220490528,220490533,1,7,12,3638
60,222305600,222305600,222305602,222305612,222305624,222305626,222305621,222308834,0,222308837,222308840,222308845,0,2,10,22,2,-3,3213,-222308834,222308837,3,5,21,3245
61,222305606,222305606,222305628,222305631,222305638,222305654,222305644,222309074,0,222309078,222309080,222309085,0,22,3,10,16,6,3430,-222309074,222309078,2,5,38,3479
62,222305660,222305663,222305676,222305679,222305685,222305700,222305694,222309331,0,222309337,222309339,222309350,3,13,3,9,15,9,3637,-222309331,222309337,2,11,34,3690
63,222305660,222305661,222305663,222305667,222305674,222305683,222305672,222309191,0,222309197,222309199,222309205,1,2,4,11,9,-2,3519,-222309191,222309197,2,6,12,3545
64,222393757,222393758,222393760,222393765,222393773,222393783,222393773,222397195,0,222397197,222397200,222397204,1,2,5,13,10,0,3422,-222397195,222397197,3,4,16,3447
65,222393788,222393790,222393802,222393806,222393812,222393837,222393819,222397350,0,222397355,222397357,222397369,2,12,4,10,25,7,3531,-222397350,222397355,2,12,31,3581
66,222393788,222393789,222393791,222393794,222393801,222393809,222393802,222397344,0,222397346,222397348,222397354,1,2,3,10,8,1,3542,-222397344,222397346,2,6,14,3566
67,222393813,222393814,222393814,222393817,222393823,222393834,222393822,222397472,0,222397478,222397480,222397487,1,0,3,9,11,-1,3650,-222397472,222397478,2,7,9,3674
68,222393843,222393845,222393847,222393850,222393855,222393863,222393855,222397477,0,222397487,222397489,222397495,2,2,3,8,8,0,3622,-222397477,222397487,2,6,12,3652
69,222487149,222487150,222487152,222487159,222487166,222487175,222487167,222490547,0,222490550,222490552,222490557,1,2,7,14,9,1,3380,-222490547,222490550,2,5,18,3408
70,222487183,222487184,222487186,222487190,222487197,222487204,222487195,222490777,0,222490781,222490783,222490788,1,2,4,11,7,-2,3582,-222490777,222490781,2,5,12,3605
71,222487187,222487188,222487198,222487201,222487207,222487236,222487212,222490965,0,222490967,222490969,222490977,1,10,3,9,29,5,3753,-222490965,222490967,2,8,25,3790
72,222487197,222487197,222487208,222487211,222487217,222487225,222487216,222491081,0,222491083,222491085,222491093,0,11,3,9,8,-1,3865,-222491081,222491083,2,8,19,3896
73,223906976,223906977,223906980,223906989,223907001,223907003,223906999,223910366,0,223910369,223910372,223910377,1,3,9,21,2,-2,3367,-223910366,223910369,3,5,23,3401
74,223959712,223959713,223959715,223959719,223959726,223959727,223959726,223963022,0,223963027,223963030,223963034,1,2,4,11,1,0,3296,-223963022,223963027,3,4,14,3322
75,223965417,223965418,223965420,223965423,223965429,223965437,223965429,223968785,0,223968788,223968790,223968795,1,2,3,9,8,0,3356,-223968785,223968788,2,5,12,3378
76,224306001,224306002,224306004,224306010,224306019,224306032,224306023,224309140,0,224309143,224309146,224309150,1,2,6,15,13,4,3117,-224309140,224309143,3,4,22,3149
77,224306005,224306006,224306021,224306024,224306031,224306075,224306045,224309347,0,224309349,224309351,224309356,1,15,3,10,44,14,3302,-224309347,224309349,2,5,40,3351
78,224306011,224306011,224306032,224306035,224306041,224306070,224306049,224309437,0,224309443,224309445,224309452,0,21,3,9,29,8,3388,-224309437,224309443,2,7,38,3441
79,224306035,224306036,224306042,224306045,224306052,224306067,224306052,224309527,0,224309533,224309535,224309541,1,6,3,10,15,0,3475,-224309527,224309533,2,6,17,3506
80,224394097,224394098,224394100,224394104,224394112,224394122,224394112,224397494,0,224397497,224397500,224397505,1,2,4,12,10,0,3382,-224397494,224397497,3,5,15,3408
81,224394128,224394129,224394131,224394136,224394142,224394154,224394145,224397621,0,224397623,224397626,224397630,1,2,5,11,12,3,3476,-224397621,224397623,3,4,17,3502
82,224394132,224394137,224394144,224394147,224394152,224394182,224394166,224397767,0,224397769,224397771,224397775,5,7,3,8,30,14,3601,-224397767,224397769,2,4,34,3643
83,224394159,224394161,224394172,224394174,224394180,224394206,224394198,224398040,0,224398046,224398049,224398056,2,11,2,8,26,18,3842,-224398040,224398046,3,7,39,3897
84,224394159,224394160,224394162,224394165,224394171,224394179,224394170,224397847,0,224397849,224397851,224397856,1,2,3,9,8,-1,3677,-224397847,224397849,2,5,11,3697
85,224487408,224487410,224487412,224487418,224487424,224487434,224487424,224490796,0,224490799,224490802,224490807,2,2,6,12,10,0,3372,-224490796,224490799,3,5,16,3399
86,224487438,224487439,224487441,224487445,224487452,224487452,224487452,224490935,0,224490940,224490942,224490948,1,2,4,11,0,0,3483,-224490935,224490940,2,6,14,3510
87,224487456,224487457,224487458,224487462,224487468,224487490,224487474,224491050,0,224491055,224491058,224491064,1,1,4,10,22,6,3576,-224491050,224491055,3,6,18,3608
88,224487466,224487467,224487469,224487472,224487478,224487486,224487476,224491161,0,224491163,224491165,224491179,1,2,3,9,8,-2,3685,-224491161,224491163,2,14,10,3713
89,225270744,225270745,225270747,225270754,225270763,225270772,225270762,225274156,0,225274159,225274162,225274166,1,2,7,16,9,-1,3394,-225274156,225274159,3,4,18,3422
90,225458423,225458424,225458425,225458431,225458437,225458446,225458438,225461250,0,225461253,225461255,225461259,1,1,6,12,9,1,2812,-225461250,225461253,2,4,15,2836
91,226394526,226394529,226394548,226394552,226394559,226394584,226394568,226398137,0,226398139,226398141,226398145,3,19,4,11,25,9,3569,-226398137,226398139,2,4,42,3619
92,226394527,226394528,226394530,226394536,226394546,226394560,226394545,226398010,0,226398013,226398017,226398021,1,2,6,16,14,-1,3465,-226398010,226398013,4,4,18,3494
93,226394537,226394538,226394561,226394564,226394570,226394580,226394571,226398218,0,226398221,226398223,226398228,1,23,3,9,10,1,3647,-226398218,226398221,2,5,34,3691
94,226394563,226394564,226394571,226394574,226394580,226394603,226394594,226398284,0,226398286,226398289,226398293,1,7,3,9,23,14,3690,-226398284,226398286,3,4,31,3730
95,228699137,228699138,228699140,228699149,228699161,228699162,228699159,228702427,0,228702430,228702433,228702438,1,2,9,21,1,-2,3268,-228702427,228702430,3,5,22,3301
96,229793733,229793734,229793736,229793745,229793753,229793768,229793760,229797058,0,229797061,229797064,229797068,1,2,9,17,15,7,3298,-229797058,229797061,3,4,27,3335
97,230719003,230719004,230719006,230719013,230719019,230719029,230719021,230722291,0,230722294,230722297,230722301,1,2,7,13,10,2,3270,-230722291,230722294,3,4,18,3298
98,230997513,230997514,230997516,230997521,230997525,230997536,230997528,231001898,0,231001901,231001903,231001908,1,2,5,9,11,3,4370,-231001898,231001901,2,5,15,4395
99,231119053,231119054,231119056,231119061,231119068,231119077,231119069,231122663,0,231122665,231122668,231122672,1,2,5,12,9,1,3594,-231122663,231122665,3,4,16,3619
100,231287515,231287516,231287518,231287524,231287531,231287541,231287531,231290829,0,231290831,231290835,231290839,1,2,6,13,10,0,3298,-231290829,231290831,4,4,16,3324
101,231533669,231533669,231533671,231533676,231533683,231533684,231533683,231536902,0,231536905,231536907,231536912,0,2,5,12,1,0,3219,-231536902,231536905,2,5,14,3243
102,231887240,231887241,231887243,231887249,231887255,231887264,231887256,231890519,0,231890521,231890524,231890528,1,2,6,12,9,1,3263,-231890519,231890521,3,4,16,3288
103,231931440,231931441,231931443,231931446,231931451,231931462,231931454,231934667,0,231934669,231934672,231934676,1,2,3,8,11,3,3213,-231934667,231934669,3,4,14,3236
104,232164342,232164343,232164345,232164349,232164355,232164363,232164355,232167588,0,232167591,232167593,232167597,1,2,4,10,8,0,3233,-232167588,232167591,2,4,13,3255
105,232612315,232612316,232612318,232612323,232612330,232612339,232612331,232615764,0,232615767,232615771,232615776,1,2,5,12,9,1,3433,-232615764,232615767,4,5,16,3461
106,232665515,232665515,232665517,232665521,232665527,232665528,232665527,232668653,0,232668655,232668657,232668662,0,2,4,10,1,0,3126,-232668653,232668655,2,5,12,3147
107,233295864,233295865,233295867,233295871,233295878,233295886,233295878,233299211,0,233299213,233299216,233299220,1,2,4,11,8,0,3333,-233299211,233299213,3,4,14,3356
108,233838596,233838597,233838599,233838604,233838611,233838621,233838611,233842009,0,233842012,233842016,233842021,1,2,5,12,10,0,3398,-233842009,233842012,4,5,15,3425
109,234655956,234655957,234655959,234655965,234655972,234655980,234655972,234659223,0,234659226,234659228,234659233,1,2,6,13,8,0,3251,-234659223,234659226,2,5,16,3277
110,235074210,235074211,235074213,235074217,235074222,235074231,235074223,235077673,0,235077676,235077678,235077683,1,2,4,9,9,1,3450,-235077673,235077676,2,5,13,3473
111,235589040,235589041,235589043,235589048,235589055,235589066,235589057,235592443,0,235592446,235592448,235592453,1,2,5,12,11,2,3386,-235592443,235592446,2,5,17,3413
112,236164302,236164303,236164305,236164309,236164315,236164315,236164314,236167698,0,236167701,236167703,236167708,1,2,4,10,0,-1,3384,-236167698,236167701,2,5,12,3406
113,236636967,236636968,236636970,236636975,236636981,236636990,236636982,236640218,0,236640220,236640224,236640228,1,2,5,11,9,1,3236,-236640218,236640220,4,4,15,3261
114,236659812,236659813,236659815,236659820,236659827,236659834,236659827,236662975,0,236662978,236662980,236662984,1,2,5,12,7,0,3148,-236662975,236662978,2,4,15,3172
115,237050931,237050932,237050934,237050938,237050945,237050954,237050946,237054319,0,237054322,237054325,237054329,1,2,4,11,9,1,3373,-237054319,237054322,3,4,15,3398
116,237055393,237055394,237055396,237055401,237055408,237055416,237055407,237058635,0,237058637,237058640,237058644,1,2,5,12,8,-1,3228,-237058635,237058637,3,4,14,3251
117,237161873,237161874,237161876,237161881,237161888,237161898,237161890,237165362,0,237165365,237165367,237165371,1,2,5,12,10,2,3472,-237165362,237165365,2,4,17,3498
118,237166199,237166199,237166201,237166205,237166211,237166218,237166211,237169330,0,237169332,237169335,237169339,0,2,4,10,7,0,3119,-237169330,237169332,3,4,12,3140
119,237495767,237495768,237495770,237495775,237495782,237495791,237495783,237498988,0,237498991,237498994,237498998,1,2,5,12,9,1,3205,-237498988,237498991,3,4,16,3231
120,237851495,237851496,237851498,237851506,237851513,237851522,237851514,237854720,0,237854722,237854725,237854729,1,2,8,15,9,1,3206,-237854720,237854722,3,4,19,3234
121,237960252,237960253,237960256,237960261,237960267,237960276,237960268,237962718,0,237962720,237962723,237962728,1,3,5,11,9,1,2450,-237962718,237962720,3,5,16,2476
122,238194254,238194255,238194257,238194262,238194269,238194270,238194269,238197601,0,238197603,238197606,238197610,1,2,5,12,1,0,3332,-238197601,238197603,3,4,15,3356
123,238235426,238235427,238235429,238235433,238235439,238235440,238235439,238238555,0,238238558,238238560,238238564,1,2,4,10,1,0,3116,-238238555,238238558,2,4,13,3138
124,238674909,238674910,238674912,238674919,238674926,238674927,238674926,238678315,0,238678318,238678321,238678325,1,2,7,14,1,0,3389,-238678315,238678318,3,4,17,3416
125,238679012,238679013,238679014,238679018,238679024,238679033,238679025,238682413,0,238682415,238682417,238682422,1,1,4,10,9,1,3388,-238682413,238682415,2,5,13,3410
126,238682851,238682852,238682854,238682857,238682862,238682871,238682863,238686297,0,238686299,238686301,238686306,1,2,3,8,9,1,3434,-238686297,238686299,2,5,12,3455
127,238687021,238687022,238687024,238687028,238687033,238687041,238687034,238690286,0,238690288,238690292,238690296,1,2,4,9,8,1,3252,-238690286,238690288,4,4,13,3275
128,238771912,238771912,238771914,238771919,238771925,238771933,238771926,238775280,0,238775283,238775285,238775290,0,2,5,11,8,1,3354,-238775280,238775283,2,5,14,3378
129,238788027,238788028,238788030,238788033,238788039,238788047,238788040,238791313,0,238791315,238791319,238791323,1,2,3,9,8,1,3273,-238791313,238791315,4,4,13,3296
130,238857306,238857306,238857308,238857313,238857318,238857327,238857320,238860486,0,238860489,238860491,238860495,0,2,5,10,9,2,3166,-238860486,238860489,2,4,14,3189
131,238861428,238861428,238861430,238861433,238861438,238861447,238861440,238864690,0,238864693,238864695,238864700,0,2,3,8,9,2,3250,-238864690,238864693,2,5,12,3272
132,238979136,238979137,238979139,238979142,238979148,238979156,238979149,238982648,0,238982652,238982655,238982659,1,2,3,9,8,1,3499,-238982648,238982652,3,4,13,3523
133,239158971,239158972,239158974,239158977,239158983,239158992,239158985,239162378,0,239162382,239162384,239162391,1,2,3,9,9,2,3393,-239162378,239162382,2,7,14,3420
134,239433029,239433030,239433032,239433037,239433043,239433052,239433044,239436475,0,239436479,239436481,239436485,1,2,5,11,9,1,3431,-239436475,239436479,2,4,15,3456
135,240163825,240163827,240163829,240163833,240163841,240163849,240163840,240167013,0,240167016,240167018,240167023,2,2,4,12,8,-1,3173,-240167013,240167016,2,5,15,3198
136,240163931,240163932,240163934,240163937,240163943,240163953,240163942,240167612,0,240167615,240167617,240167622,1,2,3,9,10,-1,3670,-240167612,240167615,2,5,11,3691
137,240201414,240201415,240201417,240201421,240201427,240201435,240201428,240204719,0,240204721,240204724,240204728,1,2,4,10,8,1,3291,-240204719,240204721,3,4,14,3314
138,240205537,240205538,240205540,240205543,240205548,240205557,240205550,240208801,0,240208804,240208806,240208810,1,2,3,8,9,2,3251,-240208801,240208804,2,4,13,3273
139,240209522,240209523,240209525,240209528,240209534,240209541,240209534,240212909,0,240212911,240212914,240212918,1,2,3,9,7,0,3375,-240212909,240212911,3,4,12,3396
140,240339377,240339378,240339380,240339392,240339402,240339404,240339399,240342637,0,240342640,240342644,240342648,1,2,12,22,2,-3,3238,-240342637,240342640,4,4,22,3271
141,240339851,240339852,240339854,240339860,240339867,240339870,240339866,240342815,0,240342818,240342820,240342824,1,2,6,13,3,-1,2949,-240342815,240342818,2,4,15,2973
142,241025949,241025950,241025952,241025958,241025966,241025967,241025966,241029287,0,241029290,241029293,241029297,1,2,6,14,1,0,3321,-241029287,241029290,3,4,17,3348
143,241309386,241309387,241309391,241309395,241309402,241309411,241309402,241312741,0,241312743,241312746,241312750,1,4,4,11,9,0,3339,-241312741,241312743,3,4,16,3364
144,241313285,241313285,241313287,241313291,241313297,241313305,241313297,241316459,0,241316462,241316465,241316470,0,2,4,10,8,0,3162,-241316459,241316462,3,5,12,3185
145,243055887,243055888,243055890,243055896,243055903,243055904,243055903,243059205,0,243059208,243059210,243059214,1,2,6,13,1,0,3302,-243059205,243059208,2,4,16,3327
146,243071132,243071133,243071135,243071139,243071145,243071153,243071146,243074401,0,243074404,243074407,243074412,1,2,4,10,8,1,3255,-243074401,243074404,3,5,14,3280
147,243210901,243210904,243210904,243210910,243210917,243210927,243210917,243214338,0,243214341,243214344,243214348,3,0,6,13,10,0,3421,-243214338,243214341,3,4,16,3447
148,244141458,244141459,244141461,244141468,244141474,244141484,244141476,244144385,0,244144387,244144392,244144397,1,2,7,13,10,2,2909,-244144385,244144387,5,5,18,2939
149,244238147,244238148,244238150,244238154,244238159,244238170,244238161,244241442,0,244241445,244241447,244241452,1,2,4,9,11,2,3281,-244241442,244241445,2,5,14,3305
150,244492756,244492757,244492759,244492768,244492776,244492785,244492775,244496135,0,244496138,244496142,244496146,1,2,9,17,9,-1,3360,-244496135,244496138,4,4,19,3390
151,245131580,245131581,245131583,245131588,245131593,245131603,245131594,245134977,0,245134979,245134982,245134987,1,2,5,10,10,1,3383,-245134977,245134979,3,5,14,3407
152,245337811,245337812,245337814,245337820,245337827,245337836,245337827,245341141,0,245341143,245341146,245341150,1,2,6,13,9,0,3314,-245341141,245341143,3,4,16,3339
153,245342345,245342346,245342348,245342352,245342357,245342365,245342358,245345607,0,245345610,245345612,245345616,1,2,4,9,8,1,3249,-245345607,245345610,2,4,13,3271
154,245649657,245649658,245649660,245649664,245649671,245649678,245649671,245653016,0,245653019,245653021,245653026,1,2,4,11,7,0,3345,-245653016,245653019,2,5,14,3369
155,245906020,245906021,245906023,245906028,245906034,245906043,245906035,245909420,0,245909423,245909425,245909430,1,2,5,11,9,1,3385,-245909420,245909423,2,5,15,3410
156,245947262,245947263,245947265,245947268,245947274,245947281,245947274,245950517,0,245950519,245950523,245950528,1,2,3,9,7,0,3243,-245950517,245950519,4,5,12,3266
157,248188453,248188455,248188457,248188464,248188473,248188484,248188472,248191785,0,248191787,248191790,248191794,2,2,7,16,11,-1,3313,-248191785,248191787,3,4,19,3341
158,249223521,249223521,249223523,249223529,249223536,249223546,249223537,249226938,0,249226940,249226943,249226951,0,2,6,13,10,1,3401,-249226938,249226940,3,8,16,3430
159,249466426,249466427,249466429,249466434,249466441,249466451,249466442,249469658,0,249469660,249469663,249469668,1,2,5,12,10,1,3216,-249469658,249469660,3,5,16,3242
160,250710130,250710131,250710133,250710139,250710147,250710157,250710146,250713476,0,250713478,250713481,250713485,1,2,6,14,10,-1,3330,-250713476,250713478,3,4,16,3355
161,251531372,251531373,251531375,251531381,251531386,251531400,251531391,251534070,0,251534073,251534076,251534081,1,2,6,11,14,5,2679,-251534070,251534073,3,5,19,2709
162,251665997,251665998,251666000,251666003,251666007,251666017,251666010,251668859,0,251668861,251668864,251668868,1,2,3,7,10,3,2849,-251668859,251668861,3,4,13,2871
163,251667002,251667003,251667005,251667009,251667014,251667015,251667014,251670153,0,251670156,251670159,251670163,1,2,4,9,1,0,3139,-251670153,251670156,3,4,12,3161
164,251918304,251918305,251918307,251918313,251918319,251918320,251918320,251921641,0,251921643,251921646,251921650,1,2,6,12,1,1,3321,-251921641,251921643,3,4,16,3346
165,251941209,251941209,251941211,251941217,251941222,251941232,251941224,251944051,0,251944053,251944055,251944060,0,2,6,11,10,2,2827,-251944051,251944053,2,5,15,2851
166,251947411,251947412,251947414,251947417,251947421,251947431,251947423,251950550,0,251950552,251950554,251950559,1,2,3,7,10,2,3127,-251950550,251950552,2,5,12,3148
167,252076614,252076615,252076617,252076623,252076628,252076639,252076630,252079425,0,252079427,252079430,252079435,1,2,6,11,11,2,2795,-252079425,252079427,3,5,16,2821
168,252080795,252080796,252080798,252080801,252080805,252080813,252080806,252083634,0,252083637,252083640,252083645,1,2,3,7,8,1,2828,-252083634,252083637,3,5,11,2850
169,252103118,252103119,252103121,252103124,252103129,252103139,252103131,252105603,0,252105606,252105608,252105613,1,2,3,8,10,2,2472,-252105603,252105606,2,5,13,2495
170,252200008,252200009,252200012,252200020,252200027,252200038,252200028,252203358,0,252203361,252203363,252203367,1,3,8,15,11,1,3330,-252203358,252203361,2,4,20,3359
171,253313597,253313598,253313600,253313609,253313617,253313619,253313617,253316044,0,253316046,253316049,253316053,1,2,9,17,2,0,2427,-253316044,253316046,3,4,20,2456
172,253724384,253724386,253724388,253724395,253724404,253724413,253724403,253727581,0,253727583,253727586,253727590,2,2,7,16,9,-1,3178,-253727581,253727583,3,4,19,3206
173,256731822,256731822,256731825,256731832,256731841,256731843,256731842,256734831,0,256734834,256734838,256734842,0,3,7,16,2,1,2989,-256734831,256734834,4,4,20,3020
174,257452740,257452744,257452746,257452753,257452760,257452762,257452760,257455804,0,257455807,257455810,257455813,4,2,7,14,2,0,3044,-257455804,257455807,3,3,20,3073
175,257452747,257452748,257452763,257452765,257452769,257452793,257452788,257455849,0,257455851,257455853,257455858,1,15,2,6,24,19,3061,-257455849,257455851,2,5,41,3111
176,257946939,257946940,257946942,257946948,257946957,257946965,257946955,257950609,0,257950612,257950614,257950619,1,2,6,15,8,-2,3654,-257950609,257950612,2,5,16,3680
177,257971430,257971431,257971433,257971437,257971443,257971452,257971444,257974702,0,257974705,257974707,257974711,1,2,4,10,9,1,3258,-257974702,257974705,2,4,14,3281
178,257983015,257983016,257983018,257983021,257983027,257983036,257983027,257986091,0,257986094,257986097,257986102,1,2,3,9,9,0,3064,-257986091,257986094,3,5,12,3087
179,258905692,258905693,258905695,258905702,258905709,258905719,258905710,258908979,0,258908982,258908985,258908989,1,2,7,14,10,1,3269,-258908979,258908982,3,4,18,3297
180,259555085,259555086,259555088,259555092,259555098,259555113,259555104,259558116,0,259558119,259558121,259558126,1,2,4,10,15,6,3012,-259558116,259558119,2,5,19,3041
181,260318337,260318340,260318364,260318370,260318377,260318402,260318392,260321739,0,260321746,260321748,260321754,3,24,6,13,25,15,3347,-260321739,260321746,2,6,55,3417
182,260318338,260318339,260318340,260318351,260318361,260318363,260318358,260321644,0,260321647,260321651,260321655,1,1,11,21,2,-3,3286,-260321644,260321647,4,4,20,3317
183,260337111,260337112,260337114,260337120,260337128,260337139,260337127,260340595,0,260340597,260340600,260340605,1,2,6,14,11,-1,3468,-260340595,260340597,3,5,16,3494
184,260337186,260337187,260337189,260337193,260337199,260337211,260337198,260340854,0,260340856,260340858,260340866,1,2,4,10,12,-1,3656,-260340854,260340856,2,8,12,3680
185,260337199,260337200,260337202,260337205,260337211,260337236,260337223,260340862,0,260340872,260340874,260340884,1,2,3,9,25,12,3639,-260340862,260340872,2,10,24,3685
186,260337214,260337215,260337216,260337222,260337229,260337231,260337226,260341043,0,260341047,260341049,260341057,1,1,6,13,2,-3,3817,-260341043,260341047,2,8,12,3843
187,260337248,260337249,260337251,260337256,260337262,260337273,260337262,260341048,0,260341056,260341059,260341064,1,2,5,11,11,0,3786,-260341048,260341056,3,5,14,3816
188,260358457,260358458,260358460,260358466,260358473,260358485,260358473,260361746,0,260361748,260361751,260361757,1,2,6,13,12,0,3273,-260361746,260361748,3,6,16,3300
189,260358489,260358493,260358515,260358518,260358524,260358533,260358524,260362040,0,260362046,260362048,260362053,4,22,3,9,9,0,3516,-260362040,260362046,2,5,35,3564
190,260358490,260358493,260358505,260358508,260358514,260358536,260358521,260361963,0,260361969,260361970,260361977,3,12,3,9,22,7,3442,-260361963,260361969,1,7,31,3487
191,260358490,260358491,260358493,260358497,260358504,260358512,260358503,260361890,0,260361894,260361897,260361902,1,2,4,11,8,-1,3387,-260361890,260361894,3,5,13,3412
192,260358545,260358546,260358548,260358552,260358558,260358567,260358558,260362284,0,260362291,260362293,260362302,1,2,4,10,9,0,3726,-260362284,260362291,2,9,13,3757
193,260489203,260489204,260489206,260489211,260489218,260489226,260489218,260491878,0,260491880,260491883,260491887,1,2,5,12,8,0,2660,-260491878,260491880,3,4,15,2684
194,260506148,260506149,260506151,260506156,260506163,260506172,260506163,260509446,0,260509449,260509452,260509456,1,2,5,12,9,0,3283,-260509446,260509449,3,4,15,3308
195,260506152,260506152,260506164,260506168,260506174,260506185,260506179,260509648,0,260509652,260509654,260509661,0,12,4,10,11,5,3469,-260509648,260509652,2,7,27,3509
196,260693095,260693096,260693098,260693103,260693110,260693119,260693109,260696295,0,260696297,260696300,260696305,1,2,5,12,9,-1,3186,-260696295,260696297,3,5,14,3210
197,260753399,260753400,260753402,260753407,260753414,260753423,260753413,260756742,0,260756745,260756748,260756752,1,2,5,12,9,-1,3329,-260756742,260756745,3,4,14,3353
198,260753426,260753427,260753429,260753432,260753439,260753448,260753441,260756807,0,260756809,260756812,260756816,1,2,3,10,9,2,3366,-260756807,260756809,3,4,15,3390
199,260753431,260753432,260753440,260753443,260753449,260753464,260753457,260756863,0,260756865,260756868,260756872,1,8,3,9,15,8,3406,-260756863,260756865,3,4,26,3441
200,260753509,260753510,260753512,260753515,260753521,260753530,260753523,260756937,0,260756939,260756941,260756945,1,2,3,9,9,2,3414,-260756937,260756939,2,4,14,3436
201,260753712,260753713,260753715,260753718,260753724,260753725,260753724,260756940,0,260756941,260756943,260756947,1,2,3,9,1,0,3216,-260756940,260756941,2,4,12,3235
202,261125185,261125186,261125188,261125193,261125201,261125210,261125202,261128333,0,261128335,261128338,261128343,1,2,5,13,9,1,3131,-261128333,261128335,3,5,17,3158
203,261656222,261656223,261656225,261656231,261656237,261656247,261656239,261659515,0,261659518,261659521,261659525,1,2,6,12,10,2,3276,-261659515,261659518,3,4,17,3303
204,263953190,263953191,263953193,263953199,263953205,263953217,263953209,263956258,0,263956261,263956264,263956268,1,2,6,12,12,4,3049,-263956258,263956261,3,4,19,3078
205,263956677,263956678,263956680,263956683,263956688,263956698,263956691,263958911,0,263958914,263958916,263958920,1,2,3,8,10,3,2220,-263958911,263958914,2,4,14,2243
206,264701405,264701406,264701408,264701414,264701419,264701430,264701422,264703775,0,264703778,264703780,264703784,1,2,6,11,11,3,2353,-264703775,264703778,2,4,17,2379
207,264794755,264794756,264794758,264794761,264794766,264794775,264794768,264798013,0,264798018,264798020,264798025,1,2,3,8,9,2,3245,-264798013,264798018,2,5,13,3270
208,265318702,265318704,265318706,265318715,265318725,265318737,265318723,265321896,0,265321899,265321902,265321910,2,2,9,19,12,-2,3173,-265321896,265321899,3,8,21,3208
209,265318707,265318708,265318727,265318733,265318739,265318752,265318744,265322034,0,265322036,265322039,265322042,1,19,6,12,13,5,3290,-265322034,265322036,3,3,37,3335
210,265318758,265318759,265318761,265318765,265318772,265318784,265318774,265322180,0,265322182,265322185,265322189,1,2,4,11,12,2,3406,-265322180,265322182,3,4,16,3431
211,265318766,265318770,265318776,265318782,265318789,265318804,265318795,265322317,0,265322318,265322321,265322326,4,6,6,13,15,6,3522,-265322317,265322318,3,5,29,3560
212,265318787,265318788,265318792,265318797,265318804,265318822,265318811,265322422,0,265322427,265322429,265322436,1,4,5,12,18,7,3611,-265322422,265322427,2,7,24,3649
213,265337551,265337552,265337554,265337560,265337568,265337577,265337567,265340770,0,265340772,265340775,265340780,1,2,6,14,9,-1,3203,-265340770,265340772,3,5,16,3229
214,265337582,265337583,265337585,265337589,265337595,265337605,265337595,265341030,0,265341032,265341035,265341039,1,2,4,10,10,0,3435,-265341030,265341032,3,4,13,3457
215,265337597,265337597,265337599,265337603,265337609,265337621,265337613,265341164,0,265341166,265341168,265341172,0,2,4,10,12,4,3551,-265341164,265341166,2,4,16,3575
216,265337629,265337629,265337631,265337635,265337641,265337648,265337641,265341246,0,265341251,265341254,265341260,0,2,4,10,7,0,3605,-265341246,265341251,3,6,12,3631
217,265337636,265337637,265337642,265337645,265337650,265337665,265337657,265341397,0,265341401,265341403,265341410,1,5,3,8,15,7,3740,-265341397,265341401,2,7,21,3774
218,265342270,265342272,265342274,265342280,265342287,265342298,265342290,265344598,0,265344600,265344603,265344607,2,2,6,13,11,3,2308,-265344598,265344600,3,4,20,2337
219,265358857,265358857,265358859,265358866,265358874,265358883,265358872,265362266,0,265362268,265362271,265362275,0,2,7,15,9,-2,3394,-265362266,265362268,3,4,15,3418
220,265358863,265358864,265358875,265358879,265358885,265358900,265358891,265362422,0,265362424,265362427,265362433,1,11,4,10,15,6,3531,-265362422,265362424,3,6,28,3570
221,265358905,265358907,265358908,265358912,265358919,265358931,265358918,265362428,0,265362435,265362437,265362448,2,1,4,11,12,-1,3510,-265362428,265362435,2,11,13,3543
222,265358913,265358914,265358920,265358923,265358929,265358960,265358943,265362551,0,265362557,265362559,265362564,1,6,3,9,31,14,3608,-265362551,265362557,2,5,30,3651
223,265358935,265358937,265358939,265358943,265358949,265358955,265358946,265362555,0,265362567,265362569,265362584,2,2,4,10,6,-3,3609,-265362555,265362567,2,15,11,3649
224,265506468,265506469,265506471,265506477,265506485,265506486,265506484,265509717,0,265509720,265509724,265509728,1,2,6,14,1,-1,3233,-265509717,265509720,4,4,16,3260
225,265506500,265506501,265506503,265506507,265506513,265506523,265506512,265509990,0,265509994,265509996,265510003,1,2,4,10,10,-1,3478,-265509990,265509994,2,7,12,3503
226,265753929,265753932,265753948,265753951,265753957,265753972,265753963,265757623,0,265757631,265757633,265757640,3,16,3,9,15,6,3660,-265757623,265757631,2,7,34,3711
227,265753930,265753930,265753933,265753938,265753946,265753947,265753946,265757539,0,265757541,265757545,265757549,0,3,5,13,1,0,3593,-265757539,265757541,4,4,16,3619
228,265753978,265753979,265753981,265753984,265753991,265754002,265753993,265757706,0,265757712,265757714,265757719,1,2,3,10,11,2,3713,-265757706,265757712,2,5,15,3741
229,265753985,265753986,265753992,265753995,265754000,265754031,265754014,265757893,0,265757895,265757898,265757906,1,6,3,8,31,14,3879,-265757893,265757895,3,8,29,3921
230,265754005,265754006,265754008,265754011,265754017,265754027,265754018,265757899,0,265757905,265757907,265757914,1,2,3,9,10,1,3881,-265757899,265757905,2,7,13,3909
231,265794289,265794290,265794292,265794298,265794306,265794315,265794305,265797432,0,265797435,265797438,265797443,1,2,6,14,9,-1,3127,-265797432,265797435,3,5,16,3154
232,266580285,266580285,266580287,266580292,266580299,266580307,266580299,266583522,0,266583525,266583529,266583534,0,2,5,12,8,0,3223,-266583522,266583525,4,5,14,3249
233,266988404,266988404,266988407,266988411,266988417,266988424,266988416,266991457,0,266991460,266991462,266991467,0,3,4,10,7,-1,3041,-266991457,266991460,2,5,12,3063
234,267063965,267063966,267063968,267063974,267063982,267063991,267063981,267067281,0,267067284,267067286,267067291,1,2,6,14,9,-1,3300,-267067281,267067284,2,5,16,3326
235,267174902,267174903,267174905,267174909,267174916,267174926,267174918,267178225,0,267178228,267178231,267178236,1,2,4,11,10,2,3307,-267178225,267178228,3,5,16,3334
236,267276759,267276760,267276762,267276766,267276773,267276781,267276773,267280007,0,267280010,267280012,267280017,1,2,4,11,8,0,3234,-267280007,267280010,2,5,14,3258
237,267359904,267359905,267359907,267359911,267359918,267359919,267359918,267363318,0,267363320,267363323,267363328,1,2,4,11,1,0,3400,-267363318,267363320,3,5,14,3424
238,267365129,267365130,267365132,267365136,267365141,267365153,267365145,267368261,0,267368263,267368266,267368270,1,2,4,9,12,4,3116,-267368261,267368263,3,4,16,3141
239,267369123,267369124,267369126,267369129,267369134,267369143,267369136,267372303,0,267372305,267372308,267372313,1,2,3,8,9,2,3167,-267372303,267372305,3,5,13,3190
240,267538561,267538562,267538564,267538568,267538575,267538576,267538575,267541840,0,267541842,267541844,267541849,1,2,4,11,1,0,3265,-267541840,267541842,2,5,14,3288
241,267869092,267869093,267869095,267869099,267869106,267869114,267869106,267872436,0,267872439,267872441,267872445,1,2,4,11,8,0,3330,-267872436,267872439,2,4,14,3353
242,268434384,268434385,268434387,268434396,268434402,268434412,268434404,268437776,0,268437779,268437782,268437786,1,2,9,15,10,2,3372,-268437776,268437779,3,4,20,3402
243,268462614,268462615,268462617,268462620,268462624,268462634,268462627,268465016,0,268465019,268465021,268465026,1,2,3,7,10,3,2389,-268465016,268465019,2,5,13,2412
244,269120668,269120669,269120671,269120676,269120682,269120691,269120683,269123906,0,269123909,269123913,269123917,1,2,5,11,9,1,3223,-269123906,269123909,4,4,15,3249
245,269592710,269592711,269592713,269592719,269592725,269592735,269592727,269595765,0,269595768,269595771,269595775,1,2,6,12,10,2,3038,-269595765,269595768,3,4,17,3065
246,270044193,270044194,270044196,270044200,270044205,270044216,270044207,270047093,0,270047096,270047099,270047104,1,2,4,9,11,2,2886,-270047093,270047096,3,5,14,2911
247,270223486,270223487,270223489,270223493,270223498,270223508,270223500,270226508,0,270226511,270226513,270226517,1,2,4,9,10,2,3008,-270226508,270226511,2,4,14,3031
248,270312197,270312198,270312199,270312203,270312208,270312218,270312210,270314446,0,270314448,270314451,270314456,1,1,4,9,10,2,2236,-270314446,270314448,3,5,13,2259
249,270316602,270316603,270316605,270316608,270316612,270316623,270316615,270318864,0,270318867,270318870,270318874,1,2,3,7,11,3,2249,-270318864,270318867,3,4,13,2272
250,270319074,270319075,270319077,270319084,270319092,270319102,270319090,270322353,0,270322356,270322359,270322364,1,2,7,15,10,-2,3263,-270322353,270322356,3,5,16,3290
251,270319084,270319085,270319094,270319099,270319105,270319120,270319109,270322446,0,270322455,270322457,270322463,1,9,5,11,15,4,3337,-270322446,270322455,2,6,25,3379
252,270319125,270319129,270319155,270319159,270319165,270319181,270319174,270322749,0,270322755,270322757,270322764,4,26,4,10,16,9,3575,-270322749,270322755,2,7,49,3639
253,270319126,270319129,270319142,270319147,270319153,270319164,270319157,270322651,0,270322656,270322659,270322665,3,13,5,11,11,4,3494,-270322651,270322656,3,6,31,3539
254,270319127,270319128,270319130,270319134,270319140,270319150,270319139,270322570,0,270322572,270322574,270322579,1,2,4,10,10,-1,3431,-270322570,270322572,2,5,12,3452
255,270337949,270337950,270337951,270337958,270337965,270337979,270337965,270341423,0,270341425,270341428,270341433,1,1,7,14,14,0,3458,-270341423,270341425,3,5,16,3484
256,270337982,270337983,270337985,270337989,270337995,270338003,270337996,270341552,0,270341554,270341557,270341561,1,2,4,10,8,1,3556,-270341552,270341554,3,4,14,3579
257,270338015,270338018,270338029,270338032,270338038,270338053,270338046,270341703,0,270341707,270341710,270341716,3,11,3,9,15,8,3657,-270341703,270341707,3,6,31,3701
258,270338016,270338017,270338019,270338022,270338028,270338029,270338028,270341627,0,270341629,270341632,270341637,1,2,3,9,1,0,3599,-270341627,270341629,3,5,12,3621
259,270338058,270338059,270338061,270338064,270338070,270338078,270338071,270341822,0,270341828,270341830,270341838,1,2,3,9,8,1,3751,-270341822,270341828,2,8,13,3780
260,270354280,270354281,270354283,270354287,270354292,270354300,270354292,270357138,0,270357140,270357143,270357147,1,2,4,9,8,0,2846,-270357138,270357140,3,4,12,2867
261,270357597,270357597,270357599,270357603,270357607,270357617,270357609,270360687,0,270360690,270360693,270360697,0,2,4,8,10,2,3078,-270360687,270360690,3,4,12,3100
262,270359263,270359264,270359266,270359271,270359278,270359286,270359277,270362423,0,270362426,270362428,270362432,1,2,5,12,8,-1,3146,-270362423,270362426,2,4,14,3169
263,270359309,270359311,270359323,270359327,270359333,270359372,270359347,270362773,0,270362775,270362778,270362781,2,12,4,10,39,14,3426,-270362773,270362775,3,3,38,3472
264,270359309,270359310,270359312,270359316,270359322,270359323,270359322,270362556,0,270362558,270362561,270362565,1,2,4,10,1,0,3234,-270362556,270362558,3,4,13,3256
265,270359313,270359314,270359334,270359337,270359343,270359369,270359351,270362852,0,270362854,270362857,270362862,1,20,3,9,26,8,3501,-270362852,270362854,3,5,38,3549
266,270359339,270359340,270359344,270359347,270359353,270359366,270359354,270362939,0,270362941,270362944,270362951,1,4,3,9,13,1,3585,-270362939,270362941,3,7,15,3612
267,270363154,270363155,270363157,270363161,270363166,270363175,270363168,270366131,0,270366134,270366136,270366141,1,2,4,9,9,2,2963,-270366131,270366134,2,5,14,2987
268,270506791,270506792,270506794,270506800,270506808,270506819,270506807,270510089,0,270510091,270510094,270510098,1,2,6,14,11,-1,3282,-270510089,270510091,3,4,16,3307
269,270506809,270506810,270506812,270506816,270506823,270506839,270506828,270510243,0,270510245,270510247,270510253,1,2,4,11,16,5,3415,-270510243,270510245,2,6,19,3444
270,270671153,270671154,270671156,270671162,270671167,270671176,270671169,270674435,0,270674438,270674440,270674445,1,2,6,11,9,2,3266,-270674435,270674438,2,5,16,3292
271,270676285,270676285,270676287,270676291,270676295,270676305,270676297,270679700,0,270679702,270679705,270679709,0,2,4,8,10,2,3403,-270679700,270679702,3,4,12,3424
272,270754408,270754409,270754410,270754416,270754423,270754424,270754422,270757812,0,270757814,270757819,270757823,1,1,6,13,1,-1,3390,-270757812,270757814,5,4,14,3415
273,270754411,270754412,270754425,270754428,270754435,270754453,270754440,270757974,0,270757976,270757979,270757983,1,13,3,10,18,5,3534,-270757974,270757976,3,4,29,3572
274,270754473,270754474,270754476,270754479,270754486,270754497,270754485,270758056,0,270758062,270758065,270758071,1,2,3,10,11,-1,3571,-270758056,270758062,3,6,12,3598
275,270754487,270754488,270754490,270754493,270754499,270754515,270754505,270758220,0,270758224,270758226,270758233,1,2,3,9,16,6,3715,-270758220,270758224,2,7,18,3746
276,270754518,270754519,270754521,270754525,270754531,270754540,270754532,270758295,0,270758301,270758303,270758310,1,2,4,10,9,1,3763,-270758295,270758301,2,7,14,3792
277,271104674,271104675,271104677,271104681,271104687,271104696,271104688,271107811,0,271107813,271107815,271107820,1,2,4,10,9,1,3123,-271107811,271107813,2,5,14,3146
278,271644914,271644915,271644917,271644924,271644933,271644942,271644932,271648601,0,271648604,271648607,271648612,1,2,7,16,9,-1,3669,-271648601,271648604,3,5,18,3698
279,273252057,273252058,273252061,273252067,273252076,273252087,273252075,273255398,0,273255403,273255406,273255410,1,3,6,15,11,-1,3323,-273255398,273255403,3,4,18,3353
280,273398928,273398929,273398931,273398936,273398942,273398952,273398944,273401959,0,273401962,273401965,273401970,1,2,5,11,10,2,3015,-273401959,273401962,3,5,16,3042
281,273492939,273492940,273492942,273492945,273492950,273492959,273492952,273495936,0,273495938,273495941,273495945,1,2,3,8,9,2,2984,-273495936,273495938,3,4,13,3006
282,273607384,273607385,273607387,273607394,273607399,273607410,273607402,273610047,0,273610049,273610052,273610057,1,2,7,12,11,3,2645,-273610047,273610049,3,5,18,2673
283,273610500,273610501,273610503,273610506,273610511,273610520,273610513,273612743,0,273612746,273612748,273612753,1,2,3,8,9,2,2230,-273612743,273612746,2,5,13,2253
284,274207505,274207506,274207508,274207512,274207518,274207529,274207521,274209917,0,274209920,274209923,274209927,1,2,4,10,11,3,2396,-274209917,274209920,3,4,16,2422
285,274418828,274418829,274418831,274418834,274418839,274418850,274418841,274422021,0,274422024,274422026,274422031,1,2,3,8,11,2,3180,-274422021,274422024,2,5,13,3203
286,274433123,274433124,274433125,274433128,274433133,274433142,274433134,274436252,0,274436254,274436257,274436261,1,1,3,8,9,1,3118,-274436252,274436254,3,4,11,3138
287,274444518,274444519,274444521,274444524,274444528,274444538,274444532,274447491,0,274447494,274447497,274447500,1,2,3,7,10,4,2959,-274447491,274447494,3,3,14,2982
288,275319600,275319602,275319604,275319613,275319624,275319637,275319623,275323103,0,275323105,275323110,275323115,2,2,9,20,13,-1,3480,-275323103,275323105,5,5,23,3515
289,275319604,275319605,275319626,275319631,275319638,275319656,275319649,275323232,0,275323234,275323236,275323240,1,21,5,12,18,11,3583,-275323232,275323234,2,4,45,3636
290,275319641,275319643,275319645,275319651,275319659,275319700,275319678,275323306,0,275323308,275323310,275323314,2,2,6,14,41,19,3628,-275323306,275323308,2,4,37,3673
291,275319663,275319665,275319666,275319671,275319679,275319695,275319681,275323425,0,275323427,275323430,275323438,2,1,5,13,16,2,3744,-275323425,275323427,3,8,18,3775
292,275319670,275319671,275319680,275319685,275319693,275319716,275319708,275323431,0,275323438,275323440,275323446,1,9,5,13,23,15,3723,-275323431,275323438,2,6,38,3776
293,275338461,275338462,275338465,275338471,275338478,275338489,275338477,275341878,0,275341881,275341884,275341888,1,3,6,13,11,-1,3401,-275341878,275341881,3,4,16,3427
294,275338492,275338493,275338495,275338498,275338504,275338512,275338505,275342006,0,275342008,275342010,275342015,1,2,3,9,8,1,3501,-275342006,275342008,2,5,13,3523
295,275338496,275338497,275338505,275338508,275338514,275338527,275338519,275342087,0,275342091,275342094,275342101,1,8,3,9,13,5,3568,-275342087,275342091,3,7,23,3605
296,275338534,275338536,275338547,275338550,275338556,275338570,275338564,275342401,0,275342408,275342411,275342419,2,11,3,9,14,8,3837,-275342401,275342408,3,8,30,3885
297,275338534,275338535,275338537,275338540,275338546,275338555,275338545,275342158,0,275342164,275342166,275342173,1,2,3,9,9,-1,3613,-275342158,275342164,2,7,11,3639
298,275359648,275359649,275359651,275359658,275359666,275359677,275359665,275363166,0,275363169,275363172,275363176,1,2,7,15,11,-1,3501,-275363166,275363169,3,4,17,3528
299,275359653,275359654,275359667,275359671,275359677,275359705,275359688,275363291,0,275363293,275363295,275363302,1,13,4,10,28,11,3603,-275363291,275363293,2,7,35,3649
300,275359680,275359681,275359682,275359686,275359693,275359701,275359692,275363436,0,275363439,275363441,275363450,1,1,4,11,8,-1,3744,-275363436,275363439,2,9,12,3770
301,275359711,275359712,275359714,275359718,275359724,275359733,275359723,275363442,0,275363449,275363451,275363457,1,2,4,10,9,-1,3719,-275363442,275363449,2,6,12,3746
302,275359736,275359736,275359738,275359742,275359748,275359748,275359747,275363511,0,275363513,275363515,275363519,0,2,4,10,0,-1,3764,-275363511,275363513,2,4,11,3783
303,275507055,275507056,275507058,275507064,275507071,275507080,275507071,275510463,0,275510466,275510470,275510475,1,2,6,13,9,0,3392,-275510463,275510466,4,5,16,3420
304,275507059,275507060,275507072,275507076,275507082,275507094,275507087,275510592,0,275510594,275510596,275510601,1,12,4,10,12,5,3505,-275510592,275510594,2,5,28,3542
305,275576816,275576817,275576819,275576823,275576828,275576837,275576829,275579593,0,275579595,275579598,275579602,1,2,4,9,9,1,2764,-275579593,275579595,3,4,13,2786
306,275755173,275755174,275755176,275755181,275755188,275755196,275755189,275758524,0,275758526,275758531,275758536,1,2,5,12,8,1,3335,-275758524,275758526,5,5,16,3363
307,275755178,275755179,275755189,275755192,275755199,275755225,275755206,275758664,0,275758667,275758669,275758673,1,10,3,10,26,7,3458,-275758664,275758667,2,4,28,3495
308,275755182,275755183,275755199,275755203,275755209,275755220,275755209,275758737,0,275758739,275758741,275758745,1,16,4,10,11,0,3528,-275758737,275758739,2,4,27,3563
309,275755228,275755231,275755243,275755246,275755252,275755277,275755268,275758963,0,275758965,275758968,275758971,3,12,3,9,25,16,3695,-275758963,275758965,3,3,40,3743
310,275755229,275755230,275755231,275755236,275755242,275755259,275755241,275758818,0,275758823,275758825,275758831,1,1,5,11,17,-1,3577,-275758818,275758823,2,6,12,3602
311,276056306,276056307,276056309,276056315,276056321,276056330,276056322,276059439,0,276059442,276059445,276059450,1,2,6,12,9,1,3117,-276059439,276059442,3,5,16,3144
312,277402685,277402686,277402688,277402695,277402702,277402714,277402702,277405959,0,277405961,277405965,277405970,1,2,7,14,12,0,3257,-277405959,277405961,4,5,17,3285
313,277419746,277419747,277419749,277419753,277419758,277419768,277419760,277422892,0,277422894,277422898,277422902,1,2,4,9,10,2,3132,-277422892,277422894,4,4,14,3156
314,277423642,277423643,277423645,277423648,277423652,277423663,277423655,277426041,0,277426043,277426045,277426050,1,2,3,7,11,3,2386,-277426041,277426043,2,5,13,2408
315,277437018,277437018,277437020,277437024,277437028,277437039,277437031,277439453,0,277439455,277439457,277439462,0,2,4,8,11,3,2422,-277439453,277439455,2,5,13,2444
316,277463589,277463590,277463592,277463595,277463601,277463610,277463602,277465928,0,277465930,277465933,277465937,1,2,3,9,9,1,2326,-277465928,277465930,3,4,13,2348
317,277468797,277468798,277468800,277468805,277468812,277468820,277468811,277472258,0,277472261,277472264,277472268,1,2,5,12,8,-1,3447,-277472258,277472261,3,4,14,3471
318,279103683,279103684,279103686,279103693,279103703,279103704,279103701,279106924,0,279106927,279106930,279106935,1,2,7,17,1,-2,3223,-279106924,279106927,3,5,18,3252
319,279444431,279444432,279444434,279444439,279444444,279444455,279444446,279447138,0,279447140,279447143,279447147,1,2,5,10,11,2,2692,-279447138,279447140,3,4,15,2716
320,279983948,279983949,279983951,279983957,279983963,279983974,279983965,279986732,0,279986734,279986737,279986741,1,2,6,12,11,2,2767,-279986732,279986734,3,4,17,2793
321,279987913,279987914,279987916,279987919,279987923,279987932,279987925,279990074,0,279990076,279990078,279990082,1,2,3,7,9,2,2149,-279990074,279990076,2,4,12,2169
322,280320035,280320038,280320056,280320061,280320067,280320082,280320073,280323756,0,280323758,280323761,280323766,3,18,5,11,15,6,3683,-280323756,280323758,3,5,38,3731
323,280320036,280320036,280320038,280320045,280320054,280320056,280320053,280323629,0,280323632,280323637,280323641,0,2,7,16,2,-1,3576,-280323629,280323632,5,4,17,3605
324,280320091,280320097,280320111,280320116,280320124,280320137,280320129,280323937,0,280323939,280323941,280323946,6,14,5,13,13,5,3808,-280323937,280323939,2,5,38,3855
325,280320094,280320096,280320098,280320103,280320110,280320119,280320107,280323830,0,280323832,280323834,280323838,2,2,5,12,9,-3,3723,-280323830,280323832,2,4,13,3744
326,280320122,280320123,280320125,280320131,280320137,280320157,280320149,280324086,0,280324089,280324091,280324095,1,2,6,12,20,12,3937,-280324086,280324089,2,4,27,3973
327,280338894,280338895,280338897,280338903,280338910,280338911,280338910,280342271,0,280342273,280342279,280342284,1,2,6,13,1,0,3361,-280342271,280342273,6,5,16,3390
328,280338923,280338924,280338926,280338929,280338936,280338947,280338937,280342420,0,280342422,280342424,280342429,1,2,3,10,11,1,3483,-280342420,280342422,2,5,14,3506
329,280338950,280338953,280338964,280338967,280338973,280338998,280338980,280342545,0,280342547,280342550,280342554,3,11,3,9,25,7,3565,-280342545,280342547,3,4,30,3604
330,280338951,280338952,280338954,280338957,280338963,280338972,280338962,280342476,0,280342478,280342480,280342484,1,2,3,9,9,-1,3514,-280342476,280342478,2,4,11,3533
331,280338963,280338964,280338974,280338977,280338983,280338993,280338983,280342617,0,280342619,280342622,280342626,1,10,3,9,10,0,3634,-280342617,280342619,3,4,20,3663
332,280360128,280360129,280360131,280360137,280360144,280360153,280360144,280363608,0,280363611,280363614,280363618,1,2,6,13,9,0,3464,-280363608,280363611,3,4,16,3490
333,280360164,280360165,280360167,280360171,280360178,280360186,280360178,280363740,0,280363746,280363748,280363755,1,2,4,11,8,0,3562,-280363740,280363746,2,7,14,3591
334,280360168,280360168,280360179,280360182,280360189,280360202,280360196,280363890,0,280363892,280363895,280363899,0,11,3,10,13,7,3694,-280363890,280363892,3,4,28,3731
335,280360190,280360191,280360193,280360197,280360203,280360218,280360212,280364013,0,280364018,280364020,280364026,1,2,4,10,15,9,3801,-280364013,280364018,2,6,22,3836
336,280360366,280360367,280360369,280360372,280360378,280360391,280360377,280364086,0,280364088,280364091,280364094,1,2,3,9,13,-1,3709,-280364086,280364088,3,3,11,3728
337,280404938,280404939,280404941,280404945,280404951,280404960,280404952,280407100,0,280407102,280407105,280407109,1,2,4,10,9,1,2148,-280407100,280407102,3,4,14,2171
338,280466717,280466718,280466720,280466725,280466732,280466733,280466732,280470010,0,280470013,280470016,280470022,1,2,5,12,1,0,3278,-280470010,280470013,3,6,15,3305
339,280507380,280507380,280507382,280507390,280507397,280507407,280507397,280510710,0,280510713,280510715,280510720,0,2,8,15,10,0,3313,-280510710,280510713,2,5,17,3340
340,280507410,280507411,280507413,280507417,280507424,280507432,280507424,280510857,0,280510859,280510862,280510868,1,2,4,11,8,0,3433,-280510857,280510859,3,6,14,3458
341,280755543,280755546,280755564,280755568,280755575,280755602,280755585,280759316,0,280759321,280759323,280759328,3,18,4,11,27,10,3731,-280759316,280759321,2,5,42,3785
342,280755544,280755545,280755547,280755554,280755563,280755564,280755563,280759073,0,280759076,280759079,280759084,1,2,7,16,1,0,3510,-280759073,280759076,3,5,19,3540
343,280755566,280755567,280755576,280755579,280755584,280755597,280755588,280759394,0,280759396,280759398,280759403,1,9,3,8,13,4,3806,-280759394,280759396,2,5,22,3837
344,280755606,280755607,280755609,280755612,280755618,280755627,280755618,280759464,0,280759466,280759468,280759474,1,2,3,9,9,0,3846,-280759464,280759466,2,6,12,3868
345,280755638,280755639,280755641,280755644,280755650,280755660,280755652,280759529,0,280759531,280759534,280759541,1,2,3,9,10,2,3877,-280759529,280759531,3,7,14,3903
346,281180725,281180726,281180728,281180734,281180742,281180743,281180741,281184221,0,281184223,281184227,281184231,1,2,6,14,1,-1,3480,-281184221,281184223,4,4,16,3506
347,281223503,281223503,281223505,281223510,281223515,281223524,281223517,281226140,0,281226143,281226147,281226151,0,2,5,10,9,2,2623,-281226140,281226143,4,4,14,2648
348,281824097,281824098,281824100,281824105,281824110,281824120,281824112,281827316,0,281827319,281827322,281827327,1,2,5,10,10,2,3204,-281827316,281827319,3,5,15,3230
349,281862930,281862931,281862933,281862936,281862942,281862951,281862943,281866160,0,281866163,281866165,281866170,1,2,3,9,9,1,3217,-281866160,281866163,2,5,13,3240
350,281888828,281888829,281888831,281888834,281888838,281888848,281888841,281891026,0,281891028,281891031,281891035,1,2,3,7,10,3,2185,-281891026,281891028,3,4,13,2207
351,282041194,282041195,282041196,282041201,282041208,282041209,282041208,282044485,0,282044487,282044490,282044494,1,1,5,12,1,0,3277,-282044485,282044487,3,4,14,3300
352,282291129,282291130,282291132,282291135,282291140,282291149,282291141,282293706,0,282293709,282293711,282293715,1,2,3,8,9,1,2565,-282293706,282293709,2,4,12,2586
353,282294567,282294568,282294570,282294574,282294580,282294580,282294580,282297825,0,282297828,282297832,282297837,1,2,4,10,0,0,3245,-282297825,282297828,4,5,13,3270
354,282541609,282541610,282541612,282541617,282541624,282541633,282541625,282544920,0,282544923,282544925,282544929,1,2,5,12,9,1,3295,-282544920,282544923,2,4,16,3320
355,282726869,282726870,282726872,282726876,282726881,282726891,282726883,282729908,0,282729911,282729914,282729918,1,2,4,9,10,2,3025,-282729908,282729911,3,4,14,3049
356,282855177,282855178,282855180,282855184,282855190,282855199,282855190,282858551,0,282858553,282858557,282858562,1,2,4,10,9,0,3361,-282858551,282858553,4,5,13,3385
357,283315360,283315361,283315363,283315371,283315377,283315387,283315379,283318807,0,283318810,283318813,283318817,1,2,8,14,10,2,3428,-283318807,283318810,3,4,19,3457
358,283319492,283319492,283319494,283319498,283319502,283319513,283319504,283321966,0,283321968,283321972,283321977,0,2,4,8,11,2,2462,-283321966,283321968,4,5,12,2485
359,284117096,284117097,284117099,284117105,284117110,284117120,284117112,284120635,0,284120638,284120640,284120644,1,2,6,11,10,2,3523,-284120635,284120638,2,4,16,3548
360,284379190,284379191,284379193,284379199,284379208,284379216,284379206,284382416,0,284382419,284382423,284382428,1,2,6,15,8,-2,3210,-284382416,284382419,4,5,16,3238
361,284654569,284654570,284654572,284654576,284654583,284654591,284654583,284657857,0,284657860,284657862,284657866,1,2,4,11,8,0,3274,-284657857,284657860,2,4,14,3297
362,285320489,285320490,285320492,285320501,285320510,285320521,285320510,285324108,0,285324111,285324114,285324119,1,2,9,18,11,0,3598,-285324108,285324111,3,5,21,3630
363,285320533,285320535,285320537,285320542,285320549,285320550,285320547,285324235,0,285324237,285324240,285324245,2,2,5,12,1,-2,3688,-285324235,285324237,3,5,14,3712
364,285320567,285320573,285320598,285320603,285320609,285320626,285320619,285324475,0,285324480,285324482,285324489,6,25,5,11,17,10,3856,-285324475,285324480,2,7,52,3922
365,285320568,285320572,285320585,285320590,285320597,285320607,285320600,285324363,0,285324370,285324372,285324378,4,13,5,12,10,3,3763,-285324363,285324370,2,6,32,3810
366,285320570,285320571,285320573,285320577,285320584,285320593,285320584,285324357,0,285324359,285324362,285324370,1,2,4,11,9,0,3773,-285324357,285324359,3,8,14,3800
367,285339284,285339285,285339287,285339293,285339300,285339310,285339300,285342773,0,285342775,285342779,285342784,1,2,6,13,10,0,3473,-285342773,285342775,4,5,16,3500
368,285339314,285339315,285339317,285339321,285339327,285339335,285339327,285342904,0,285342909,285342911,285342917,1,2,4,10,8,0,3577,-285342904,285342909,2,6,13,3603
369,285339320,285339321,285339328,285339331,285339337,285339349,285339343,285343049,0,285343051,285343053,285343057,1,7,3,9,12,6,3706,-285343049,285343051,2,4,23,3737
370,285339361,285339362,285339364,285339367,285339373,285339382,285339375,285343172,0,285343181,285343183,285343189,1,2,3,9,9,2,3797,-285343172,285343181,2,6,14,3828
371,285339367,285339370,285339374,285339377,285339383,285339405,285339395,285343288,0,285343293,285343295,285343303,3,4,3,9,22,12,3893,-285343288,285343293,2,8,28,3936
372,285358862,285358863,285358865,285358870,285358878,285358887,285358877,285362119,0,285362121,285362125,285362129,1,2,5,13,9,-1,3242,-285362119,285362121,4,4,15,3267
373,285360447,285360448,285360450,285360455,285360463,285360463,285360461,285363753,0,285363756,285363759,285363763,1,2,5,13,0,-2,3292,-285363753,285363756,3,4,14,3316
374,285360491,285360494,285360506,285360510,285360516,285360525,285360520,285363956,0,285363958,285363961,285363971,3,12,4,10,9,4,3436,-285363956,285363958,3,10,29,3480
375,285360492,285360492,285360494,285360498,285360505,285360506,285360504,285363883,0,285363885,285363888,285363891,0,2,4,11,1,-1,3379,-285363883,285363885,3,3,12,3399
376,285404172,285404173,285404175,285404180,285404188,285404197,285404187,285407454,0,285407456,285407459,285407462,1,2,5,13,9,-1,3267,-285407454,285407456,3,3,15,3290
377,285755911,285755914,285755930,285755934,285755941,285755965,285755947,285759433,0,285759438,285759441,285759448,3,16,4,11,24,6,3486,-285759433,285759438,3,7,36,3537
378,285755912,285755913,285755915,285755920,285755928,285755938,285755928,285759299,0,285759302,285759304,285759309,1,2,5,13,10,0,3371,-285759299,285759302,2,5,16,3397
379,285755970,285755973,285755985,285755988,285755994,285756003,285755993,285759578,0,285759584,285759587,285759593,3,12,3,9,9,-1,3585,-285759578,285759584,3,6,23,3623
380,285755971,285755972,285755974,285755978,285755984,285755985,285755984,285759509,0,285759516,285759518,285759523,1,2,4,10,1,0,3525,-285759509,285759516,2,5,13,3552
381,285756010,285756011,285756013,285756017,285756023,285756032,285756022,285759671,0,285759677,285759680,285759686,1,2,4,10,9,-1,3649,-285759671,285759677,3,6,12,3676
382,286130093,286130094,286130096,286130104,286130112,286130113,286130111,286133438,0,286133441,286133444,286133450,1,2,8,16,1,-1,3327,-286133438,286133441,3,6,18,3357
383,286592994,286592994,286592996,286593002,286593009,286593018,286593010,286595320,0,286595322,286595325,286595329,0,2,6,13,9,1,2310,-286595320,286595322,3,4,16,2335
384,286747403,286747404,286747406,286747411,286747418,286747428,286747417,286750632,0,286750634,286750638,286750642,1,2,5,12,10,-1,3215,-286750632,286750634,4,4,14,3239
385,288089491,288089492,288089494,288089499,288089507,288089517,288089507,288092644,0,288092647,288092651,288092655,1,2,5,13,10,0,3137,-288092644,288092647,4,4,16,3164
386,288101028,288101029,288101031,288101034,288101040,288101049,288101041,288104309,0,288104311,288104313,288104318,1,2,3,9,9,1,3268,-288104309,288104311,2,5,13,3290
387,288233407,288233408,288233410,288233414,288233421,288233432,288233421,288236450,0,288236453,288236455,288236459,1,2,4,11,11,0,3029,-288236450,288236453,2,4,14,3052
388,289122512,289122513,289122515,289122525,289122534,289122544,289122533,289125743,0,289125746,289125749,289125755,1,2,10,19,10,-1,3210,-289125743,289125746,3,6,21,3243
389,289126204,289126205,289126206,289126210,289126216,289126224,289126216,289129326,0,289129329,289129332,289129335,1,1,4,10,8,0,3110,-289129326,289129329,3,3,12,3131
390,290316689,290316690,290316692,290316699,290316705,290316716,290316707,290319016,0,290319018,290319021,290319026,1,2,7,13,11,2,2309,-290319016,290319018,3,5,18,2337
391,290320891,290320892,290320893,290320900,290320908,290320910,290320907,290324261,0,290324264,290324268,290324273,1,1,7,15,2,-1,3354,-290324261,290324264,4,5,16,3382
392,290320932,290320933,290320934,290320940,290320947,290320975,290320946,290324477,0,290324479,290324482,290324487,1,1,6,13,28,-1,3531,-290324477,290324479,3,5,14,3555
393,290320941,290320942,290320949,290320953,290320961,290320969,290320957,290324560,0,290324568,290324570,290324576,1,7,4,12,8,-4,3603,-290324560,290324568,2,6,16,3635
394,290320948,290320950,290320975,290320979,290320986,290320996,290320984,290324845,0,290324847,290324850,290324853,2,25,4,11,10,-2,3861,-290324845,290324847,3,3,36,3905
395,290320949,290320950,290320963,290320967,290320974,290320999,290320982,290324706,0,290324708,290324711,290324714,1,13,4,11,25,8,3724,-290324706,290324708,3,3,33,3765
396,290339728,290339729,290339731,290339737,290339744,290339756,290339743,290343175,0,290343178,290343181,290343186,1,2,6,13,12,-1,3432,-290343175,290343178,3,5,15,3458
397,290339759,290339760,290339761,290339765,290339772,290339781,290339773,290343308,0,290343310,290343312,290343316,1,1,4,11,9,1,3535,-290343308,290343310,2,4,14,3557
398,290339808,290339809,290339811,290339815,290339821,290339847,290339820,290343429,0,290343436,290343438,290343445,1,2,4,10,26,-1,3609,-290343429,290343436,2,7,12,3637
399,290339814,290339815,290339822,290339825,290339831,290339838,290339829,290343498,0,290343500,290343503,290343508,1,7,3,9,7,-2,3669,-290343498,290343500,3,5,15,3694
400,290339822,290339823,290339832,290339836,290339842,290339861,290339855,290343620,0,290343632,290343634,290343639,1,9,4,10,19,13,3765,-290343620,290343632,2,5,33,3817
401,290756628,290756629,290756630,290756636,290756644,290756653,290756643,290759898,0,290759902,290759905,290759910,1,1,6,14,9,-1,3255,-290759898,290759902,3,5,15,3282
402,290756661,290756662,290756664,290756668,290756675,290756675,290756673,290760040,0,290760042,290760045,290760050,1,2,4,11,0,-2,3367,-290760040,290760042,3,5,12,3389
403,290756677,290756678,290756679,290756683,290756690,290756720,290756701,290760165,0,290760167,290760169,290760177,1,1,4,11,30,11,3464,-290760165,290760167,2,8,24,3500
404,290756690,290756691,290756693,290756697,290756703,290756715,290756705,290760171,0,290760177,290760179,290760185,1,2,4,10,12,2,3466,-290760171,290760177,2,6,15,3495
405,290756726,290756727,290756728,290756732,290756738,290756739,290756737,290760269,0,290760274,290760276,290760283,1,1,4,10,1,-1,3532,-290760269,290760274,2,7,11,3557
406,291742453,291742454,291742456,291742463,291742471,291742479,291742471,291745368,0,291745371,291745373,291745377,1,2,7,15,8,0,2897,-291745368,291745371,2,4,18,2924
407,291746601,291746602,291746604,291746607,291746612,291746622,291746614,291749478,0,291749480,291749484,291749489,1,2,3,8,10,2,2864,-291749478,291749480,4,5,13,2888
408,294196429,294196430,294196432,294196439,294196446,294196457,294196448,294199364,0,294199367,294199370,294199374,1,2,7,14,11,2,2916,-294199364,294199367,3,4,19,2945
409,294298432,294298433,294298435,294298442,294298447,294298457,294298448,294301561,0,294301564,294301568,294301573,1,2,7,12,10,1,3113,-294301561,294301564,4,5,16,3141
410,295321255,295321256,295321258,295321267,295321279,295321280,295321276,295324769,0,295324772,295324775,295324780,1,2,9,21,1,-3,3493,-295324769,295324772,3,5,21,3525
411,295321304,295321305,295321307,295321312,295321319,295321321,295321317,295324900,0,295324902,295324905,295324910,1,2,5,12,2,-2,3583,-295324900,295324902,3,5,13,3606
412,295321308,295321308,295321321,295321325,295321332,295321351,295321344,295324981,0,295324983,295324986,295324990,0,13,4,11,19,12,3637,-295324981,295324983,3,4,36,3682
413,295321336,295321337,295321339,295321344,295321352,295321395,295321366,295325050,0,295325052,295325055,295325059,1,2,5,13,43,14,3684,-295325050,295325052,3,4,30,3723
414,295321357,295321358,295321360,295321364,295321371,295321381,295321369,295325125,0,295325127,295325130,295325134,1,2,4,11,10,-2,3756,-295325125,295325127,3,4,12,3777
415,295340122,295340123,295340125,295340131,295340139,295340139,295340138,295343538,0,295343540,295343544,295343548,1,2,6,14,0,-1,3400,-295343538,295343540,4,4,16,3426
416,295340153,295340155,295340168,295340171,295340177,295340195,295340186,295343864,0,295343870,295343873,295343879,2,13,3,9,18,9,3678,-295343864,295343870,3,6,33,3726
417,295340153,295340154,295340156,295340160,295340167,295340175,295340166,295343747,0,295343752,295343755,295343762,1,2,4,11,8,-1,3581,-295343747,295343752,3,7,13,3609
418,295340199,295340200,295340202,295340205,295340211,295340223,295340215,295343936,0,295343938,295343940,295343944,1,2,3,9,12,4,3721,-295343936,295343938,2,4,16,3745
419,295340207,295340208,295340212,295340215,295340221,295340243,295340232,295344009,0,295344011,295344013,295344018,1,4,3,9,22,11,3777,-295344009,295344011,2,5,25,3811
420,295757119,295757122,295757140,295757144,295757151,295757163,295757155,295760731,0,295760734,295760736,295760743,3,18,4,11,12,4,3576,-295760731,295760734,2,7,36,3624
421,295757120,295757121,295757123,295757130,295757139,295757148,295757138,295760579,0,295760582,295760585,295760590,1,2,7,16,9,-1,3441,-295760579,295760582,3,5,18,3470
422,295757179,295757180,295757182,295757186,295757193,295757202,295757192,295760737,0,295760744,295760747,295760757,1,2,4,11,9,-1,3545,-295760737,295760744,3,10,13,3578
423,295757206,295757208,295757219,295757223,295757229,295757244,295757239,295760953,0,295760955,295760958,295760961,2,11,4,10,15,10,3714,-295760953,295760955,3,3,33,3755
424,295757206,295757207,295757209,295757213,295757218,295757219,295757217,295760882,0,295760884,295760887,295760892,1,2,4,9,1,-1,3665,-295760882,295760884,3,5,11,3686
425,297169263,297169264,297169266,297169274,297169283,297169285,297169281,297172593,0,297172596,297172599,297172604,1,2,8,17,2,-2,3312,-297172593,297172596,3,5,18,3341
426,298744137,298744138,298744140,298744151,298744162,298744172,298744159,298747523,0,298747526,298747530,298747534,1,2,11,22,10,-3,3364,-298747523,298747526,4,4,22,3397
427,299100856,299100857,299100859,299100865,299100872,299100881,299100874,299104106,0,299104109,299104113,299104117,1,2,6,13,9,2,3232,-299104106,299104109,4,4,18,3261
428,300049487,300049488,300049490,300049496,300049504,300049513,300049503,300052764,0,300052767,300052770,300052775,1,2,6,14,9,-1,3261,-300052764,300052767,3,5,16,3288
429,300053685,300053686,300053688,300053692,300053698,300053705,300053698,300056824,0,300056826,300056830,300056834,1,2,4,10,7,0,3126,-300056824,300056826,4,4,13,3149
430,300134116,300134117,300134119,300134123,300134130,300134139,300134130,300137451,0,300137454,300137456,300137461,1,2,4,11,9,0,3321,-300137451,300137454,2,5,14,3345
431,300321669,300321671,300321673,300321681,300321690,300321692,300321689,300324762,0,300324764,300324768,300324772,2,2,8,17,2,-1,3073,-300324762,300324764,4,4,20,3103
432,300321740,300321741,300321743,300321749,300321757,300321767,300321755,300325006,0,300325008,300325011,300325015,1,2,6,14,10,-2,3251,-300325006,300325008,3,4,15,3275
433,300321745,300321746,300321759,300321763,300321771,300321786,300321776,300325147,0,300325149,300325152,300325155,1,13,4,12,15,5,3371,-300325147,300325149,3,3,31,3410
434,300321747,300321748,300321773,300321777,300321783,300321815,300321794,300325263,0,300325265,300325269,300325273,1,25,4,10,32,11,3469,-300325263,300325265,4,4,47,3526
435,300321758,300321758,300321784,300321789,300321795,300321811,300321798,300325434,0,300325436,300325439,300325445,0,26,5,11,16,3,3636,-300325434,300325436,3,6,40,3687
436,300340598,300340598,300340600,300340606,300340613,300340614,300340613,300344076,0,300344078,300344082,300344087,0,2,6,13,1,0,3463,-300344076,300344078,4,5,15,3489
437,300340629,300340630,300340632,300340635,300340642,300340643,300340642,300344203,0,300344205,300344207,300344211,1,2,3,10,1,0,3561,-300344203,300344205,2,4,13,3582
438,300340634,300340635,300340643,300340646,300340652,300340661,300340652,300344284,0,300344286,300344289,300344292,1,8,3,9,9,0,3632,-300344284,300344286,3,3,18,3658
439,300340647,300340648,300340653,300340657,300340663,300340697,300340680,300344359,0,300344361,300344364,300344368,1,5,4,10,34,17,3679,-300344359,300344361,3,4,33,3721
440,300340670,300340671,300340673,300340676,300340683,300340695,300340686,300344428,0,300344430,300344433,300344438,1,2,3,10,12,3,3742,-300344428,300344430,3,5,16,3768
441,300714186,300714187,300714189,300714196,300714205,300714214,300714204,300717484,0,300717486,300717489,300717493,1,2,7,16,9,-1,3280,-300717484,300717486,3,4,18,3307
442,301015586,301015587,301015589,301015595,301015602,301015611,301015602,301018393,0,301018395,301018401,301018407,1,2,6,13,9,0,2791,-301018393,301018395,6,6,16,2821
443,301015643,301015644,301015647,301015650,301015656,301015664,301015655,301018964,0,301018966,301018969,301018973,1,3,3,9,8,-1,3309,-301018964,301018966,3,4,12,3330
444,302893065,302893065,302893067,302893074,302893082,302893092,302893081,302896429,0,302896432,302896435,302896439,0,2,7,15,10,-1,3348,-302896429,302896432,3,4,16,3374
445,303104010,303104011,303104013,303104017,303104024,303104033,303104025,303107366,0,303107369,303107372,303107377,1,2,4,11,9,1,3341,-303107366,303107369,3,5,15,3367
446,303149133,303149134,303149136,303149141,303149149,303149158,303149148,303152298,0,303152301,303152305,303152309,1,2,5,13,9,-1,3150,-303152298,303152301,4,4,15,3176
447,303222768,303222768,303222770,303222775,303222782,303222790,303222783,303226051,0,303226054,303226057,303226061,0,2,5,12,8,1,3268,-303226051,303226054,3,4,15,3293
448,303804841,303804841,303804843,303804849,303804857,303804858,303804857,303808196,0,303808199,303808201,303808206,0,2,6,14,1,0,3339,-303808196,303808199,2,5,16,3365
449,304601580,304601581,304601582,304601588,304601595,304601605,304601596,304604863,0,304604865,304604868,304604873,1,1,6,13,10,1,3267,-304604863,304604865,3,5,16,3293
450,304712185,304712186,304712188,304712194,304712201,304712202,304712201,304715482,0,304715485,304715488,304715493,1,2,6,13,1,0,3281,-304715482,304715485,3,5,16,3308
451,304715918,304715919,304715921,304715925,304715930,304715938,304715931,304718987,0,304718990,304718992,304718997,1,2,4,9,8,1,3056,-304718987,304718990,2,5,13,3079
452,304734729,304734730,304734732,304734735,304734741,304734749,304734742,304738029,0,304738033,304738035,304738040,1,2,3,9,8,1,3287,-304738029,304738033,2,5,13,3311
453,305322098,305322099,305322101,305322109,305322119,305322122,305322117,305325604,0,305325607,305325610,305325615,1,2,8,18,3,-2,3487,-305325604,305325607,3,5,19,3517
454,305322102,305322103,305322122,305322127,305322133,305322162,305322139,305325731,0,305325733,305325736,305325740,1,19,5,11,29,6,3592,-305325731,305325733,3,4,37,3638
455,305322167,305322169,305322171,305322176,305322184,305322185,305322183,305325809,0,305325811,305325814,305325818,2,2,5,13,1,-1,3626,-305325809,305325811,3,4,16,3651
456,305322172,305322173,305322186,305322190,305322197,305322209,305322201,305325924,0,305325926,305325929,305325941,1,13,4,11,12,4,3723,-305325924,305325926,3,12,29,3769
457,305322420,305322421,305322423,305322428,305322437,305322450,305322434,305325934,0,305325936,305325939,305325949,1,2,5,14,13,-3,3500,-305325934,305325936,3,10,14,3529
458,305340974,305340975,305340977,305340984,305340992,305340993,305340992,305344306,0,305344310,305344313,305344317,1,2,7,15,1,0,3314,-305344306,305344310,3,4,18,3343
459,305341005,305341006,305341008,305341011,305341018,305341027,305341020,305344443,0,305344446,305344449,305344453,1,2,3,10,9,2,3423,-305344443,305344446,3,4,15,3448
460,305341013,305341015,305341019,305341023,305341029,305341058,305341039,305344519,0,305344521,305344524,305344528,2,4,4,10,29,10,3480,-305344519,305344521,3,4,26,3515
461,305341030,305341031,305341033,305341036,305341043,305341052,305341043,305344635,0,305344637,305344639,305344647,1,2,3,10,9,0,3592,-305344635,305344637,2,8,13,3617
462,305341061,305341062,305341064,305341067,305341073,305341081,305341072,305344642,0,305344653,305344655,305344666,1,2,3,9,8,-1,3570,-305344642,305344653,2,11,11,3605
463,306874329,306874330,306874332,306874341,306874350,306874352,306874349,306877795,0,306877797,306877801,306877805,1,2,9,18,2,-1,3446,-306877795,306877797,4,4,20,3476
464,308096091,308096092,308096094,308096100,308096108,308096118,308096108,308099708,0,308099711,308099715,308099720,1,2,6,14,10,0,3600,-308099708,308099711,4,5,17,3629
465,308098602,308098603,308098605,308098609,308098616,308098624,308098615,308101708,0,308101711,308101713,308101718,1,2,4,11,8,-1,3093,-308101708,308101711,2,5,13,3116
466,308916925,308916926,308916928,308916934,308916942,308916952,308916942,308920192,0,308920194,308920197,308920201,1,2,6,14,10,0,3250,-308920192,308920194,3,4,17,3276
467,308920918,308920919,308920921,308920925,308920930,308920939,308920931,308924226,0,308924229,308924232,308924237,1,2,4,9,9,1,3295,-308924226,308924229,3,5,13,3319
468,310322538,310322539,310322541,310322550,310322560,310322563,310322558,310326016,0,310326019,310326022,310326027,1,2,9,19,3,-2,3458,-310326016,310326019,3,5,20,3489
469,310322545,310322546,310322563,310322568,310322576,310322607,310322589,310326159,0,310326161,310326165,310326170,1,17,5,13,31,13,3570,-310326159,310326161,4,5,44,3625
470,310322580,310322581,310322583,310322588,310322595,310322604,310322592,310326242,0,310326244,310326247,310326252,1,2,5,12,9,-3,3650,-310326242,310326244,3,5,12,3672
471,310322614,310322615,310322617,310322622,310322629,310322630,310322627,310326323,0,310326325,310326327,310326331,1,2,5,12,1,-2,3696,-310326323,310326325,2,4,13,3717
472,310322634,310322635,310322636,310322641,310322648,310322661,310322652,310326396,0,310326398,310326401,310326407,1,1,5,12,13,4,3744,-310326396,310326398,3,6,18,3773
473,310341337,310341338,310341340,310341346,310341354,310341354,310341354,310344792,0,310344794,310344799,310344804,1,2,6,14,0,0,3438,-310344792,310344794,5,5,17,3467
474,310341342,310341343,310341355,310341358,310341364,310341401,310341377,310344919,0,310344921,310344924,310344929,1,12,3,9,37,13,3542,-310344919,310344921,3,5,35,3587
475,310341369,310341370,310341371,310341375,310341381,310341395,310341382,310344991,0,310344993,310344996,310344999,1,1,4,10,14,1,3609,-310344991,310344993,3,3,13,3630
476,310341407,310341410,310341421,310341425,310341431,310341445,310341439,310345123,0,310345131,310345134,310345140,3,11,4,10,14,8,3684,-310345123,310345131,3,6,32,3733
477,310341408,310341409,310341411,310341414,310341420,310341431,310341422,310345116,0,310345121,310345124,310345133,1,2,3,9,11,2,3694,-310345116,310345121,3,9,14,3725
478,312003074,312003075,312003077,312003085,312003096,312003098,312003093,312006448,0,312006450,312006454,312006459,1,2,8,19,2,-3,3355,-312006448,312006450,4,5,19,3385
479,312014011,312014011,312014013,312014017,312014024,312014025,312014024,312017196,0,312017199,312017202,312017206,0,2,4,11,1,0,3172,-312017196,312017199,3,4,13,3195
480,312163960,312163961,312163963,312163969,312163976,312163977,312163976,312167194,0,312167197,312167200,312167205,1,2,6,13,1,0,3218,-312167194,312167197,3,5,16,3245
481,313656072,313656073,313656075,313656083,313656090,313656092,313656091,313659007,0,313659010,313659015,313659019,1,2,8,15,2,1,2916,-313659007,313659010,5,4,19,2947
482,313715411,313715412,313715414,313715421,313715430,313715431,313715428,313718846,0,313718848,313718851,313718855,1,2,7,16,1,-2,3418,-313718846,313718848,3,4,17,3444
483,314007482,314007483,314007485,314007493,314007500,314007509,314007499,314010721,0,314010724,314010726,314010730,1,2,8,15,9,-1,3222,-314010721,314010724,2,4,17,3248
484,314035201,314035202,314035205,314035208,314035215,314035223,314035215,314038582,0,314038584,314038587,314038591,1,3,3,10,8,0,3367,-314038582,314038584,3,4,14,3390
485,315323488,315323489,315323491,315323500,315323511,315323513,315323508,315326779,0,315326782,315326785,315326791,1,2,9,20,2,-3,3271,-315326779,315326782,3,6,20,3303
486,315323524,315323525,315323527,315323532,315323539,315323554,315323538,315326995,0,315326997,315327000,315327004,1,2,5,12,15,-1,3457,-315326995,315326997,3,4,14,3480
487,315323543,315323544,315323546,315323551,315323560,315323571,315323563,315327085,0,315327091,315327094,315327100,1,2,5,14,11,3,3522,-315327085,315327091,3,6,20,3557
488,315903532,315903533,315903535,315903542,315903550,315903551,315903549,315907053,0,315907056,315907059,315907064,1,2,7,15,1,-1,3504,-315907053,315907056,3,5,17,3532
489,315909107,315909108,315909110,315909114,315909121,315909121,315909121,315912329,0,315912332,315912334,315912338,1,2,4,11,0,0,3208,-315912329,315912332,2,4,14,3231
490,316010454,316010455,316010457,316010461,316010466,316010474,316010467,316013724,0,316013728,316013731,316013734,1,2,4,9,8,1,3257,-316013724,316013728,3,3,13,3280
491,317350252,317350253,317350255,317350264,317350272,317350275,317350271,317352615,0,317352617,317352620,317352624,1,2,9,17,3,-1,2344,-317352615,317352617,3,4,19,2372
492,317815591,317815592,317815594,317815599,317815605,317815615,317815607,317818013,0,317818015,317818018,317818023,1,2,5,11,10,2,2406,-317818013,317818015,3,5,16,2432
493,318217467,318217468,318217470,318217476,318217484,318217494,318217484,318220898,0,318220900,318220903,318220907,1,2,6,14,10,0,3414,-318220898,318220900,3,4,17,3440
494,319073791,319073792,319073795,319073802,319073810,319073824,319073813,319076867,0,319076869,319076874,319076879,1,3,7,15,14,3,3054,-319076867,319076869,5,5,22,3088
495,319073827,319073829,319073831,319073834,319073838,319073846,319073839,319076924,0,319076926,319076928,319076933,2,2,3,7,8,1,3085,-319076924,319076926,2,5,12,3106
496,319512462,319512463,319512466,319512471,319512480,319512489,319512479,319515910,0,319515913,319515917,319515921,1,3,5,14,9,-1,3431,-319515910,319515913,4,4,17,3459
497,319516528,319516528,319516530,319516534,319516539,319516547,319516540,319519762,0,319519765,319519768,319519773,0,2,4,9,8,1,3222,-319519762,319519765,3,5,12,3245
498,320323852,320323853,320323855,320323863,320323873,320323875,320323871,320330810,0,320330813,320330818,320330823,1,2,8,18,2,-2,6939,-320330810,320330813,5,5,19,6971
499,320323937,320323938,320323940,320323946,320323955,320323967,320323951,320330954,0,320330956,320330959,320330963,1,2,6,15,12,-4,7003,-320330954,320330956,3,4,14,7026
500,320323944,320323944,320323957,320323962,320323969,320323984,320323975,320331079,0,320331081,320331083,320331088,0,13,5,12,15,6,7104,-320331079,320331081,2,5,31,7144
501,320616805,320616806,320616808,320616812,320616819,320616821,320616820,320620164,0,320620167,320620169,320620174,1,2,4,11,2,1,3344,-320620164,320620167,2,5,15,3369
502,321031456,321031457,321031459,321031464,321031472,321031483,321031475,321034777,0,321034780,321034782,321034787,1,2,5,13,11,3,3302,-321034777,321034780,2,5,19,3331
503,322613121,322613122,322613124,322613133,322613143,322613144,322613141,322616454,0,322616457,322616460,322616465,1,2,9,19,1,-2,3313,-322616454,322616457,3,5,20,3344
504,324353755,324353756,324353758,324353765,324353773,324353782,324353773,324356435,0,324356438,324356441,324356446,1,2,7,15,9,0,2662,-324356435,324356438,3,5,18,2691
505,325324320,325324323,325324345,325324351,325324359,325324370,325324362,325327901,0,325327904,325327906,325327910,3,22,6,14,11,3,3539,-325327901,325327904,2,4,42,3590
506,325324321,325324322,325324324,325324333,325324343,325324355,325324343,325327770,0,325327773,325327776,325327781,1,2,9,19,12,0,3427,-325327770,325327773,3,5,22,3460
507,325984974,325984974,325984977,325984983,325984990,325984999,325984990,325987312,0,325987315,325987319,325987323,0,3,6,13,9,0,2322,-325987312,325987315,4,4,16,2349
508,326868746,326868747,326868749,326868755,326868763,326868772,326868762,326872245,0,326872248,326872252,326872256,1,2,6,14,9,-1,3483,-326872245,326872248,4,4,16,3510
509,327049006,327049007,327049009,327049015,327049023,327049032,327049022,327052284,0,327052287,327052291,327052295,1,2,6,14,9,-1,3262,-327052284,327052287,4,4,16,3289
510,327057107,327057108,327057110,327057113,327057119,327057128,327057120,327060324,0,327060327,327060330,327060334,1,2,3,9,9,1,3204,-327060324,327060327,3,4,13,3227
511,327061915,327061916,327061917,327061921,327061927,327061938,327061928,327065189,0,327065192,327065194,327065199,1,1,4,10,11,1,3261,-327065189,327065192,2,5,13,3284
512,327098329,327098330,327098332,327098336,327098342,327098350,327098343,327101561,0,327101564,327101567,327101572,1,2,4,10,8,1,3218,-327101561,327101564,3,5,14,3243
513,327284107,327284108,327284110,327284115,327284121,327284129,327284122,327287724,0,327287727,327287730,327287735,1,2,5,11,8,1,3602,-327287724,327287727,3,5,15,3628
514,327810091,327810092,327810094,327810100,327810107,327810115,327810107,327813420,0,327813423,327813426,327813430,1,2,6,13,8,0,3313,-327813420,327813423,3,4,16,3339
515,327878200,327878201,327878203,327878210,327878217,327878228,327878217,327881850,0,327881852,327881854,327881859,1,2,7,14,11,0,3633,-327881850,327881852,2,5,17,3659
516,329944289,329944289,329944292,329944298,329944308,329944316,329944306,329947735,0,329947739,329947742,329947745,0,3,6,16,8,-2,3429,-329947735,329947739,3,3,17,3456
517,330031383,330031384,330031386,330031393,330031399,330031409,330031401,330034687,0,330034690,330034693,330034697,1,2,7,13,10,2,3286,-330034687,330034690,3,4,18,3314
518,330892393,330892394,330892396,330892404,330892413,330892415,330892412,330895738,0,330895740,330895743,330895748,1,2,8,17,2,-1,3326,-330895738,330895740,3,5,19,3355
519,333012148,333012149,333012151,333012158,333012165,333012176,333012168,333015039,0,333015042,333015044,333015049,1,2,7,14,11,3,2871,-333015039,333015042,2,5,20,2901
520,333014430,333014431,333014433,333014437,333014442,333014452,333014444,333017441,0,333017446,333017449,333017454,1,2,4,9,10,2,2997,-333017441,333017446,3,5,14,3024
521,333015800,333015801,333015803,333015806,333015809,333015818,333015811,333018992,0,333018994,333018997,333019001,1,2,3,6,9,2,3181,-333018992,333018994,3,4,11,3201
522,333549854,333549855,333549857,333549864,333549873,333549883,333549872,333553242,0,333553245,333553249,333553253,1,2,7,16,10,-1,3370,-333553242,333553245,4,4,18,3399
523,333595337,333595338,333595340,333595344,333595350,333595358,333595351,333598789,0,333598792,333598794,333598799,1,2,4,10,8,1,3438,-333598789,333598792,2,5,14,3462
524,333769247,333769248,333769250,333769254,333769261,333769269,333769262,333772552,0,333772554,333772557,333772561,1,2,4,11,8,1,3290,-333772552,333772554,3,4,15,3314
525,334371556,334371557,334371558,334371564,334371570,334371580,334371572,334374551,0,334374553,334374556,334374561,1,1,6,12,10,2,2979,-334374551,334374553,3,5,16,3005
526,334407889,334407890,334407892,334407895,334407901,334407913,334407905,334411107,0,334411110,334411113,334411117,1,2,3,9,12,4,3202,-334411107,334411110,3,4,16,3228
527,336356102,336356103,336356105,336356112,336356121,336356131,336356120,336359612,0,336359615,336359618,336359622,1,2,7,16,10,-1,3492,-336359612,336359615,3,4,18,3520
528,336680091,336680092,336680094,336680100,336680108,336680117,336680107,336683693,0,336683695,336683698,336683702,1,2,6,14,9,-1,3586,-336683693,336683695,3,4,16,3611
529,337379297,337379298,337379300,337379304,337379310,337379321,337379312,337381705,0,337381707,337381711,337381715,1,2,4,10,11,2,2393,-337381705,337381707,4,4,15,2418
530,337383225,337383226,337383228,337383231,337383235,337383246,337383238,337386100,0,337386102,337386104,337386109,1,2,3,7,11,3,2862,-337386100,337386102,2,5,13,2884
531,337823932,337823933,337823935,337823942,337823948,337823958,337823949,337827183,0,337827185,337827188,337827193,1,2,7,13,10,1,3234,-337827183,337827185,3,5,17,3261
532,338136123,338136123,338136125,338136130,338136136,338136144,338136137,338139261,0,338139263,338139266,338139271,0,2,5,11,8,1,3124,-338139261,338139263,3,5,14,3148
533,339137890,339137891,339137893,339137899,339137908,339137918,339137907,339141318,0,339141321,339141324,339141328,1,2,6,15,10,-1,3411,-339141318,339141321,3,4,17,3438
534,339293614,339293614,339293616,339293621,339293627,339293637,339293628,339296067,0,339296069,339296072,339296076,0,2,5,11,10,1,2439,-339296067,339296069,3,4,14,2462
535,339384611,339384612,339384614,339384618,339384622,339384633,339384624,339387904,0,339387907,339387910,339387914,1,2,4,8,11,2,3280,-339387904,339387907,3,4,13,3303
536,339486078,339486079,339486081,339486086,339486094,339486103,339486093,339489464,0,339489467,339489470,339489475,1,2,5,13,9,-1,3371,-339489464,339489467,3,5,15,3397
537,339590286,339590287,339590289,339590294,339590301,339590310,339590300,339593599,0,339593603,339593605,339593609,1,2,5,12,9,-1,3299,-339593599,339593603,2,4,14,3323
538,341015181,341015182,341015184,341015191,341015197,341015208,341015198,341017731,0,341017734,341017737,341017740,1,2,7,13,11,1,2533,-341017731,341017734,3,3,17,2559
539,341679307,341679307,341679309,341679313,341679318,341679327,341679320,341682088,0,341682091,341682093,341682098,0,2,4,9,9,2,2768,-341682088,341682091,2,5,13,2791
540,342004305,342004305,342004307,342004311,342004316,342004327,342004318,342007310,0,342007312,342007317,342007322,0,2,4,9,11,2,2992,-342007310,342007312,5,5,13,3017
541,342031034,342031035,342031037,342031042,342031049,342031058,342031049,342034416,0,342034418,342034421,342034425,1,2,5,12,9,0,3367,-342034416,342034418,3,4,15,3391
542,342176999,342177000,342177002,342177006,342177011,342177022,342177014,342179322,0,342179325,342179328,342179332,1,2,4,9,11,3,2308,-342179322,342179325,3,4,15,2333
543,342270256,342270258,342270260,342270268,342270279,342270281,342270275,342273465,0,342273468,342273471,342273477,2,2,8,19,2,-4,3190,-342273465,342273468,3,6,19,3221
544,342270262,342270262,342270281,342270287,342270295,342270316,342270308,342273593,0,342273595,342273598,342273603,0,19,6,14,21,13,3285,-342273593,342273595,3,5,46,3341
545,342662466,342662467,342662469,342662475,342662481,342662491,342662483,342665631,0,342665633,342665638,342665643,1,2,6,12,10,2,3148,-342665631,342665633,5,5,17,3177
546,342886036,342886037,342886039,342886048,342886056,342886058,342886054,342889162,0,342889165,342889167,342889172,1,2,9,17,2,-2,3108,-342889162,342889165,2,5,18,3136
547,343128138,343128139,343128140,343128144,343128150,343128158,343128151,343131085,0,343131088,343131091,343131096,1,1,4,10,8,1,2934,-343131085,343131088,3,5,13,2958
548,343901395,343901396,343901398,343901402,343901407,343901418,343901409,343903850,0,343903853,343903855,343903860,1,2,4,9,11,2,2441,-343903850,343903853,2,5,14,2465
549,344270508,344270509,344270512,344270519,344270529,344270530,344270526,344273643,0,344273646,344273649,344273654,1,3,7,17,1,-3,3117,-344273643,344273646,3,5,18,3146
550,344270550,344270551,344270553,344270559,344270566,344270576,344270565,344273796,0,344273801,344273804,344273811,1,2,6,13,10,-1,3231,-344273796,344273801,3,7,15,3261
551,344270557,344270558,344270567,344270572,344270579,344270592,344270584,344273865,0,344273867,344273870,344273875,1,9,5,12,13,5,3281,-344273865,344273867,3,5,27,3318
552,346128491,346128491,346128493,346128500,346128508,346128518,346128509,346131233,0,346131236,346131239,346131244,0,2,7,15,10,1,2724,-346131233,346131236,3,5,18,2753
553,346134422,346134423,346134424,346134428,346134432,346134445,346134437,346137624,0,346137627,346137630,346137635,1,1,4,8,13,5,3187,-346137624,346137627,3,5,15,3213
554,346140826,346140827,346140829,346140832,346140836,346140845,346140838,346143172,0,346143174,346143176,346143181,1,2,3,7,9,2,2334,-346143172,346143174,2,5,12,2355
555,346145106,346145107,346145109,346145112,346145115,346145126,346145118,346147514,0,346147518,346147520,346147525,1,2,3,6,11,3,2396,-346147514,346147518,2,5,12,2419
556,346151507,346151508,346151510,346151512,346151517,346151526,346151519,346154740,0,346154743,346154746,346154751,1,2,2,7,9,2,3221,-346154740,346154743,3,5,12,3244
557,346158039,346158040,346158041,346158044,346158048,346158058,346158050,346161356,0,346161359,346161361,346161366,1,1,3,7,10,2,3306,-346161356,346161359,2,5,11,3327
558,346635777,346635778,346635779,346635783,346635788,346635798,346635790,346638223,0,346638226,346638229,346638233,1,1,4,9,10,2,2433,-346638223,346638226,3,4,13,2456
559,346677079,346677080,346677082,346677085,346677089,346677099,346677091,346679499,0,346679502,346679504,346679509,1,2,3,7,10,2,2408,-346679499,346679502,2,5,12,2430
560,346695760,346695762,346695763,346695766,346695769,346695779,346695772,346698168,0,346698171,346698174,346698180,2,1,3,6,10,3,2396,-346698168,346698171,3,6,12,2420
561,346900633,346900634,346900636,346900640,346900644,346900657,346900648,346902987,0,346902989,346902991,346902996,1,2,4,8,13,4,2339,-346902987,346902989,2,5,15,2363
562,347126546,347126547,347126549,347126552,347126556,347126568,347126559,347129818,0,347129822,347129824,347129828,1,2,3,7,12,3,3259,-347129818,347129822,2,4,13,3282
563,347126638,347126639,347126641,347126645,347126649,347126657,347126650,347128926,0,347128929,347128931,347128936,1,2,4,8,8,1,2276,-347128926,347128929,2,5,12,2298
564,347235398,347235399,347235401,347235405,347235409,347235420,347235412,347238269,0,347238272,347238274,347238279,1,2,4,8,11,3,2857,-347238269,347238272,2,5,14,2881
565,347239265,347239266,347239268,347239271,347239276,347239285,347239278,347241537,0,347241539,347241542,347241546,1,2,3,8,9,2,2259,-347241537,347241539,3,4,13,2281
566,347348211,347348212,347348214,347348217,347348222,347348231,347348224,347350596,0,347350599,347350602,347350605,1,2,3,8,9,2,2372,-347350596,347350599,3,3,13,2394
567,347501765,347501766,347501768,347501772,347501776,347501786,347501778,347504003,0,347504007,347504009,347504014,1,2,4,8,10,2,2225,-347504003,347504007,2,5,13,2249
568,347898849,347898850,347898852,347898856,347898861,347898871,347898864,347902028,0,347902031,347902034,347902038,1,2,4,9,10,3,3164,-347902028,347902031,3,4,15,3189
569,347918483,347918484,347918486,347918489,347918494,347918504,347918496,347920812,0,347920815,347920817,347920822,1,2,3,8,10,2,2316,-347920812,347920815,2,5,13,2339
570,349203472,349203473,349203475,349203481,349203487,349203497,349203489,349206030,0,349206034,349206037,349206041,1,2,6,12,10,2,2541,-349206030,349206034,3,4,17,2569
571,349332507,349332508,349332510,349332515,349332520,349332530,349332522,349335484,0,349335486,349335489,349335493,1,2,5,10,10,2,2962,-349335484,349335486,3,4,15,2986
572,351161405,351161406,351161408,351161414,351161419,351161431,351161422,351164363,0,351164365,351164368,351164373,1,2,6,11,12,3,2941,-351164363,351164365,3,5,17,2968
573,351168741,351168742,351168743,351168746,351168751,351168761,351168754,351171119,0,351171121,351171124,351171128,1,1,3,8,10,3,2365,-351171119,351171121,3,4,13,2387
574,351843132,351843133,351843135,351843140,351843146,351843156,351843147,351846419,0,351846421,351846425,351846429,1,2,5,11,10,1,3272,-351846419,351846421,4,4,15,3297
575,352129202,352129203,352129205,352129210,352129216,352129228,352129220,352131651,0,352131654,352131657,352131661,1,2,5,11,12,4,2431,-352131651,352131654,3,4,18,2459
576,352334694,352334695,352334697,352334705,352334712,352334715,352334712,352337917,0,352337919,352337921,352337926,1,2,8,15,3,0,3205,-352337917,352337919,2,5,18,3232
577,356492881,356492882,356492884,356492893,356492901,356492913,356492901,356495780,0,356495783,356495786,356495789,1,2,9,17,12,0,2879,-356495780,356495783,3,3,20,2908
578,358391486,358391487,358391489,358391497,358391506,358391507,358391506,358393833,0,358393836,358393839,358393844,1,2,8,17,1,0,2327,-358393833,358393836,3,5,20,2358
579,359169792,359169793,359169795,359169801,359169806,359169816,359169808,359172411,0,359172414,359172417,359172421,1,2,6,11,10,2,2603,-359172411,359172414,3,4,16,2629
580,359541978,359541979,359541981,359541985,359541990,359542000,359541992,359544314,0,359544318,359544320,359544324,1,2,4,9,10,2,2322,-359544314,359544318,2,4,14,2346
581,359997978,359997979,359997981,359997986,359997992,359998002,359997994,360001432,0,360001435,360001439,360001443,1,2,5,11,10,2,3438,-360001432,360001435,4,4,16,3465
582,361463654,361463655,361463657,361463664,361463671,361463681,361463672,361466894,0,361466897,361466900,361466905,1,2,7,14,10,1,3222,-361466894,361466897,3,5,18,3251
583,364632577,364632578,364632580,364632588,364632597,364632598,364632597,364634926,0,364634928,364634932,364634937,1,2,8,17,1,0,2329,-364634926,364634928,4,5,20,2360
584,366100954,366100957,366100977,366100980,366100984,366100996,366100992,366104369,0,366104372,366104373,366104378,3,20,3,7,12,8,3377,-366104369,366104372,1,5,38,3424
585,366100955,366100956,366100958,366100966,366100975,366100984,366100976,366104236,0,366104239,366104242,366104247,1,2,8,17,9,1,3260,-366104236,366104239,3,5,21,3292
586,367811346,367811347,367811349,367811357,367811364,367811375,367811366,367814346,0,367814349,367814352,367814357,1,2,8,15,11,2,2980,-367814346,367814349,3,5,20,3011
587,367959911,367959912,367959914,367959918,367959923,367959933,367959925,367962553,0,367962555,367962558,367962562,1,2,4,9,10,2,2628,-367962553,367962555,3,4,14,2651
588,371899631,371899632,371899634,371899644,371899658,371899659,371899654,371903213,0,371903216,371903219,371903224,1,2,10,24,1,-4,3559,-371903213,371903216,3,5,23,3593
589,372233134,372233135,372233137,372233141,372233149,372233158,372233149,372236577,0,372236579,372236582,372236586,1,2,4,12,9,0,3428,-372236577,372236579,3,4,15,3452
590,372280797,372280798,372280799,372280803,372280810,372280811,372280810,372284138,0,372284141,372284144,372284149,1,1,4,11,1,0,3328,-372284138,372284141,3,5,13,3352
591,372647008,372647009,372647011,372647016,372647023,372647032,372647023,372650440,0,372650442,372650445,372650449,1,2,5,12,9,0,3417,-372650440,372650442,3,4,15,3441
592,372664932,372664933,372664935,372664939,372664944,372664953,372664945,372668234,0,372668236,372668239,372668244,1,2,4,9,9,1,3289,-372668234,372668236,3,5,13,3312
593,372961478,372961479,372961481,372961487,372961493,372961502,372961494,372964570,0,372964573,372964576,372964579,1,2,6,12,9,1,3076,-372964570,372964573,3,3,16,3101
594,372966452,372966453,372966454,372966457,372966461,372966471,372966463,372969427,0,372969430,372969432,372969437,1,1,3,7,10,2,2964,-372969427,372969430,2,5,11,2985
595,374449851,374449854,374449872,374449875,374449879,374449883,374449896,374452877,0,374452879,374452881,374452885,3,18,3,7,4,17,2981,-374452877,374452879,2,4,45,3034
596,374449852,374449853,374449855,374449863,374449870,374449872,374449871,374452819,0,374452822,374452825,374452831,1,2,8,15,2,1,2948,-374452819,374452822,3,6,19,2979
597,377596814,377596815,377596817,377596824,377596831,377596840,377596832,377599897,0,377599901,377599904,377599909,1,2,7,14,9,1,3065,-377599897,377599901,3,5,18,3095
598,378545905,378545906,378545908,378545915,378545922,378545932,378545923,378548958,0,378548961,378548964,378548969,1,2,7,14,10,1,3035,-378548958,378548961,3,5,18,3064
599,378549773,378549774,378549776,378549779,378549783,378549793,378549785,378552414,0,378552417,378552419,378552424,1,2,3,7,10,2,2629,-378552414,378552417,2,5,12,2651
600,378553453,378553454,378553456,378553459,378553463,378553473,378553466,378556606,0,378556609,378556611,378556615,1,2,3,7,10,3,3140,-378556606,378556609,2,4,13,3162
601,378557502,378557503,378557505,378557508,378557511,378557521,378557513,378560576,0,378560578,378560580,378560585,1,2,3,6,10,2,3063,-378560576,378560578,2,5,11,3083
602,378561303,378561304,378561306,378561309,378561313,378561323,378561315,378564211,0,378564214,378564217,378564221,1,2,3,7,10,2,2896,-378564211,378564214,3,4,12,2918
603,378565544,378565545,378565547,378565550,378565553,378565565,378565557,378567960,0,378567963,378567966,378567971,1,2,3,6,12,4,2403,-378567960,378567963,3,5,13,2427
604,378569404,378569405,378569407,378569410,378569413,378569424,378569416,378572479,0,378572482,378572484,378572488,1,2,3,6,11,3,3063,-378572479,378572482,2,4,12,3084
605,378573916,378573916,378573918,378573921,378573925,378573934,378573927,378576195,0,378576198,378576200,378576205,0,2,3,7,9,2,2268,-378576195,378576198,2,5,11,2289
606,379021655,379021656,379021658,379021664,379021675,379021684,379021672,379024913,0,379024915,379024919,379024924,1,2,6,17,9,-3,3241,-379024913,379024915,4,5,17,3269
607,379144670,379144671,379144673,379144676,379144682,379144690,379144682,379147973,0,379147978,379147980,379147984,1,2,3,9,8,0,3291,-379147973,379147978,2,4,12,3314
608,379667172,379667173,379667175,379667179,379667185,379667195,379667187,379670520,0,379670523,379670526,379670530,1,2,4,10,10,2,3333,-379670520,379670523,3,4,15,3358
609,379672068,379672069,379672071,379672074,379672078,379672088,379672081,379674614,0,379674617,379674619,379674624,1,2,3,7,10,3,2533,-379674614,379674617,2,5,13,2556
610,380871093,380871094,380871096,380871102,380871110,380871118,380871109,380874511,0,380874514,380874517,380874520,1,2,6,14,8,-1,3402,-380874511,380874514,3,3,16,3427
611,381138708,381138709,381138710,381138716,381138723,381138724,381138723,381142293,0,381142295,381142299,381142303,1,1,6,13,1,0,3570,-381142293,381142295,4,4,15,3595
612,381742854,381742855,381742857,381742865,381742875,381742877,381742873,381746140,0,381746142,381746146,381746153,1,2,8,18,2,-2,3267,-381746140,381746142,4,7,19,3299
613,382056193,382056194,382056196,382056202,382056211,382056219,382056208,382059556,0,382059559,382059562,382059567,1,2,6,15,8,-3,3348,-382059556,382059559,3,5,15,3374
614,384052249,384052250,384052252,384052258,384052267,384052276,384052265,384055563,0,384055567,384055570,384055575,1,2,6,15,9,-2,3298,-384055563,384055567,3,5,16,3326
615,384064023,384064024,384064026,384064033,384064040,384064041,384064040,384067374,0,384067376,384067379,384067383,1,2,7,14,1,0,3334,-384067374,384067376,3,4,17,3360
616,384072890,384072891,384072893,384072896,384072902,384072911,384072903,384076147,0,384076150,384076152,384076156,1,2,3,9,9,1,3244,-384076147,384076150,2,4,13,3266
617,384100059,384100060,384100062,384100065,384100072,384100080,384100072,384103429,0,384103431,384103433,384103438,1,2,3,10,8,0,3357,-384103429,384103431,2,5,13,3379
618,384110317,384110318,384110320,384110325,384110331,384110332,384110331,384113650,0,384113654,384113656,384113661,1,2,5,11,1,0,3319,-384113650,384113654,2,5,14,3344
619,384225881,384225882,384225884,384225888,384225894,384225904,384225895,384229041,0,384229044,384229046,384229051,1,2,4,10,10,1,3146,-384229041,384229044,2,5,14,3170
620,384232503,384232504,384232506,384232509,384232515,384232523,384232516,384235822,0,384235825,384235827,384235832,1,2,3,9,8,1,3306,-384235822,384235825,2,5,13,3329
621,384480129,384480130,384480132,384480139,384480145,384480154,384480147,384483387,0,384483393,384483396,384483400,1,2,7,13,9,2,3240,-384483387,384483393,3,4,18,3271
622,384488118,384488119,384488121,384488124,384488128,384488139,384488131,384491192,0,384491194,384491197,384491201,1,2,3,7,11,3,3061,-384491192,384491194,3,4,13,3083
623,384620242,384620243,384620245,384620248,384620252,384620262,384620254,384623035,0,384623038,384623040,384623045,1,2,3,7,10,2,2781,-384623035,384623038,2,5,12,2803
624,385043137,385043137,385043140,385043145,385043153,385043162,385043153,385046690,0,385046693,385046697,385046701,0,3,5,13,9,0,3537,-385046690,385046693,4,4,16,3564
625,385043532,385043532,385043535,385043538,385043543,385043552,385043544,385046839,0,385046841,385046843,385046848,0,3,3,8,9,1,3295,-385046839,385046841,2,5,12,3316
626,385140496,385140497,385140499,385140503,385140508,385140518,385140510,385143874,0,385143876,385143879,385143883,1,2,4,9,10,2,3364,-385143874,385143876,3,4,14,3387
627,385460823,385460824,385460826,385460832,385460839,385460848,385460840,385464382,0,385464385,385464390,385464395,1,2,6,13,9,1,3542,-385464382,385464385,5,5,17,3572
628,385643480,385643481,385643483,385643487,385643493,385643501,385643493,385646692,0,385646696,385646698,385646702,1,2,4,10,8,0,3199,-385646692,385646696,2,4,13,3222
629,387072166,387072167,387072169,387072175,387072181,387072190,387072182,387075514,0,387075518,387075521,387075526,1,2,6,12,9,1,3332,-387075514,387075518,3,5,16,3360
630,387076308,387076309,387076311,387076314,387076318,387076329,387076321,387078890,0,387078893,387078895,387078900,1,2,3,7,11,3,2569,-387078890,387078893,2,5,13,2592
631,388068365,388068365,388068368,388068373,388068381,388068382,388068381,388072033,0,388072036,388072038,388072043,0,3,5,13,1,0,3652,-388072033,388072036,2,5,16,3678
632,388545449,388545450,388545452,388545457,388545465,388545466,388545465,388548859,0,388548862,388548864,388548869,1,2,5,13,1,0,3394,-388548859,388548862,2,5,16,3420
633,388640730,388640731,388640733,388640736,388640742,388640751,388640743,388644146,0,388644149,388644152,388644157,1,2,3,9,9,1,3403,-388644146,388644149,3,5,13,3427
634,389777865,389777866,389777868,389777874,389777880,389777889,389777881,389780990,0,389780993,389780997,389781003,1,2,6,12,9,1,3109,-389780990,389780993,4,6,16,3138
635,389912912,389912913,389912915,389912920,389912927,389912927,389912927,389916376,0,389916379,389916381,389916385,1,2,5,12,0,0,3449,-389916376,389916379,2,4,15,3473
636,389931416,389931417,389931419,389931426,389931432,389931441,389931432,389933973,0,389933975,389933978,389933983,1,2,7,13,9,0,2541,-389933973,389933975,3,5,16,2567
637,389931471,389931472,389931474,389931476,389931481,389931488,389931481,389934041,0,389934043,389934045,389934049,1,2,2,7,7,0,2560,-389934041,389934043,2,4,10,2578
638,390605850,390605851,390605853,390605860,390605866,390605876,390605868,390608715,0,390608718,390608721,390608726,1,2,7,13,10,2,2847,-390608715,390608718,3,5,18,2876
639,392276559,392276560,392276561,392276566,392276571,392276581,392276573,392279009,0,392279012,392279015,392279019,1,1,5,10,10,2,2436,-392279009,392279012,3,4,14,2460
640,392647730,392647731,392647733,392647740,392647748,392647757,392647747,392651177,0,392651179,392651182,392651186,1,2,7,15,9,-1,3430,-392651177,392651179,3,4,17,3456
641,393190014,393190015,393190017,393190024,393190031,393190041,393190032,393193200,0,393193202,393193205,393193209,1,2,7,14,10,1,3168,-393193200,393193202,3,4,18,3195
642,393668971,393668972,393668973,393668981,393668989,393668999,393668988,393672347,0,393672349,393672353,393672357,1,1,8,16,10,-1,3359,-393672347,393672349,4,4,17,3386
643,393680790,393680791,393680793,393680797,393680803,393680804,393680803,393684094,0,393684098,393684100,393684104,1,2,4,10,1,0,3291,-393684094,393684098,2,4,13,3314
644,393924883,393924883,393924885,393924891,393924897,393924898,393924897,393927410,0,393927413,393927416,393927420,0,2,6,12,1,0,2513,-393927410,393927413,3,4,14,2537
645,396005456,396005457,396005458,396005464,396005470,396005481,396005472,396008474,0,396008476,396008479,396008483,1,1,6,12,11,2,3002,-396008474,396008476,3,4,16,3027
646,396119524,396119524,396119526,396119532,396119541,396119542,396119539,396122782,0,396122785,396122789,396122794,0,2,6,15,1,-2,3243,-396122782,396122785,4,5,15,3270
647,396148201,396148202,396148204,396148207,396148212,396148222,396148214,396151032,0,396151035,396151037,396151042,1,2,3,8,10,2,2818,-396151032,396151035,2,5,13,2841
648,396213290,396213291,396213292,396213297,396213305,396213313,396213305,396216605,0,396216608,396216612,396216616,1,1,5,13,8,0,3300,-396216605,396216608,4,4,15,3326
649,396291997,396291998,396292000,396292005,396292011,396292021,396292012,396294620,0,396294623,396294626,396294631,1,2,5,11,10,1,2608,-396294620,396294623,3,5,15,2634
650,396347052,396347053,396347055,396347060,396347067,396347068,396347065,396350304,0,396350306,396350309,396350314,1,2,5,12,1,-2,3239,-396350304,396350306,3,5,13,3262
651,396473835,396473835,396473837,396473842,396473847,396473857,396473849,396476231,0,396476233,396476236,396476240,0,2,5,10,10,2,2382,-396476231,396476233,3,4,14,2405
652,396504997,396504997,396504999,396505003,396505010,396505010,396505010,396508219,0,396508222,396508225,396508229,0,2,4,11,0,0,3209,-396508219,396508222,3,4,13,3232
653,398152429,398152431,398152432,398152438,398152446,398152455,398152445,398155680,0,398155682,398155685,398155689,2,1,6,14,9,-1,3235,-398155680,398155682,3,4,16,3260
654,398653643,398653644,398653646,398653652,398653660,398653671,398653662,398656976,0,398656979,398656982,398656986,1,2,6,14,11,2,3314,-398656976,398656979,3,4,19,3343
655,399148537,399148538,399148540,399148547,399148555,399148565,399148554,399151947,0,399151950,399151953,399151958,1,2,7,15,10,-1,3393,-399151947,399151950,3,5,17,3421
656,399180793,399180794,399180796,399180800,399180807,399180816,399180807,399184354,0,399184358,399184361,399184365,1,2,4,11,9,0,3547,-399184354,399184358,3,4,14,3572
657,399185284,399185285,399185287,399185290,399185296,399185305,399185297,399188704,0,399188706,399188708,399188713,1,2,3,9,9,1,3407,-399188704,399188706,2,5,13,3429
658,399189518,399189525,399189532,399189536,399189541,399189556,399189550,399192881,0,399192883,399192886,399192890,7,7,4,9,15,9,3331,-399192881,399192883,3,4,32,3372
659,399193601,399193608,399193609,399193612,399193618,399193632,399193624,399196790,0,399196793,399196796,399196800,7,1,3,9,14,6,3166,-399196790,399196793,3,4,23,3199
660,399193995,399193996,399193998,399194001,399194007,399194018,399194006,399197176,0,399197178,399197181,399197185,1,2,3,9,11,-1,3170,-399197176,399197178,3,4,11,3190
661,399372848,399372849,399372850,399372855,399372861,399372871,399372862,399376242,0,399376246,399376249,399376253,1,1,5,11,10,1,3380,-399376242,399376246,3,4,14,3405
662,399378307,399378308,399378310,399378313,399378318,399378328,399378320,399381634,0,399381637,399381640,399381647,1,2,3,8,10,2,3314,-399381634,399381637,3,7,13,3340
663,399566882,399566883,399566885,399566890,399566898,399566906,399566898,399570204,0,399570208,399570211,399570216,1,2,5,13,8,0,3306,-399570204,399570208,3,5,16,3334
664,400150384,400150385,400150387,400150396,400150404,400150412,400150404,400153879,0,400153881,400153885,400153890,1,2,9,17,8,0,3475,-400153879,400153881,4,5,20,3506
665,400154533,400154534,400154536,400154540,400154545,400154553,400154546,400157912,0,400157915,400157918,400157922,1,2,4,9,8,1,3366,-400157912,400157915,3,4,13,3389
666,400462973,400462974,400462976,400462982,400462989,400462990,400462989,400466186,0,400466189,400466193,400466197,1,2,6,13,1,0,3197,-400466186,400466189,4,4,16,3224
667,400492995,400492996,400492998,400493002,400493008,400493016,400493009,400496337,0,400496339,400496342,400496346,1,2,4,10,8,1,3328,-400496337,400496339,3,4,14,3351
668,400585775,400585776,400585778,400585781,400585787,400585796,400585787,400589123,0,400589126,400589129,400589133,1,2,3,9,9,0,3336,-400589123,400589126,3,4,12,3358
669,401010465,401010466,401010468,401010472,401010479,401010488,401010478,401013847,0,401013850,401013852,401013857,1,2,4,11,9,-1,3369,-401013847,401013850,2,5,13,3392
670,401016754,401016755,401016757,401016760,401016765,401016774,401016767,401020049,0,401020052,401020054,401020059,1,2,3,8,9,2,3282,-401020049,401020052,2,5,13,3305
671,402300013,402300014,402300016,402300022,402300030,402300038,402300030,402303370,0,402303372,402303375,402303380,1,2,6,14,8,0,3340,-402303370,402303372,3,5,17,3367
672,402582550,402582550,402582552,402582557,402582564,402582565,402582564,402585980,0,402585982,402585985,402585989,0,2,5,12,1,0,3416,-402585980,402585982,3,4,14,3439
673,403216731,403216732,403216734,403216740,403216747,403216748,403216747,403220213,0,403220215,403220219,403220223,1,2,6,13,1,0,3466,-403220213,403220215,4,4,16,3492
674,403221070,403221071,403221073,403221076,403221082,403221091,403221083,403224443,0,403224446,403224449,403224454,1,2,3,9,9,1,3360,-403224443,403224446,3,5,13,3384
675,404280211,404280212,404280214,404280221,404280228,404280237,404280229,404282667,0,404282670,404282673,404282678,1,2,7,14,9,1,2438,-404282667,404282670,3,5,18,2467
676,405146193,405146194,405146196,405146202,405146210,405146219,405146209,405149624,0,405149626,405149630,405149634,1,2,6,14,9,-1,3415,-405149624,405149626,4,4,16,3441
677,405183911,405183912,405183913,405183917,405183924,405183933,405183924,405187178,0,405187182,405187186,405187190,1,1,4,11,9,0,3254,-405187178,405187182,4,4,13,3279
678,405189171,405189172,405189174,405189177,405189183,405189192,405189184,405192489,0,405192491,405192493,405192498,1,2,3,9,9,1,3305,-405192489,405192491,2,5,13,3327
679,405285054,405285054,405285056,405285062,405285067,405285075,405285068,405287571,0,405287573,405287578,405287583,0,2,6,11,8,1,2503,-405287571,405287573,5,5,14,2529
680,405307520,405307521,405307523,405307526,405307530,405307541,405307533,405309792,0,405309794,405309796,405309801,1,2,3,7,11,3,2259,-405309792,405309794,2,5,13,2281
681,405450367,405450368,405450370,405450375,405450383,405450396,405450382,405453828,0,405453831,405453835,405453840,1,2,5,13,13,-1,3446,-405453828,405453831,4,5,15,3473
682,405489725,405489726,405489728,405489734,405489741,405489751,405489741,405493146,0,405493148,405493151,405493155,1,2,6,13,10,0,3405,-405493146,405493148,3,4,16,3430
683,405539981,405539982,405539984,405539991,405539998,405539999,405539998,405543293,0,405543296,405543299,405543305,1,2,7,14,1,0,3295,-405543293,405543296,3,6,17,3324
684,405540021,405540022,405540024,405540027,405540031,405540040,405540033,405543347,0,405543349,405543351,405543356,1,2,3,7,9,2,3314,-405543347,405543349,2,5,12,3335
685,405610101,405610102,405610104,405610107,405610114,405610124,405610114,405613474,0,405613477,405613481,405613485,1,2,3,10,10,0,3360,-405613474,405613477,4,4,13,3384
686,405617407,405617408,405617409,405617413,405617418,405617426,405617419,405620657,0,405620660,405620662,405620667,1,1,4,9,8,1,3238,-405620657,405620660,2,5,12,3260
687,405713061,405713063,405713065,405713069,405713074,405713085,405713076,405716201,0,405716204,405716209,405716213,2,2,4,9,11,2,3125,-405716201,405716204,5,4,15,3152
688,405997430,405997431,405997433,405997437,405997444,405997445,405997444,406000737,0,406000739,406000743,406000747,1,2,4,11,1,0,3293,-406000737,406000739,4,4,14,3317
689,406151906,406151907,406151908,406151915,406151921,406151930,406151921,406155266,0,406155268,406155271,406155275,1,1,7,13,9,0,3345,-406155266,406155268,3,4,15,3369
690,406648073,406648074,406648076,406648082,406648090,406648090,406648090,406651348,0,406651350,406651354,406651358,1,2,6,14,0,0,3258,-406651348,406651350,4,4,17,3285
691,406895792,406895792,406895794,406895800,406895808,406895817,406895807,406899124,0,406899127,406899130,406899135,0,2,6,14,9,-1,3317,-406899124,406899127,3,5,15,3343
692,407120430,407120431,407120433,407120437,407120444,407120452,407120444,407123744,0,407123747,407123750,407123754,1,2,4,11,8,0,3300,-407123744,407123747,3,4,14,3324
693,407148205,407148206,407148209,407148212,407148219,407148220,407148219,407151475,0,407151478,407151480,407151484,1,3,3,10,1,0,3256,-407151475,407151478,2,4,14,3279
694,407152315,407152316,407152317,407152321,407152326,407152334,407152327,407155727,0,407155729,407155732,407155736,1,1,4,9,8,1,3400,-407155727,407155729,3,4,12,3421
695,407159404,407159405,407159407,407159410,407159416,407159424,407159417,407162740,0,407162742,407162745,407162749,1,2,3,9,8,1,3323,-407162740,407162742,3,4,13,3345
696,407648296,407648298,407648300,407648304,407648311,407648320,407648310,407651759,0,407651761,407651763,407651767,2,2,4,11,9,-1,3449,-407651759,407651761,2,4,14,3471
697,407648461,407648462,407648463,407648467,407648472,407648481,407648473,407651644,0,407651647,407651650,407651654,1,1,4,9,9,1,3171,-407651644,407651647,3,4,12,3193
698,408004983,408004984,408004986,408004993,408004998,408005009,408005000,408008493,0,408008495,408008498,408008502,1,2,7,12,11,2,3493,-408008493,408008495,3,4,17,3519
699,408030535,408030536,408030537,408030541,408030545,408030556,408030547,408033592,0,408033595,408033598,408033603,1,1,4,8,11,2,3045,-408033592,408033595,3,5,12,3068
700,408040725,408040726,408040728,408040731,408040735,408040744,408040737,408043815,0,408043818,408043821,408043825,1,2,3,7,9,2,3078,-408043815,408043818,3,4,12,3100
701,408190766,408190767,408190769,408190775,408190783,408190792,408190782,408193907,0,408193910,408193914,408193918,1,2,6,14,9,-1,3125,-408193907,408193910,4,4,16,3152
702,408233739,408233740,408233741,408233745,408233752,408233760,408233752,408237006,0,408237008,408237011,408237015,1,1,4,11,8,0,3254,-408237006,408237008,3,4,13,3276
703,408278480,408278482,408278484,408278491,408278500,408278512,408278499,408282011,0,408282013,408282015,408282026,2,2,7,16,12,-1,3512,-408282011,408282013,2,11,19,3546
704,408278492,408278493,408278507,408278511,408278518,408278537,408278524,408281859,0,408281861,408281863,408281868,1,14,4,11,19,6,3335,-408281859,408281861,2,5,32,3376
705,408280063,408280064,408280066,408280068,408280074,408280075,408280074,408283659,0,408283661,408283663,408283667,1,2,2,8,1,0,3585,-408283659,408283661,2,4,11,3604
706,408280112,408280112,408280114,408280117,408280122,408280123,408280122,408283814,0,408283816,408283818,408283824,0,2,3,8,1,0,3692,-408283814,408283816,2,6,10,3712
707,408280135,408280136,408280138,408280141,408280145,408280157,408280146,408283914,0,408283916,408283918,408283924,1,2,3,7,12,1,3768,-408283914,408283916,2,6,11,3789
708,408280162,408280163,408280165,408280169,408280174,408280194,408280174,408284067,0,408284069,408284071,408284075,1,2,4,9,20,0,3893,-408284067,408284069,2,4,12,3913
709,408280162,408280165,408280178,408280183,408280188,408280194,408280202,408283820,0,408283823,408283825,408283830,3,13,5,10,6,14,3618,-408283820,408283823,2,5,40,3668
710,408280176,408280177,408280192,408280195,408280199,408280224,408280209,408284216,0,408284218,408284220,408284223,1,15,3,7,25,10,4007,-408284216,408284218,2,3,33,4047
711,408280227,408280228,408280230,408280234,408280239,408280248,408280241,408284326,0,408284329,408284331,408284341,1,2,4,9,9,2,4085,-408284326,408284329,2,10,14,4114
712,408424187,408424188,408424190,408424196,408424203,408424211,408424205,408427515,0,408427517,408427520,408427524,1,2,6,13,8,2,3310,-408427515,408427517,3,4,18,3337
713,408424215,408424220,408424225,408424228,408424234,408424244,408424232,408427643,0,408427645,408427647,408427651,5,5,3,9,10,-2,3411,-408427643,408427645,2,4,17,3436
714,408454130,408454131,408454133,408454138,408454144,408454156,408454146,408456907,0,408456909,408456913,408456918,1,2,5,11,12,2,2761,-408456907,408456909,4,5,16,2788
715,408595402,408595403,408595405,408595410,408595418,408595427,408595416,408598510,0,408598513,408598516,408598520,1,2,5,13,9,-2,3094,-408598510,408598513,3,4,14,3118
716,408681342,408681343,408681345,408681350,408681358,408681367,408681357,408684477,0,408684480,408684482,408684487,1,2,5,13,9,-1,3120,-408684477,408684480,2,5,15,3145
717,408712278,408712279,408712281,408712286,408712293,408712294,408712294,408715591,0,408715593,408715595,408715600,1,2,5,12,1,1,3297,-408715591,408715593,2,5,16,3322
718,409250287,409250288,409250290,409250295,409250303,409250304,409250303,409253636,0,409253639,409253641,409253646,1,2,5,13,1,0,3333,-409253636,409253639,2,5,16,3359
719,409250292,409250294,409250309,409250311,409250317,409250331,409250315,409253833,0,409253836,409253838,409253844,2,15,2,8,14,-2,3518,-409253833,409253836,2,6,23,3552
720,409250307,409250308,409250321,409250324,409250329,409250357,409250345,409253839,0,409253843,409253845,409253849,1,13,3,8,28,16,3494,-409253839,409253843,2,4,38,3542
721,409365369,409365370,409365372,409365376,409365383,409365393,409365383,409368576,0,409368578,409368580,409368585,1,2,4,11,10,0,3193,-409368576,409368578,2,5,14,3216
722,409780036,409780037,409780038,409780043,409780050,409780060,409780050,409783236,0,409783239,409783241,409783246,1,1,5,12,10,0,3186,-409783236,409783239,2,5,14,3210
723,409988291,409988292,409988294,409988300,409988307,409988314,409988308,409991674,0,409991676,409991679,409991683,1,2,6,13,7,1,3366,-409991674,409991676,3,4,17,3392
724,410109128,410109129,410109131,410109135,410109141,410109148,410109142,410112735,0,410112738,410112741,410112746,1,2,4,10,7,1,3593,-410112735,410112738,3,5,14,3618
725,410152802,410152803,410152805,410152809,410152815,410152826,410152816,410156241,0,410156244,410156246,410156250,1,2,4,10,11,1,3425,-410156241,410156244,2,4,14,3448
726,410152864,410152865,410152867,410152870,410152875,410152881,410152875,410156485,0,410156487,410156489,410156494,1,2,3,8,6,0,3610,-410156485,410156487,2,5,11,3630
727,410306881,410306882,410306884,410306889,410306895,410306904,410306896,410309780,0,410309782,410309787,410309790,1,2,5,11,9,1,2884,-410309780,410309782,5,3,15,2909
728,410446793,410446794,410446796,410446801,410446808,410446809,410446808,410450042,0,410450044,410450046,410450051,1,2,5,12,1,0,3234,-410450042,410450044,2,5,15,3258
729,410571374,410571375,410571377,410571380,410571387,410571397,410571390,410574641,0,410574644,410574647,410574652,1,2,3,10,10,3,3251,-410574641,410574644,3,5,16,3278
730,410819103,410819104,410819106,410819112,410819119,410819120,410819119,410822384,0,410822386,410822391,410822395,1,2,6,13,1,0,3265,-410822384,410822386,5,4,16,3292
731,410872228,410872230,410872232,410872237,410872243,410872253,410872244,410876248,0,410876251,410876255,410876260,2,2,5,11,10,1,4004,-410876248,410876251,4,5,16,4032
732,411127490,411127491,411127493,411127499,411127506,411127517,411127505,411130909,0,411130912,411130915,411130920,1,2,6,13,11,-1,3404,-411130909,411130912,3,5,15,3430
733,411127508,411127509,411127511,411127513,411127518,411127532,411127526,411130963,0,411130965,411130967,411130971,1,2,2,7,14,8,3437,-411130963,411130965,2,4,18,3463
734,411233695,411233696,411233697,411233702,411233711,411233723,411233710,411236895,0,411236897,411236901,411236905,1,1,5,14,12,-1,3185,-411236895,411236897,4,4,15,3210
735,411390601,411390603,411390605,411390611,411390619,411390626,411390618,411393871,0,411393873,411393876,411393880,2,2,6,14,7,-1,3253,-411393871,411393873,3,4,17,3279
736,411477949,411477950,411477952,411477957,411477964,411477975,411477967,411480216,0,411480219,411480224,411480227,1,2,5,12,11,3,2249,-411480216,411480219,5,3,18,2278
737,411484132,411484133,411484135,411484138,411484143,411484153,411484145,411487190,0,411487193,411487195,411487199,1,2,3,8,10,2,3045,-411487190,411487193,2,4,13,3067
738,411537769,411537770,411537772,411537776,411537783,411537792,411537782,411541031,0,411541033,411541036,411541040,1,2,4,11,9,-1,3249,-411541031,411541033,3,4,13,3271
739,411740432,411740432,411740434,411740442,411740450,411740459,411740448,411743554,0,411743557,411743560,411743565,0,2,8,16,9,-2,3106,-411743554,411743557,3,5,16,3133
740,411832278,411832279,411832280,411832289,411832296,411832303,411832296,411835762,0,411835764,411835767,411835771,1,1,9,16,7,0,3466,-411835762,411835764,3,4,18,3493
741,412024185,412024186,412024188,412024192,412024198,412024207,412024199,412027344,0,412027347,412027351,412027355,1,2,4,10,9,1,3145,-412027344,412027347,4,4,14,3170
742,412057436,412057437,412057439,412057443,412057450,412057458,412057449,412060625,0,412060628,412060631,412060635,1,2,4,11,8,-1,3176,-412060625,412060628,3,4,13,3199
743,413548232,413548234,413548236,413548243,413548251,413548263,413548251,413551493,0,413551496,413551498,413551503,2,2,7,15,12,0,3242,-413551493,413551496,2,5,19,3271
744,413608890,413608891,413608893,413608899,413608905,413608912,413608905,413611681,0,413611684,413611686,413611691,1,2,6,12,7,0,2776,-413611681,413611684,2,5,15,2801
745,413693479,413693480,413693481,413693485,413693489,413693500,413693491,413695780,0,413695783,413695785,413695789,1,1,4,8,11,2,2289,-413695780,413695783,2,4,12,2310
746,413836671,413836672,413836673,413836678,413836683,413836693,413836684,413839781,0,413839784,413839786,413839792,1,1,5,10,10,1,3097,-413839781,413839784,2,6,13,3121
747,413994690,413994691,413994693,413994699,413994708,413994718,413994706,413998008,0,413998011,413998014,413998018,1,2,6,15,10,-2,3302,-413998008,413998011,3,4,16,3328
748,414007118,414007119,414007121,414007125,414007131,414007139,414007131,414010394,0,414010397,414010399,414010404,1,2,4,10,8,0,3263,-414010394,414010397,2,5,13,3286
749,414027950,414027951,414027953,414027957,414027963,414027972,414027963,414031223,0,414031226,414031229,414031234,1,2,4,10,9,0,3260,-414031223,414031226,3,5,13,3284
750,414478959,414478960,414478962,414478967,414478973,414478985,414478975,414481414,0,414481417,414481420,414481424,1,2,5,11,12,2,2439,-414481414,414481417,3,4,16,2465
751,414718753,414718754,414718756,414718761,414718766,414718774,414718768,414721214,0,414721217,414721219,414721223,1,2,5,10,8,2,2446,-414721214,414721217,2,4,15,2470
752,414756650,414756651,414756652,414756657,414756663,414756672,414756664,414759038,0,414759040,414759043,414759047,1,1,5,11,9,1,2374,-414759038,414759040,3,4,14,2397
753,414766274,414766275,414766277,414766280,414766285,414766293,414766287,414768666,0,414768670,414768672,414768677,1,2,3,8,8,2,2379,-414768666,414768670,2,5,13,2403
754,414798271,414798272,414798274,414798278,414798282,414798292,414798284,414800551,0,414800554,414800557,414800561,1,2,4,8,10,2,2267,-414800551,414800554,3,4,13,2290
755,414981699,414981700,414981702,414981706,414981712,414981723,414981713,414984105,0,414984108,414984110,414984114,1,2,4,10,11,1,2392,-414984105,414984108,2,4,14,2415
756,415443960,415443961,415443963,415443969,415443976,415443992,415443976,415447174,0,415447177,415447180,415447185,1,2,6,13,16,0,3198,-415447174,415447177,3,5,16,3225
757,415660010,415660010,415660012,415660018,415660026,415660037,415660025,415663288,0,415663290,415663293,415663297,0,2,6,14,11,-1,3263,-415663288,415663290,3,4,15,3287
758,416455740,416455741,416455743,416455749,416455757,416455772,416455757,416459098,0,416459100,416459103,416459107,1,2,6,14,15,0,3341,-416459098,416459100,3,4,17,3367
759,416525737,416525738,416525740,416525745,416525751,416525758,416525752,416529201,0,416529204,416529207,416529211,1,2,5,11,7,1,3449,-416529201,416529204,3,4,15,3474
760,417260260,417260261,417260263,417260268,417260276,417260285,417260275,417263422,0,417263424,417263428,417263433,1,2,5,13,9,-1,3147,-417263422,417263424,4,5,15,3173
761,417335801,417335802,417335804,417335809,417335817,417335827,417335816,417339146,0,417339148,417339151,417339156,1,2,5,13,10,-1,3330,-417339146,417339148,3,5,15,3355
762,417506402,417506403,417506405,417506411,417506418,417506427,417506418,417509618,0,417509620,417509624,417509629,1,2,6,13,9,0,3200,-417509618,417509620,4,5,16,3227
763,417778842,417778843,417778845,417778850,417778858,417778870,417778857,417782241,0,417782244,417782247,417782252,1,2,5,13,12,-1,3384,-417782241,417782244,3,5,15,3410
764,417855798,417855799,417855801,417855806,417855813,417855823,417855812,417859050,0,417859054,417859057,417859061,1,2,5,12,10,-1,3238,-417859050,417859054,3,4,14,3263
765,417946604,417946605,417946607,417946613,417946620,417946626,417946620,417949856,0,417949859,417949862,417949866,1,2,6,13,6,0,3236,-417949856,417949859,3,4,16,3262
766,418286786,418286787,418286788,418286793,418286801,418286803,418286800,418290154,0,418290157,418290161,418290166,1,1,5,13,2,-1,3354,-418290154,418290157,4,5,14,3380
767,419655296,419655297,419655299,419655305,419655313,419655332,419655315,419658951,0,419658953,419658955,419658964,1,2,6,14,19,2,3636,-419658951,419658953,2,9,19,3668
768,419655336,419655338,419655340,419655343,419655348,419655354,419655349,419658794,0,419658797,419658800,419658804,2,2,3,8,6,1,3445,-419658794,419658797,3,4,13,3468
769,419821580,419821581,419821583,419821588,419821596,419821606,419821594,419824849,0,419824851,419824855,419824858,1,2,5,13,10,-2,3255,-419824849,419824851,4,3,14,3278
770,419882103,419882104,419882106,419882112,419882119,419882130,419882119,419885577,0,419885580,419885583,419885587,1,2,6,13,11,0,3458,-419885577,419885580,3,4,16,3484
771,419953414,419953415,419953417,419953423,419953430,419953431,419953430,419955850,0,419955853,419955857,419955861,1,2,6,13,1,0,2420,-419955850,419955853,4,4,16,2447
772,420014397,420014399,420014401,420014405,420014412,420014423,420014412,420017732,0,420017735,420017737,420017741,2,2,4,11,11,0,3320,-420017732,420017735,2,4,15,3344
773,420026730,420026731,420026733,420026737,420026744,420026744,420026744,420029984,0,420029986,420029989,420029993,1,2,4,11,0,0,3240,-420029984,420029986,3,4,14,3263
774,420217289,420217290,420217291,420217297,420217305,420217312,420217305,420220604,0,420220607,420220609,420220613,1,1,6,14,7,0,3299,-420220604,420220607,2,4,16,3324
775,420366111,420366112,420366114,420366119,420366126,420366133,420366126,420369434,0,420369436,420369438,420369443,1,2,5,12,7,0,3308,-420369434,420369436,2,5,15,3332
776,420469890,420469891,420469893,420469899,420469904,420469912,420469906,420473195,0,420473197,420473200,420473204,1,2,6,11,8,2,3289,-420473195,420473197,3,4,16,3314
777,420817598,420817598,420817600,420817606,420817614,420817623,420817613,420820838,0,420820841,420820843,420820848,0,2,6,14,9,-1,3225,-420820838,420820841,2,5,15,3250
778,420968420,420968421,420968423,420968428,420968433,420968445,420968437,420971885,0,420971888,420971892,420971896,1,2,5,10,12,4,3448,-420971885,420971888,4,4,17,3476
779,421702813,421702814,421702816,421702823,421702831,421702840,421702830,421706255,0,421706258,421706263,421706266,1,2,7,15,9,-1,3425,-421706255,421706258,5,3,17,3453
780,422198648,422198649,422198651,422198657,422198664,422198672,422198663,422202015,0,422202018,422202020,422202025,1,2,6,13,8,-1,3352,-422202015,422202018,2,5,15,3377
781,422273547,422273548,422273550,422273555,422273562,422273570,422273561,422276824,0,422276826,422276829,422276834,1,2,5,12,8,-1,3263,-422276824,422276826,3,5,14,3287
782,422377364,422377365,422377367,422377370,422377376,422377383,422377377,422380951,0,422380953,422380955,422380960,1,2,3,9,7,1,3574,-422380951,422380953,2,5,13,3596
783,422495656,422495657,422495659,422495663,422495669,422495679,422495669,422498968,0,422498971,422498974,422498979,1,2,4,10,10,0,3299,-422498968,422498971,3,5,13,3323
784,422657887,422657887,422657889,422657894,422657901,422657909,422657900,422661194,0,422661197,422661201,422661205,0,2,5,12,8,-1,3294,-422661194,422661197,4,4,13,3318
785,423509514,423509515,423509517,423509525,423509533,423509544,423509533,423512848,0,423512851,423512854,423512859,1,2,8,16,11,0,3315,-423512848,423512851,3,5,19,3345
786,423636907,423636908,423636910,423636914,423636920,423636930,423636922,423639626,0,423639629,423639632,423639637,1,2,4,10,10,2,2704,-423639626,423639629,3,5,15,2730
787,423639992,423639993,423639995,423639998,423640003,423640012,423640005,423642514,0,423642517,423642521,423642525,1,2,3,8,9,2,2509,-423642514,423642517,4,4,13,2533
788,423827085,423827086,423827088,423827093,423827101,423827109,423827100,423830417,0,423830419,423830422,423830425,1,2,5,13,8,-1,3317,-423830417,423830419,3,3,15,3340
789,423918873,423918874,423918876,423918881,423918888,423918889,423918888,423922044,0,423922047,423922050,423922055,1,2,5,12,1,0,3156,-423922044,423922047,3,5,15,3182
790,424031980,424031981,424031983,424031987,424031993,424032002,424031994,424034431,0,424034433,424034437,424034442,1,2,4,10,9,1,2437,-424034431,424034433,4,5,14,2462
791,424032804,424032805,424032807,424032811,424032815,424032831,424032817,424035191,0,424035193,424035195,424035200,1,2,4,8,16,2,2374,-424035191,424035193,2,5,13,2396
792,424032887,424032888,424032890,424032892,424032897,424032904,424032898,424035319,0,424035320,424035322,424035326,1,2,2,7,7,1,2421,-424035319,424035320,2,4,11,2439
793,425294912,425294913,425294915,425294921,425294928,425294937,425294928,425298375,0,425298378,425298381,425298386,1,2,6,13,9,0,3447,-425298375,425298378,3,5,16,3474
794,425894402,425894403,425894405,425894411,425894418,425894419,425894418,425897671,0,425897673,425897676,425897680,1,2,6,13,1,0,3253,-425897671,425897673,3,4,16,3278
795,426157743,426157744,426157746,426157751,426157756,426157766,426157758,426160980,0,426160983,426160986,426160990,1,2,5,10,10,2,3222,-426160980,426160983,3,4,15,3247
796,426162316,426162317,426162318,426162322,426162327,426162348,426162335,426165602,0,426165605,426165607,426165612,1,1,4,9,21,8,3267,-426165602,426165605,2,5,19,3296
797,426451807,426451808,426451810,426451816,426451821,426451831,426451823,426454847,0,426454850,426454853,426454857,1,2,6,11,10,2,3024,-426454847,426454850,3,4,16,3050
798,428656939,428656942,428656944,428656953,428656965,428656966,428656962,428660350,0,428660354,428660357,428660361,3,2,9,21,1,-3,3388,-428660350,428660354,3,4,23,3422
799,428665138,428665139,428665141,428665144,428665151,428665161,428665152,428668364,0,428668367,428668369,428668374,1,2,3,10,10,1,3212,-428668364,428668367,2,5,14,3236
800,429411412,429411415,429411416,429411422,429411430,429411438,429411429,429414831,0,429414835,429414838,429414842,3,1,6,14,8,-1,3402,-429414831,429414835,3,4,17,3430
801,430894555,430894557,430894559,430894568,430894577,430894579,430894576,430898022,0,430898025,430898027,430898031,2,2,9,18,2,-1,3446,-430898022,430898025,2,4,21,3476
802,430898944,430898945,430898947,430898950,430898956,430898962,430898956,430902355,0,430902359,430902361,430902366,1,2,3,9,6,0,3399,-430902355,430902359,2,5,12,3422
803,430903212,430903213,430903214,430903220,430903225,430903236,430903227,430906584,0,430906586,430906589,430906593,1,1,6,11,11,2,3357,-430906584,430906586,3,4,15,3381
804,434296810,434296811,434296813,434296822,434296832,434296845,434296831,434300055,0,434300058,434300063,434300068,1,2,9,19,13,-1,3224,-434300055,434300058,5,5,21,3258
805,434697665,434697666,434697668,434697675,434697685,434697694,434697682,434700922,0,434700926,434700929,434700932,1,2,7,17,9,-3,3240,-434700922,434700926,3,3,17,3267
806,435816478,435816480,435816482,435816491,435816501,435816502,435816499,435819947,0,435819950,435819953,435819957,2,2,9,19,1,-2,3448,-435819947,435819950,3,4,21,3479
807,436063130,436063131,436063133,436063137,436063145,436063152,436063144,436066552,0,436066555,436066558,436066562,1,2,4,12,7,-1,3408,-436066552,436066555,3,4,14,3432
808,436076669,436076670,436076672,436076678,436076686,436076694,436076685,436079889,0,436079892,436079895,436079899,1,2,6,14,8,-1,3204,-436079889,436079892,3,4,16,3230
809,437398425,437398426,437398428,437398435,437398442,437398449,437398443,437400825,0,437400828,437400830,437400834,1,2,7,14,7,1,2382,-437400825,437400828,2,4,18,2409
810,437409013,437409014,437409016,437409019,437409024,437409032,437409027,437411392,0,437411395,437411398,437411402,1,2,3,8,8,3,2365,-437411392,437411395,3,4,14,2389
811,437435368,437435369,437435371,437435374,437435378,437435397,437435382,437437614,0,437437617,437437619,437437624,1,2,3,7,19,4,2232,-437437614,437437617,2,5,14,2256
812,438233569,438233570,438233572,438233578,438233588,438233597,438233585,438237048,0,438237051,438237054,438237059,1,2,6,16,9,-3,3463,-438237048,438237051,3,5,16,3490
813,438237903,438237904,438237905,438237909,438237915,438237923,438237915,438241223,0,438241226,438241230,438241235,1,1,4,10,8,0,3308,-438241223,438241226,4,5,12,3332
814,438241936,438241937,438241939,438241942,438241948,438241956,438241949,438245235,0,438245239,438245241,438245246,1,2,3,9,8,1,3286,-438245235,438245239,2,5,13,3310
815,438586285,438586286,438586288,438586295,438586303,438586311,438586303,438589694,0,438589697,438589700,438589704,1,2,7,15,8,0,3391,-438589694,438589697,3,4,18,3419
816,440169316,440169317,440169319,440169326,440169333,440169345,440169335,440172341,0,440172343,440172346,440172352,1,2,7,14,12,2,3006,-440172341,440172343,3,6,19,3036
817,441047531,441047532,441047534,441047540,441047546,441047554,441047547,441050266,0,441050269,441050271,441050275,1,2,6,12,8,1,2719,-441050266,441050269,2,4,16,2744
818,442221416,442221417,442221419,442221426,442221432,442221434,442221433,442224634,0,442224637,442224639,442224644,1,2,7,13,2,1,3201,-442224634,442224637,2,5,17,3228
819,442225814,442225815,442225817,442225820,442225825,442225841,442225828,442228784,0,442228787,442228791,442228796,1,2,3,8,16,3,2956,-442228784,442228787,4,5,14,2982
820,442497571,442497574,442497576,442497580,442497585,442497597,442497587,442500164,0,442500166,442500168,442500173,3,2,4,9,12,2,2577,-442500164,442500166,2,5,16,2602
821,443200690,443200691,443200693,443200699,443200706,443200707,443200706,443204095,0,443204098,443204101,443204106,1,2,6,13,1,0,3389,-443204095,443204098,3,5,16,3416
822,443489668,443489669,443489671,443489676,443489681,443489698,443489685,443492304,0,443492307,443492310,443492315,1,2,5,10,17,4,2619,-443492304,443492307,3,5,17,2647
823,443489704,443489705,443489707,443489709,443489713,443489726,443489715,443492458,0,443492460,443492462,443492467,1,2,2,6,13,2,2743,-443492458,443492460,2,5,11,2763
824,443750423,443750424,443750426,443750430,443750436,443750445,443750437,443753068,0,443753070,443753073,443753077,1,2,4,10,9,1,2631,-443753068,443753070,3,4,14,2654
825,444796202,444796205,444796205,444796213,444796222,444796224,444796220,444799458,0,444799461,444799464,444799468,3,0,8,17,2,-2,3238,-444799458,444799461,3,4,18,3266
826,444916200,444916203,444916205,444916210,444916216,444916228,444916218,444919235,0,444919238,444919240,444919245,3,2,5,11,12,2,3017,-444919235,444919238,2,5,18,3045
827,444916231,444916233,444916235,444916237,444916241,444916257,444916244,444919360,0,444919362,444919364,444919368,2,2,2,6,16,3,3116,-444919360,444919362,2,4,13,3137
828,444940196,444940197,444940199,444940202,444940207,444940224,444940209,444942605,0,444942608,444942610,444942614,1,2,3,8,17,2,2396,-444942605,444942608,2,4,13,2418
829,444940202,444940203,444940211,444940213,444940216,444940224,444940239,444942740,0,444942742,444942743,444942747,1,8,2,5,8,23,2501,-444942740,444942742,1,4,37,2545
830,444967724,444967725,444967727,444967730,444967736,444967743,444967737,444970519,0,444970521,444970524,444970528,1,2,3,9,7,1,2782,-444970519,444970521,3,4,13,2804
831,445165567,445165567,445165570,445165573,445165578,445165588,445165579,445168087,0,445168090,445168093,445168098,0,3,3,8,10,1,2508,-445168087,445168090,3,5,12,2531
832,445165572,445165573,445165583,445165585,445165589,445165615,445165603,445168216,0,445168218,445168220,445168224,1,10,2,6,26,14,2613,-445168216,445168218,2,4,31,2652
833,445760231,445760232,445760234,445760238,445760244,445760256,445760246,445762893,0,445762896,445762900,445762905,1,2,4,10,12,2,2647,-445762893,445762896,4,5,15,2674
834,445835408,445835409,445835411,445835416,445835423,445835429,445835422,445838678,0,445838682,445838684,445838689,1,2,5,12,6,-1,3256,-445838678,445838682,2,5,14,3281
835,446594930,446594931,446594933,446594937,446594944,446594955,446594946,446598422,0,446598425,446598427,446598431,1,2,4,11,11,2,3476,-446598422,446598425,2,4,16,3501
836,446594959,446594960,446594962,446594965,446594970,446594985,446594970,446598665,0,446598667,446598669,446598677,1,2,3,8,15,0,3695,-446598665,446598667,2,8,11,3718
837,446601953,446601959,446601959,446601963,446601969,446601979,446601968,446605300,0,446605302,446605305,446605309,6,0,4,10,10,-1,3332,-446605300,446605302,3,4,15,3356
838,446614169,446614170,446614172,446614176,446614180,446614197,446614183,446617052,0,446617055,446617057,446617062,1,2,4,8,17,3,2869,-446617052,446617055,2,5,14,2893
839,447573693,447573694,447573696,447573704,447573712,447573723,447573711,447576599,0,447576601,447576605,447576609,1,2,8,16,11,-1,2888,-447576599,447576601,4,4,18,2916
840,447785271,447785273,447785275,447785281,447785289,447785297,447785289,447788523,0,447788527,447788530,447788535,2,2,6,14,8,0,3234,-447788523,447788527,3,5,18,3264
841,447952743,447952744,447952746,447952751,447952757,447952768,447952758,447956216,0,447956218,447956221,447956225,1,2,5,11,11,1,3458,-447956216,447956218,3,4,15,3482
842,448121047,448121048,448121049,448121054,448121060,448121072,448121063,448124181,0,448124184,448124188,448124192,1,1,5,11,12,3,3118,-448124181,448124184,4,4,16,3145
843,448516153,448516154,448516156,448516160,448516165,448516176,448516167,448518787,0,448518790,448518792,448518797,1,2,4,9,11,2,2620,-448518787,448518790,2,5,14,2644
844,449475779,449475779,449475781,449475786,449475792,449475802,449475793,449478238,0,449478241,449478244,449478247,0,2,5,11,10,1,2445,-449478238,449478241,3,3,14,2468
845,449801139,449801140,449801142,449801145,449801150,449801159,449801151,449803910,0,449803912,449803917,449803921,1,2,3,8,9,1,2759,-449803910,449803912,5,4,12,2782
846,449943074,449943076,449943078,449943082,449943088,449943089,449943088,449945545,0,449945548,449945550,449945555,2,2,4,10,1,0,2457,-449945545,449945548,2,5,14,2481
847,450155968,450155969,450155971,450155976,450155982,450155991,450155984,450158340,0,450158343,450158346,450158351,1,2,5,11,9,2,2356,-450158340,450158343,3,5,16,2383
848,450655376,450655376,450655378,450655383,450655392,450655409,450655396,450657942,0,450657945,450657947,450657952,0,2,5,14,17,4,2546,-450657942,450657945,2,5,20,2576
849,451102238,451102239,451102241,451102246,451102251,451102261,451102253,451105512,0,451105515,451105518,451105523,1,2,5,10,10,2,3259,-451105512,451105515,3,5,15,3285
850,451112924,451112925,451112927,451112930,451112934,451112944,451112937,451115191,0,451115194,451115197,451115201,1,2,3,7,10,3,2254,-451115191,451115194,3,4,13,2277
851,451619632,451619633,451619635,451619642,451619648,451619660,451619650,451622289,0,451622292,451622295,451622299,1,2,7,13,12,2,2639,-451622289,451622292,3,4,18,2667
852,451948497,451948498,451948500,451948504,451948510,451948519,451948511,451950878,0,451950880,451950883,451950887,1,2,4,10,9,1,2367,-451950878,451950880,3,4,14,2390
853,452157154,452157154,452157156,452157160,452157166,452157177,452157167,452159821,0,452159824,452159826,452159830,0,2,4,10,11,1,2654,-452159821,452159824,2,4,13,2676
854,452157181,452157182,452157184,452157187,452157190,452157212,452157194,452159963,0,452159965,452159967,452159972,1,2,3,6,22,4,2769,-452159963,452159965,2,5,13,2791
855,452157181,452157184,452157195,452157197,452157201,452157212,452157222,452160037,0,452160039,452160041,452160045,3,11,2,6,11,21,2815,-452160037,452160039,2,4,41,2864
856,452434690,452434691,452434693,452434696,452434700,452434719,452434704,452437658,0,452437660,452437663,452437668,1,2,3,7,19,4,2954,-452437658,452437660,3,5,14,2978
857,452475995,452475996,452475998,452476001,452476005,452476024,452476008,452478663,0,452478666,452478668,452478672,1,2,3,7,19,3,2655,-452478663,452478666,2,4,13,2677
858,452475999,452476000,452476010,452476012,452476015,452476024,452476036,452478819,0,452478821,452478822,452478827,1,10,2,5,9,21,2783,-452478819,452478821,1,5,37,2828
859,452673270,452673271,452673273,452673277,452673282,452673292,452673284,452676501,0,452676503,452676508,452676513,1,2,4,9,10,2,3217,-452676501,452676503,5,5,14,3243
860,452970630,452970631,452970633,452970639,452970644,452970654,452970645,452973816,0,452973819,452973822,452973826,1,2,6,11,10,1,3171,-452973816,452973819,3,4,15,3196
861,453326581,453326584,453326586,453326591,453326597,453326605,453326599,453329652,0,453329656,453329658,453329662,3,2,5,11,8,2,3053,-453329652,453329656,2,4,18,3081
862,453821707,453821708,453821710,453821716,453821722,453821733,453821723,453825028,0,453825031,453825035,453825039,1,2,6,12,11,1,3305,-453825028,453825031,4,4,16,3332
863,454229701,454229702,454229704,454229709,454229716,454229726,454229717,454233040,0,454233043,454233046,454233051,1,2,5,12,10,1,3323,-454233040,454233043,3,5,16,3350
864,454372011,454372011,454372013,454372017,454372022,454372039,454372024,454374873,0,454374876,454374879,454374883,0,2,4,9,17,2,2849,-454374873,454374876,3,4,13,2872
865,454372042,454372044,454372045,454372048,454372052,454372065,454372054,454375025,0,454375027,454375029,454375033,2,1,3,7,13,2,2971,-454375025,454375027,2,4,12,2991
866,454749009,454749010,454749012,454749016,454749024,454749032,454749024,454751497,0,454751500,454751503,454751508,1,2,4,12,8,0,2473,-454751497,454751500,3,5,15,2499
867,454749485,454749486,454749488,454749491,454749496,454749513,454749499,454752155,0,454752157,454752160,454752164,1,2,3,8,17,3,2656,-454752155,454752157,3,4,14,2679
868,454751904,454751905,454751907,454751910,454751915,454751924,454751916,454754951,0,454754954,454754957,454754961,1,2,3,8,9,1,3035,-454754951,454754954,3,4,12,3057
869,455173298,455173299,455173300,455173306,455173311,455173320,455173312,455175845,0,455175848,455175851,455175856,1,1,6,11,9,1,2533,-455175845,455175848,3,5,14,2558
870,455672843,455672843,455672845,455672851,455672857,455672865,455672858,455675481,0,455675483,455675486,455675491,0,2,6,12,8,1,2623,-455675481,455675483,3,5,15,2648
871,455764716,455764717,455764719,455764723,455764727,455764738,455764729,455768102,0,455768105,455768107,455768111,1,2,4,8,11,2,3373,-455768102,455768105,2,4,13,3395
872,456330035,456330036,456330038,456330043,456330049,456330055,456330049,456332301,0,456332305,456332307,456332311,1,2,5,11,6,0,2252,-456332301,456332305,2,4,14,2276
873,456374546,456374547,456374549,456374553,456374557,456374567,456374559,456377445,0,456377447,456377449,456377454,1,2,4,8,10,2,2886,-456377445,456377447,2,5,13,2908
874,456379210,456379211,456379213,456379217,456379221,456379231,456379223,456382213,0,456382216,456382218,456382222,1,2,4,8,10,2,2990,-456382213,456382216,2,4,13,3012
875,456389254,456389255,456389257,456389260,456389264,456389273,456389265,456391451,0,456391453,456391456,456391460,1,2,3,7,9,1,2186,-456391451,456391453,3,4,11,2206
876,456446476,456446477,456446479,456446483,456446488,456446495,456446489,456449495,0,456449497,456449500,456449504,1,2,4,9,7,1,3006,-456449495,456449497,3,4,13,3028
877,456529064,456529065,456529066,456529072,456529078,456529087,456529079,456532284,0,456532286,456532289,456532293,1,1,6,12,9,1,3205,-456532284,456532286,3,4,15,3229
878,456577145,456577146,456577148,456577152,456577157,456577166,456577158,456580427,0,456580430,456580433,456580437,1,2,4,9,9,1,3269,-456580427,456580430,3,4,13,3292
879,456694051,456694052,456694054,456694058,456694064,456694074,456694065,456696819,0,456696821,456696824,456696828,1,2,4,10,10,1,2754,-456696819,456696821,3,4,14,2777
880,456728185,456728186,456728188,456728191,456728196,456728206,456728198,456731529,0,456731532,456731536,456731540,1,2,3,8,10,2,3331,-456731529,456731532,4,4,13,3355
881,457148027,457148028,457148030,457148034,457148040,457148050,457148041,457150523,0,457150526,457150528,457150532,1,2,4,10,10,1,2482,-457150523,457150526,2,4,14,2505
882,457148031,457148032,457148045,457148047,457148051,457148074,457148063,457150656,0,457150657,457150659,457150663,1,13,2,6,23,12,2593,-457150656,457150657,2,4,32,2632
883,457150792,457150793,457150795,457150798,457150803,457150811,457150804,457153151,0,457153154,457153156,457153160,1,2,3,8,8,1,2347,-457153151,457153154,2,4,12,2368
884,457460821,457460822,457460824,457460829,457460834,457460852,457460837,457464348,0,457464351,457464353,457464358,1,2,5,10,18,3,3511,-457464348,457464351,2,5,16,3537
885,457460856,457460857,457460859,457460861,457460865,457460874,457460866,457464478,0,457464480,457464482,457464487,1,2,2,6,9,1,3612,-457464478,457464480,2,5,10,3631
886,457673677,457673678,457673680,457673687,457673698,457673707,457673694,457676956,0,457676958,457676962,457676967,1,2,7,18,9,-4,3262,-457676956,457676958,4,5,17,3290
887,457707628,457707630,457707631,457707636,457707641,457707653,457707643,457710239,0,457710241,457710244,457710249,2,1,5,10,12,2,2596,-457710239,457710241,3,5,15,2621
888,457919594,457919595,457919597,457919602,457919607,457919616,457919609,457922772,0,457922774,457922778,457922782,1,2,5,10,9,2,3163,-457922772,457922774,4,4,15,3188
889,458176691,458176692,458176693,458176698,458176705,458176705,458176705,458179971,0,458179974,458179977,458179981,1,1,5,12,0,0,3266,-458179971,458179974,3,4,14,3290
890,458408032,458408032,458408034,458408039,458408046,458408054,458408045,458411483,0,458411485,458411488,458411492,0,2,5,12,8,-1,3438,-458411483,458411485,3,4,13,3460
891,458995880,458995881,458995883,458995889,458995895,458995896,458995895,458998316,0,458998319,458998321,458998326,1,2,6,12,1,0,2421,-458998316,458998319,2,5,15,2446
892,459175793,459175794,459175796,459175801,459175806,459175817,459175808,459178153,0,459178156,459178159,459178163,1,2,5,10,11,2,2345,-459178153,459178156,3,4,15,2370
893,459641130,459641131,459641133,459641139,459641148,459641149,459641146,459644518,0,459644521,459644524,459644528,1,2,6,15,1,-2,3372,-459644518,459644521,3,4,16,3398
894,459938068,459938069,459938071,459938076,459938082,459938090,459938083,459940849,0,459940852,459940854,459940859,1,2,5,11,8,1,2766,-459940849,459940852,2,5,15,2791
895,460720417,460720420,460720422,460720427,460720436,460720443,460720435,460723909,0,460723911,460723914,460723918,3,2,5,14,7,-1,3474,-460723909,460723911,3,4,18,3501
896,461149190,461149191,461149193,461149200,461149207,461149214,461149206,461152519,0,461152521,461152524,461152528,1,2,7,14,7,-1,3313,-461152519,461152521,3,4,16,3338
897,461268318,461268319,461268321,461268325,461268330,461268341,461268332,461271776,0,461271780,461271782,461271787,1,2,4,9,11,2,3444,-461271776,461271780,2,5,14,3469
898,461535228,461535229,461535231,461535235,461535242,461535243,461535242,461538504,0,461538507,461538511,461538515,1,2,4,11,1,0,3262,-461538504,461538507,4,4,14,3287
899,461541106,461541107,461541109,461541112,461541118,461541134,461541120,461544209,0,461544212,461544214,461544219,1,2,3,9,16,2,3089,-461544209,461544212,2,5,14,3113
900,462182687,462182689,462182691,462182697,462182704,462182705,462182704,462185659,0,462185662,462185666,462185670,2,2,6,13,1,0,2955,-462185659,462185662,4,4,17,2983
901,462422859,462422860,462422862,462422867,462422873,462422890,462422875,462425338,0,462425342,462425344,462425348,1,2,5,11,17,2,2463,-462425338,462425342,2,4,16,2489
902,462451561,462451562,462451564,462451569,462451577,462451584,462451577,462454896,0,462454898,462454901,462454905,1,2,5,13,7,0,3319,-462454896,462454898,3,4,16,3344
903,462451624,462451624,462451626,462451629,462451635,462451644,462451634,462455052,0,462455054,462455055,462455060,0,2,3,9,9,-1,3418,-462455052,462455054,1,5,10,3436
904,462539845,462539846,462539848,462539853,462539859,462539869,462539860,462542486,0,462542489,462542492,462542496,1,2,5,11,10,1,2626,-462542486,462542489,3,4,15,2651
905,462715627,462715628,462715630,462715635,462715641,462715650,462715642,462718890,0,462718892,462718895,462718899,1,2,5,11,9,1,3248,-462718890,462718892,3,4,15,3272
906,462920650,462920651,462920653,462920658,462920666,462920674,462920665,462924154,0,462924157,462924160,462924164,1,2,5,13,8,-1,3489,-462924154,462924157,3,4,15,3514
907,463042033,463042035,463042037,463042041,463042046,463042053,463042047,463045195,0,463045198,463045201,463045205,2,2,4,9,7,1,3148,-463045195,463045198,3,4,14,3172
908,463142507,463142509,463142511,463142515,463142521,463142533,463142523,463145721,0,463145724,463145726,463145731,2,2,4,10,12,2,3198,-463145721,463145724,2,5,16,3224
909,463673136,463673139,463673141,463673146,463673154,463673164,463673153,463676829,0,463676832,463676834,463676839,3,2,5,13,10,-1,3676,-463676829,463676832,2,5,17,3703
910,464217843,464217844,464217846,464217853,464217861,464217871,464217860,464220632,0,464220634,464220637,464220642,1,2,7,15,10,-1,2772,-464220632,464220634,3,5,17,2799
911,464217850,464217851,464217863,464217866,464217870,464217882,464217878,464220684,0,464220686,464220688,464220693,1,12,3,7,12,8,2806,-464220684,464220686,2,5,28,2843
912,464834211,464834212,464834214,464834218,464834224,464834232,464834225,464837476,0,464837479,464837481,464837485,1,2,4,10,8,1,3251,-464837476,464837479,2,4,14,3274
913,464834235,464834236,464834238,464834240,464834245,464834257,464834246,464837616,0,464837618,464837620,464837623,1,2,2,7,12,1,3370,-464837616,464837618,2,3,11,3388
914,465600092,465600092,465600094,465600099,465600105,465600117,465600107,465603830,0,465603832,465603835,465603839,0,2,5,11,12,2,3723,-465603830,465603832,3,4,15,3747
915,465722275,465722278,465722280,465722284,465722289,465722304,465722291,465724711,0,465724713,465724715,465724720,3,2,4,9,15,2,2420,-465724711,465724713,2,5,16,2445
916,466077116,466077117,466077119,466077124,466077132,466077132,466077132,466080547,0,466080550,466080554,466080558,1,2,5,13,0,0,3415,-466080547,466080550,4,4,16,3442
917,466336331,466336334,466336336,466336339,466336346,466336357,466336347,466339679,0,466339683,466339685,466339689,3,2,3,10,11,1,3332,-466339679,466339683,2,4,16,3358
918,466336361,466336362,466336364,466336366,466336372,466336373,466336372,466339895,0,466339898,466339899,466339904,1,2,2,8,1,0,3523,-466339895,466339898,1,5,11,3543
919,466368342,466368343,466368345,466368348,466368353,466368369,466368356,466371789,0,466371791,466371795,466371799,1,2,3,8,16,3,3433,-466371789,466371791,4,4,14,3457
920,466369366,466369367,466369369,466369371,466369377,466369395,466369379,466372550,0,466372552,466372554,466372558,1,2,2,8,18,2,3171,-466372550,466372552,2,4,13,3192
921,466799342,466799342,466799344,466799349,466799357,466799367,466799358,466802837,0,466802840,466802843,466802848,0,2,5,13,10,1,3479,-466802837,466802840,3,5,16,3506
922,466815241,466815242,466815244,466815247,466815253,466815263,466815253,466818560,0,466818563,466818565,466818571,1,2,3,9,10,0,3307,-466818560,466818563,2,6,12,3330
923,467203873,467203874,467203876,467203880,467203886,467203896,467203887,467207259,0,467207261,467207265,467207269,1,2,4,10,10,1,3372,-467207259,467207261,4,4,14,3396
924,467877914,467877915,467877917,467877922,467877929,467877930,467877929,467881379,0,467881382,467881385,467881392,1,2,5,12,1,0,3450,-467881379,467881382,3,7,15,3478
925,468655223,468655224,468655226,468655232,468655240,468655248,468655240,468658594,0,468658597,468658601,468658606,1,2,6,14,8,0,3354,-468658594,468658597,4,5,17,3383
926,468876790,468876791,468876793,468876801,468876811,468876821,468876809,468880220,0,468880223,468880227,468880231,1,2,8,18,10,-2,3411,-468880220,468880223,4,4,19,3441
927,469544984,469544985,469544987,469544992,469544999,469545006,469544999,469548040,0,469548044,469548046,469548050,1,2,5,12,7,0,3041,-469548040,469548044,2,4,15,3066
928,470567428,470567429,470567431,470567437,470567447,470567457,470567444,470570807,0,470570810,470570813,470570818,1,2,6,16,10,-3,3363,-470570807,470570810,3,5,16,3390
929,470678629,470678630,470678632,470678638,470678645,470678654,470678645,470682809,0,470682812,470682815,470682819,1,2,6,13,9,0,4164,-470682809,470682812,3,4,16,4190
930,470993309,470993310,470993312,470993317,470993324,470993332,470993324,470996697,0,470996700,470996702,470996706,1,2,5,12,8,0,3373,-470996697,470996700,2,4,15,3397
931,471206903,471206904,471206906,471206912,471206918,471206926,471206919,471210192,0,471210195,471210197,471210201,1,2,6,12,8,1,3273,-471210192,471210195,2,4,16,3298
932,471206929,471206930,471206932,471206935,471206939,471206952,471206940,471210342,0,471210343,471210345,471210350,1,2,3,7,13,1,3402,-471210342,471210343,2,5,11,3421
933,471551568,471551569,471551571,471551576,471551582,471551595,471551584,471554083,0,471554085,471554088,471554093,1,2,5,11,13,2,2499,-471554083,471554085,3,5,16,2525
934,471685985,471685987,471685989,471685994,471686002,471686009,471686001,471689485,0,471689488,471689491,471689496,2,2,5,13,7,-1,3484,-471689485,471689488,3,5,16,3511
935,472354982,472354983,472354985,472354991,472354997,472355008,472354998,472358260,0,472358265,472358267,472358271,1,2,6,12,11,1,3262,-472358260,472358265,2,4,16,3289
936,472963084,472963085,472963087,472963092,472963098,472963109,472963100,472966079,0,472966082,472966084,472966089,1,2,5,11,11,2,2979,-472966079,472966082,2,5,16,3005
937,472963113,472963114,472963116,472963118,472963122,472963138,472963126,472966290,0,472966292,472966294,472966299,1,2,2,6,16,4,3164,-472966290,472966292,2,5,13,3186
938,473054592,473054593,473054595,473054603,473054609,473054619,473054610,473057290,0,473057293,473057298,473057302,1,2,8,14,10,1,2680,-473057290,473057293,5,4,18,2710
939,473680065,473680066,473680068,473680072,473680077,473680086,473680078,473682821,0,473682824,473682827,473682831,1,2,4,9,9,1,2743,-473682821,473682824,3,4,13,2766
940,473793060,473793061,473793063,473793067,473793072,473793083,473793074,473796479,0,473796481,473796484,473796489,1,2,4,9,11,2,3405,-473796479,473796481,3,5,14,3429
941,473793161,473793161,473793163,473793166,473793170,473793176,473793170,473796709,0,473796711,473796713,473796718,0,2,3,7,6,0,3539,-473796709,473796711,2,5,9,3557
942,474233377,474233378,474233380,474233384,474233393,474233403,474233394,474235822,0,474235825,474235828,474235832,1,2,4,13,10,1,2428,-474235822,474235825,3,4,17,2455
943,477297555,477297556,477297558,477297564,477297572,477297584,477297573,477299982,0,477299985,477299988,477299993,1,2,6,14,12,1,2409,-477299982,477299985,3,5,18,2438
944,477885754,477885755,477885757,477885764,477885770,477885779,477885771,477889240,0,477889243,477889246,477889251,1,2,7,13,9,1,3469,-477889240,477889243,3,5,17,3497
945,478331748,478331751,478331753,478331760,478331771,478331772,478331767,478335604,0,478335606,478335609,478335613,3,2,7,18,1,-4,3837,-478335604,478335606,3,4,19,3865
946,478928978,478928979,478928981,478928986,478928992,478929003,478928994,478932175,0,478932178,478932181,478932186,1,2,5,11,11,2,3181,-478932175,478932178,3,5,16,3208
947,478932928,478932929,478932930,478932934,478932938,478932949,478932941,478935323,0,478935326,478935328,478935332,1,1,4,8,11,3,2382,-478935323,478935326,2,4,13,2404
948,479445670,479445672,479445674,479445679,479445684,479445692,479445686,479448166,0,479448168,479448171,479448175,2,2,5,10,8,2,2480,-479448166,479448168,3,4,16,2505
949,480052769,480052770,480052772,480052779,480052788,480052797,480052786,480056154,0,480056157,480056161,480056166,1,2,7,16,9,-2,3368,-480056154,480056157,4,5,17,3397
950,480293897,480293898,480293900,480293906,480293914,480293925,480293914,480297187,0,480297190,480297193,480297196,1,2,6,14,11,0,3273,-480297187,480297190,3,3,17,3299
951,480863075,480863076,480863078,480863086,480863093,480863103,480863094,480865568,0,480865570,480865576,480865581,1,2,8,15,10,1,2474,-480865568,480865570,6,5,19,2506
952,480866175,480866176,480866178,480866181,480866185,480866194,480866186,480869129,0,480869131,480869134,480869138,1,2,3,7,9,1,2943,-480869129,480869131,3,4,11,2963
953,480870144,480870145,480870147,480870150,480870154,480870163,480870155,480873474,0,480873476,480873479,480873483,1,2,3,7,9,1,3319,-480873474,480873476,3,4,11,3339
954,480955783,480955784,480955786,480955791,480955796,480955805,480955797,480959015,0,480959018,480959021,480959025,1,2,5,10,9,1,3218,-480959015,480959018,3,4,14,3242
955,482357371,482357372,482357374,482357379,482357386,482357398,482357391,482359934,0,482359936,482359939,482359943,1,2,5,12,12,5,2543,-482359934,482359936,3,4,20,2572
956,483006749,483006750,483006752,483006757,483006762,483006772,483006764,483009839,0,483009841,483009845,483009848,1,2,5,10,10,2,3075,-483009839,483009841,4,3,15,3099
957,483065838,483065839,483065841,483065845,483065849,483065859,483065851,483068224,0,483068227,483068230,483068234,1,2,4,8,10,2,2373,-483068224,483068227,3,4,13,2396
958,483106906,483106907,483106909,483106912,483106917,483106926,483106919,483109336,0,483109338,483109341,483109345,1,2,3,8,9,2,2417,-483109336,483109338,3,4,13,2439
959,483192353,483192354,483192356,483192359,483192364,483192374,483192366,483194750,0,483194753,483194755,483194760,1,2,3,8,10,2,2384,-483194750,483194753,2,5,13,2407
960,483691652,483691653,483691655,483691659,483691665,483691676,483691667,483693906,0,483693909,483693911,483693916,1,2,4,10,11,2,2239,-483693906,483693909,2,5,15,2264
961,484044484,484044485,484044487,484044493,484044498,484044508,484044500,484046940,0,484046943,484046946,484046951,1,2,6,11,10,2,2440,-484046940,484046943,3,5,16,2467
962,485365700,485365701,485365703,485365709,485365716,485365725,485365717,485369213,0,485369215,485369221,485369226,1,2,6,13,9,1,3496,-485369213,485369215,6,5,17,3526
963,485384986,485384989,485384991,485384997,485385002,485385010,485385004,485388230,0,485388233,485388235,485388240,3,2,6,11,8,2,3226,-485388230,485388233,2,5,18,3254
964,485647469,485647470,485647472,485647476,485647480,485647491,485647482,485649838,0,485649840,485649842,485649847,1,2,4,8,11,2,2356,-485649838,485649840,2,5,13,2378
965,486105150,486105152,486105155,486105159,486105165,486105176,486105166,486107664,0,486107666,486107669,486107673,2,3,4,10,11,1,2498,-486107664,486107666,3,4,16,2523
966,486190746,486190747,486190748,486190752,486190758,486190767,486190759,486193939,0,486193941,486193944,486193948,1,1,4,10,9,1,3180,-486193939,486193941,3,4,13,3202
967,486434075,486434078,486434080,486434084,486434089,486434101,486434091,486437437,0,486437440,486437442,486437446,3,2,4,9,12,2,3346,-486437437,486437440,2,4,16,3371
968,487504023,487504024,487504026,487504032,487504039,487504049,487504040,487506413,0,487506415,487506419,487506424,1,2,6,13,10,1,2373,-487506413,487506415,4,5,17,2401
969,491191916,491191918,491191920,491191932,491191949,491191952,491191942,491195164,0,491195167,491195170,491195174,2,2,12,29,3,-7,3222,-491195164,491195167,3,4,26,3258
970,491307600,491307601,491307603,491307610,491307618,491307628,491307619,491310148,0,491310150,491310153,491310158,1,2,7,15,10,1,2529,-491310148,491310150,3,5,19,2558
971,491307611,491307612,491307620,491307623,491307627,491307644,491307638,491310198,0,491310200,491310202,491310206,1,8,3,7,17,11,2560,-491310198,491310200,2,4,27,2595
972,493615733,493615734,493615736,493615744,493615753,493615763,493615754,493618185,0,493618188,493618191,493618195,1,2,8,17,10,1,2431,-493618185,493618188,3,4,21,2462
973,493701438,493701439,493701441,493701451,493701462,493701469,493701458,493704784,0,493704787,493704789,493704793,1,2,10,21,7,-4,3326,-493704784,493704787,2,4,20,3355
974,493701462,493701462,493701469,493701471,493701477,493701495,493701480,493704955,0,493704957,493704959,493704966,0,7,2,8,18,3,3475,-493704955,493704957,2,7,18,3504
975,494869816,494869817,494869819,494869824,494869830,494869841,494869832,494872267,0,494872270,494872274,494872278,1,2,5,11,11,2,2435,-494872267,494872270,4,4,16,2462
976,494870608,494870610,494870612,494870614,494870618,494870634,494870620,494873905,0,494873907,494873909,494873913,2,2,2,6,16,2,3285,-494873905,494873907,2,4,12,3305
977,495680925,495680927,495680929,495680936,495680945,495680957,495680945,495684237,0,495684239,495684242,495684246,2,2,7,16,12,0,3292,-495684237,495684239,3,4,20,3321
978,495801844,495801845,495801847,495801853,495801858,495801869,495801859,495804137,0,495804139,495804141,495804146,1,2,6,11,11,1,2278,-495804137,495804139,2,5,15,2302
979,495801872,495801873,495801876,495801878,495801882,495801892,495801883,495804336,0,495804339,495804341,495804345,1,3,2,6,10,1,2453,-495804336,495804339,2,4,11,2473
980,495825835,495825836,495825838,495825842,495825847,495825864,495825850,495829141,0,495829143,495829146,495829150,1,2,4,9,17,3,3291,-495829141,495829143,3,4,15,3315
981,495828718,495828719,495828721,495828724,495828728,495828744,495828732,495831140,0,495831142,495831144,495831148,1,2,3,7,16,4,2408,-495831140,495831142,2,4,14,2430
982,495832505,495832506,495832508,495832511,495832516,495832533,495832519,495835211,0,495835214,495835217,495835221,1,2,3,8,17,3,2692,-495835211,495835214,3,4,14,2716
983,495836433,495836434,495836436,495836439,495836443,495836459,495836446,495839719,0,495839722,495839724,495839735,1,2,3,7,16,3,3273,-495839719,495839722,2,11,13,3302
984,496480839,496480840,496480842,496480846,496480851,496480865,496480853,496483378,0,496483381,496483383,496483390,1,2,4,9,14,2,2525,-496483378,496483381,2,7,14,2551
985,497257037,497257038,497257040,497257048,497257056,497257057,497257056,497259857,0,497259860,497259863,497259868,1,2,8,16,1,0,2801,-497259857,497259860,3,5,19,2831
986,498448999,498449002,498449004,498449010,498449016,498449024,498449017,498451876,0,498451879,498451881,498451885,3,2,6,12,8,1,2859,-498451876,498451879,2,4,18,2886
987,498449028,498449030,498449033,498449035,498449039,498449053,498449041,498451995,0,498451997,498451999,498452002,2,3,2,6,14,2,2954,-498451995,498451997,2,3,13,2974
988,498465897,498465898,498465900,498465904,498465908,498465925,498465911,498468959,0,498468962,498468964,498468968,1,2,4,8,17,3,3048,-498468959,498468962,2,4,14,3071
989,498484296,498484297,498484299,498484303,498484307,498484324,498484310,498486873,0,498486876,498486878,498486883,1,2,4,8,17,3,2563,-498486873,498486876,2,5,14,2587
990,498736070,498736071,498736073,498736078,498736084,498736095,498736086,498738555,0,498738557,498738560,498738565,1,2,5,11,11,2,2469,-498738555,498738557,3,5,16,2495
991,499509313,499509314,499509316,499509320,499509325,499509342,499509328,499511948,0,499511952,499511954,499511959,1,2,4,9,17,3,2620,-499511948,499511952,2,5,15,2646
992,499543023,499543024,499543026,499543032,499543040,499543048,499543039,499546375,0,499546378,499546382,499546385,1,2,6,14,8,-1,3336,-499546375,499546378,4,3,16,3362
993,499559925,499559926,499559928,499559932,499559938,499559945,499559938,499563233,0,499563236,499563238,499563243,1,2,4,10,7,0,3295,-499563233,499563236,2,5,13,3318
994,499762266,499762267,499762269,499762273,499762279,499762289,499762280,499765140,0,499765142,499765144,499765149,1,2,4,10,10,1,2860,-499765140,499765142,2,5,14,2883
995,499781202,499781203,499781204,499781210,499781215,499781225,499781216,499784229,0,499784231,499784233,499784238,1,1,6,11,10,1,3013,-499784229,499784231,2,5,14,3036
996,499795955,499795956,499795958,499795961,499795966,499795982,499795968,499798447,0,499798450,499798453,499798456,1,2,3,8,16,2,2479,-499798447,499798450,3,3,13,2501
997,499975775,499975776,499975778,499975783,499975790,499975790,499975790,499978305,0,499978307,499978313,499978318,1,2,5,12,0,0,2515,-499978305,499978307,6,5,15,2543
998,500864733,500864734,500864736,500864740,500864747,500864757,500864748,500867056,0,500867058,500867061,500867065,1,2,4,11,10,1,2308,-500867056,500867058,3,4,15,2332
999,500877120,500877121,500877123,500877126,500877131,500877148,500877134,500880343,0,500880346,500880348,500880352,1,2,3,8,17,3,3209,-500880343,500880346,2,4,14,3232
1000,500915011,500915012,500915014,500915018,500915023,500915041,500915027,500918160,0,500918162,500918164,500918169,1,2,4,9,18,4,3133,-500918160,500918162,2,5,16,3158
1001,500954751,500954752,500954753,500954759,500954768,500954777,500954766,500957962,0,500957965,500957969,500957974,1,1,6,15,9,-2,3196,-500957962,500957965,4,5,15,3223
1002,500972021,500972025,500972027,500972032,500972037,500972045,500972038,500974675,0,500974679,500974682,500974687,4,2,5,10,8,1,2637,-500974675,500974679,3,5,17,2666
1003,501741179,501741181,501741183,501741188,501741194,501741205,501741196,501744664,0,501744668,501744670,501744675,2,2,5,11,11,2,3468,-501744664,501744668,2,5,17,3496
1004,501744714,501744715,501744717,501744720,501744724,501744738,501744727,501747026,0,501747028,501747030,501747035,1,2,3,7,14,3,2299,-501747026,501747028,2,5,13,2321
1005,501744851,501744852,501744854,501744857,501744861,501744868,501744862,501747236,0,501747238,501747240,501747245,1,2,3,7,7,1,2374,-501747236,501747238,2,5,11,2394
1006,501768569,501768570,501768572,501768577,501768581,501768592,501768583,501770792,0,501770794,501770796,501770802,1,2,5,9,11,2,2209,-501770792,501770794,2,6,14,2233
1007,501903844,501903847,501903848,501903852,501903857,501903874,501903859,501906206,0,501906208,501906211,501906215,3,1,4,9,17,2,2347,-501906206,501906208,3,4,15,2371
1008,502539789,502539790,502539792,502539799,502539810,502539812,502539806,502543364,0,502543366,502543370,502543374,1,2,7,18,2,-4,3558,-502543364,502543366,4,4,17,3585
1009,502556532,502556533,502556535,502556540,502556545,502556552,502556546,502559689,0,502559691,502559694,502559698,1,2,5,10,7,1,3143,-502559689,502559691,3,4,14,3166
1010,502568521,502568522,502568524,502568527,502568532,502568549,502568535,502571584,0,502571586,502571588,502571592,1,2,3,8,17,3,3049,-502571584,502571586,2,4,14,3071
1011,502943793,502943794,502943796,502943802,502943809,502943819,502943810,502946992,0,502946995,502947000,502947004,1,2,6,13,10,1,3182,-502946992,502946995,5,4,17,3211
1012,503144823,503144824,503144826,503144829,503144834,503144843,503144836,503148391,0,503148393,503148396,503148401,1,2,3,8,9,2,3555,-503148391,503148393,3,5,13,3578
1013,503235383,503235386,503235389,503235394,503235402,503235418,503235401,503238664,0,503238667,503238670,503238674,3,3,5,13,16,-1,3263,-503238664,503238667,3,4,18,3291
1014,503235403,503235404,503235408,503235410,503235416,503235442,503235430,503238810,0,503238812,503238814,503238819,1,4,2,8,26,14,3380,-503238810,503238812,2,5,27,3416
1015,503249144,503249145,503249147,503249153,503249158,503249174,503249161,503251632,0,503251634,503251637,503251641,1,2,6,11,16,3,2471,-503251632,503251634,3,4,17,2497
1016,504544314,504544315,504544317,504544323,504544331,504544332,504544331,504547804,0,504547807,504547809,504547814,1,2,6,14,1,0,3473,-504547804,504547807,2,5,17,3500
1017,504763407,504763408,504763410,504763416,504763421,504763429,504763423,504766660,0,504766663,504766665,504766669,1,2,6,11,8,2,3237,-504766660,504766663,2,4,16,3262
1018,504782428,504782429,504782431,504782434,504782438,504782454,504782442,504784605,0,504784607,504784609,504784614,1,2,3,7,16,4,2163,-504784605,504784607,2,5,14,2186
1019,505282140,505282141,505282143,505282147,505282152,505282170,505282158,505285398,0,505285401,505285404,505285408,1,2,4,9,18,6,3240,-505285398,505285401,3,4,18,3268
1020,505996105,505996105,505996107,505996113,505996121,505996134,505996121,505999507,0,505999510,505999512,505999517,0,2,6,14,13,0,3386,-505999507,505999510,2,5,16,3412
1021,505996123,505996124,505996128,505996130,505996136,505996158,505996145,505999697,0,505999699,505999701,505999705,1,4,2,8,22,9,3552,-505999697,505999699,2,4,22,3582
1022,506601081,506601082,506601084,506601090,506601097,506601098,506601097,506603618,0,506603621,506603625,506603630,1,2,6,13,1,0,2521,-506603618,506603621,4,5,16,2549
1023,507194674,507194675,507194677,507194682,507194689,507194701,507194690,507197645,0,507197647,507197650,507197655,1,2,5,12,12,1,2955,-507197645,507197647,3,5,16,2981
1024,507539538,507539539,507539541,507539546,507539553,507539561,507539554,507541893,0,507541895,507541898,507541902,1,2,5,12,8,1,2339,-507541893,507541895,3,4,16,2364
1025,507786565,507786566,507786568,507786573,507786579,507786590,507786581,507789089,0,507789092,507789094,507789098,1,2,5,11,11,2,2508,-507789089,507789092,2,4,16,2533
1026,508020364,508020365,508020367,508020373,508020379,508020392,508020380,508022780,0,508022782,508022787,508022790,1,2,6,12,13,1,2400,-508022780,508022782,5,3,16,2426
1027,509036079,509036080,509036082,509036089,509036099,509036100,509036096,509039317,0,509039320,509039324,509039329,1,2,7,17,1,-3,3221,-509039317,509039320,4,5,17,3250
1028,509095672,509095673,509095675,509095679,509095685,509095692,509095686,509098008,0,509098010,509098013,509098017,1,2,4,10,7,1,2322,-509098008,509098010,3,4,14,2345
1029,509424789,509424790,509424792,509424796,509424802,509424812,509424803,509427100,0,509427102,509427105,509427109,1,2,4,10,10,1,2297,-509427100,509427102,3,4,14,2320
1030,509424816,509424817,509424819,509424821,509424825,509424839,509424828,509427299,0,509427301,509427303,509427307,1,2,2,6,14,3,2471,-509427299,509427301,2,4,12,2491
1031,510125658,510125660,510125662,510125667,510125673,510125681,510125675,510128396,0,510128399,510128401,510128406,2,2,5,11,8,2,2721,-510128396,510128399,2,5,17,2748
1032,510249297,510249298,510249300,510249303,510249308,510249324,510249311,510251826,0,510251829,510251832,510251836,1,2,3,8,16,3,2515,-510251826,510251829,3,4,14,2539
1033,510305312,510305313,510305315,510305318,510305323,510305339,510305326,510308064,0,510308067,510308070,510308074,1,2,3,8,16,3,2738,-510308064,510308067,3,4,14,2762
1034,510563864,510563865,510563867,510563874,510563880,510563889,510563881,510566840,0,510566843,510566846,510566850,1,2,7,13,9,1,2959,-510566840,510566843,3,4,17,2986
1035,510749329,510749329,510749332,510749336,510749343,510749353,510749344,510751652,0,510751655,510751657,510751661,0,3,4,11,10,1,2308,-510751652,510751655,2,4,15,2332
1036,511526353,511526354,511526356,511526361,511526367,511526379,511526369,511529092,0,511529094,511529096,511529101,1,2,5,11,12,2,2723,-511529092,511529094,2,5,16,2748
1037,511536560,511536561,511536562,511536566,511536571,511536585,511536574,511538904,0,511538906,511538909,511538913,1,1,4,9,14,3,2330,-511538904,511538906,3,4,14,2353
1038,511562345,511562346,511562348,511562351,511562356,511562373,511562358,511564661,0,511564664,511564666,511564671,1,2,3,8,17,2,2303,-511564661,511564664,2,5,13,2326
1039,511562349,511562350,511562360,511562362,511562366,511562373,511562385,511564801,0,511564802,511564804,511564808,1,10,2,6,7,19,2416,-511564801,511564802,2,4,36,2459
1040,511586346,511586347,511586349,511586353,511586357,511586373,511586361,511588667,0,511588671,511588673,511588678,1,2,4,8,16,4,2306,-511588667,511588671,2,5,15,2332
1041,513702619,513702620,513702622,513702627,513702634,513702645,513702635,513705744,0,513705747,513705749,513705754,1,2,5,12,11,1,3109,-513705744,513705747,2,5,16,3135
1042,515456482,515456483,515456485,515456491,515456497,515456509,515456499,515459468,0,515459471,515459474,515459479,1,2,6,12,12,2,2969,-515459468,515459471,3,5,17,2997
1043,517418160,517418161,517418163,517418171,517418179,517418191,517418180,517421489,0,517421492,517421496,517421500,1,2,8,16,12,1,3309,-517421489,517421492,4,4,20,3340
1044,518250571,518250574,518250576,518250581,518250588,518250596,518250589,518253164,0,518253166,518253169,518253173,3,2,5,12,8,1,2575,-518253164,518253166,3,4,18,2602
1045,518537412,518537413,518537415,518537420,518537425,518537435,518537427,518540655,0,518540658,518540661,518540665,1,2,5,10,10,2,3228,-518540655,518540658,3,4,15,3253
1046,518862668,518862669,518862671,518862676,518862681,518862688,518862682,518865818,0,518865821,518865824,518865828,1,2,5,10,7,1,3136,-518865818,518865821,3,4,14,3160
1047,518869617,518869618,518869619,518869623,518869627,518869636,518869630,518872698,0,518872700,518872702,518872707,1,1,4,8,9,3,3068,-518872698,518872700,2,5,13,3090
1048,519453628,519453630,519453632,519453637,519453643,519453650,519453644,519456890,0,519456893,519456896,519456900,2,2,5,11,7,1,3246,-519456890,519456893,3,4,16,3272
1049,519453758,519453759,519453761,519453763,519453767,519453774,519453768,519457052,0,519457054,519457056,519457061,1,2,2,6,7,1,3284,-519457052,519457054,2,5,10,3303
1050,519909621,519909622,519909624,519909629,519909636,519909646,519909637,519912016,0,519912018,519912021,519912025,1,2,5,12,10,1,2379,-519912016,519912018,3,4,16,2404
1051,519929619,519929620,519929622,519929625,519929630,519929638,519929632,519931993,0,519931996,519931998,519932002,1,2,3,8,8,2,2361,-519931993,519931996,2,4,13,2383
1052,522078693,522078694,522078696,522078704,522078716,522078728,522078713,522082238,0,522082241,522082244,522082248,1,2,8,20,12,-3,3525,-522082238,522082241,3,4,20,3555
1053,522078715,522078716,522078723,522078726,522078732,522078751,522078739,522082370,0,522082372,522082373,522082378,1,7,3,9,19,7,3631,-522082370,522082372,1,5,24,3663
1054,522362832,522362833,522362835,522362839,522362847,522362848,522362847,522366351,0,522366354,522366356,522366361,1,2,4,12,1,0,3504,-522366351,522366354,2,5,15,3529
1055,522376037,522376038,522376040,522376048,522376058,522376067,522376055,522379330,0,522379334,522379338,522379342,1,2,8,18,9,-3,3275,-522379330,522379334,4,4,18,3305
1056,522582710,522582711,522582713,522582718,522582724,522582725,522582724,522585535,0,522585537,522585540,522585543,1,2,5,11,1,0,2811,-522585535,522585537,3,3,14,2833
1057,522582728,522582729,522582731,522582733,522582737,522582753,522582737,522585701,0,522585703,522585705,522585709,1,2,2,6,16,0,2964,-522585701,522585703,2,4,9,2981
1058,522643879,522643880,522643882,522643887,522643895,522643901,522643894,522647219,0,522647222,522647224,522647229,1,2,5,13,6,-1,3325,-522647219,522647222,2,5,15,3350
1059,525168448,525168449,525168451,525168459,525168467,525168470,525168469,525171559,0,525171563,525171567,525171572,1,2,8,16,3,2,3090,-525171559,525171563,4,5,21,3124
1060,528420899,528420902,528420904,528420912,528420920,528420921,528420920,528423330,0,528423334,528423336,528423341,3,2,8,16,1,0,2410,-528423330,528423334,2,5,21,2442
1061,528684906,528684907,528684909,528684916,528684922,528684933,528684924,528688111,0,528688114,528688116,528688121,1,2,7,13,11,2,3187,-528688111,528688114,2,5,18,3215
1062,532027690,532027691,532027693,532027703,532027712,532027714,532027712,532030982,0,532030985,532030989,532030993,1,2,10,19,2,0,3270,-532030982,532030985,4,4,22,3303
1063,532027696,532027696,532027715,532027718,532027722,532027727,532027738,532031031,0,532031033,532031035,532031039,0,19,3,7,5,16,3293,-532031031,532031033,2,4,42,3343
1064,532346759,532346760,532346762,532346769,532346775,532346786,532346776,532349292,0,532349295,532349299,532349303,1,2,7,13,11,1,2516,-532349292,532349295,4,4,17,2544
1065,532554441,532554442,532554444,532554447,532554452,532554462,532554454,532557435,0,532557437,532557440,532557444,1,2,3,8,10,2,2981,-532557435,532557437,3,4,13,3003
1066,533041055,533041056,533041058,533041062,533041068,533041078,533041070,533043884,0,533043887,533043891,533043895,1,2,4,10,10,2,2814,-533043884,533043887,4,4,15,2840
1067,533364788,533364789,533364791,533364794,533364799,533364809,533364801,533367627,0,533367629,533367632,533367636,1,2,3,8,10,2,2826,-533367627,533367629,3,4,13,2848
1068,533368467,533368468,533368470,533368473,533368477,533368487,533368480,533371021,0,533371023,533371026,533371030,1,2,3,7,10,3,2541,-533371021,533371023,3,4,13,2563
1069,533376091,533376092,533376094,533376097,533376101,533376110,533376103,533378646,0,533378650,533378653,533378657,1,2,3,7,9,2,2543,-533378646,533378650,3,4,12,2566
1070,533379777,533379778,533379780,533379782,533379786,533379796,533379788,533382968,0,533382970,533382972,533382977,1,2,2,6,10,2,3180,-533382968,533382970,2,5,11,3200
1071,533383840,533383841,533383843,533383845,533383850,533383861,533383853,533386322,0,533386325,533386327,533386332,1,2,2,7,11,3,2469,-533386322,533386325,2,5,13,2492
1072,533387224,533387225,533387226,533387229,533387233,533387242,533387235,533390249,0,533390252,533390254,533390258,1,1,3,7,9,2,3014,-533390249,533390252,2,4,11,3034
1073,534121551,534121552,534121554,534121560,534121565,534121575,534121566,534123915,0,534123917,534123920,534123925,1,2,6,11,10,1,2349,-534123915,534123917,3,5,15,2374
1074,535129277,535129280,535129282,535129289,535129297,535129299,535129298,535131929,0,535131932,535131934,535131938,3,2,7,15,2,1,2631,-535131929,535131932,2,4,21,2661
1075,535129287,535129288,535129306,535129308,535129313,535129338,535129319,535132112,0,535132114,535132116,535132123,1,18,2,7,25,6,2793,-535132112,535132114,2,7,32,2836
1076,535147310,535147311,535147313,535147316,535147321,535147337,535147325,535149741,0,535149744,535149746,535149751,1,2,3,8,16,4,2416,-535149741,535149744,2,5,15,2441
1077,535147344,535147345,535147347,535147349,535147353,535147368,535147356,535149880,0,535149882,535149884,535149888,1,2,2,6,15,3,2524,-535149880,535149882,2,4,12,2544
1078,535297709,535297710,535297712,535297722,535297732,535297738,535297729,535301198,0,535301201,535301203,535301207,1,2,10,20,6,-3,3469,-535301198,535301201,2,4,20,3498
1079,535651197,535651198,535651200,535651206,535651216,535651226,535651213,535654795,0,535654798,535654801,535654806,1,2,6,16,10,-3,3582,-535654795,535654798,3,5,16,3609
1080,537044412,537044413,537044414,537044420,537044426,537044436,537044428,537046959,0,537046961,537046965,537046970,1,1,6,12,10,2,2531,-537046959,537046961,4,5,16,2558
1081,537060872,537060874,537060875,537060879,537060885,537060893,537060886,537063288,0,537063290,537063292,537063296,2,1,4,10,8,1,2402,-537063288,537063290,2,4,14,2424
1082,537065834,537065835,537065837,537065841,537065846,537065856,537065848,537068664,0,537068666,537068670,537068675,1,2,4,9,10,2,2816,-537068664,537068666,4,5,14,2841
1083,537108180,537108181,537108182,537108188,537108196,537108203,537108197,537111498,0,537111500,537111503,537111508,1,1,6,14,7,1,3301,-537111498,537111500,3,5,17,3328
1084,537108184,537108186,537108203,537108207,537108213,537108232,537108217,537112597,0,537112599,537112601,537112605,2,17,4,10,19,4,4380,-537112597,537112599,2,4,33,4421
1085,537124268,537124269,537124271,537124274,537124280,537124288,537124281,537127669,0,537127671,537127674,537127678,1,2,3,9,8,1,3388,-537127669,537127671,3,4,13,3410
1086,537130463,537130465,537130466,537130474,537130481,537130484,537130480,537133497,0,537133499,537133501,537133505,2,1,8,15,3,-1,3017,-537133497,537133499,2,4,17,3042
1087,537147584,537147585,537147587,537147591,537147596,537147606,537147598,537150058,0,537150060,537150063,537150067,1,2,4,9,10,2,2460,-537150058,537150060,3,4,14,2483
1088,537170734,537170735,537170737,537170740,537170745,537170755,537170747,537173710,0,537173713,537173715,537173719,1,2,3,8,10,2,2963,-537173710,537173713,2,4,13,2985
1089,537196664,537196665,537196666,537196669,537196674,537196685,537196676,537199962,0,537199964,537199967,537199971,1,1,3,8,11,2,3286,-537199962,537199964,3,4,12,3307
1090,537200740,537200741,537200743,537200746,537200750,537200760,537200752,537203530,0,537203533,537203536,537203540,1,2,3,7,10,2,2778,-537203530,537203533,3,4,12,2800
1091,537646499,537646500,537646502,537646507,537646516,537646524,537646515,537650019,0,537650022,537650025,537650028,1,2,5,14,8,-1,3504,-537650019,537650022,3,3,16,3529
1092,537688195,537688196,537688198,537688202,537688210,537688221,537688209,537691761,0,537691765,537691768,537691772,1,2,4,12,11,-1,3552,-537691761,537691765,3,4,14,3577
1093,537712192,537712193,537712195,537712199,537712205,537712215,537712206,537715726,0,537715730,537715732,537715736,1,2,4,10,10,1,3520,-537715726,537715730,2,4,14,3544
1094,537715828,537715829,537715831,537715835,537715840,537715841,537715840,537719139,0,537719141,537719143,537719148,1,2,4,9,1,0,3299,-537719139,537719141,2,5,12,3320
1095,537719665,537719666,537719668,537719671,537719677,537719684,537719678,537722903,0,537722906,537722908,537722913,1,2,3,9,7,1,3225,-537722903,537722906,2,5,13,3248
1096,537743197,537743198,537743200,537743204,537743211,537743217,537743211,537746604,0,537746606,537746609,537746613,1,2,4,11,6,0,3393,-537746604,537746606,3,4,14,3416
1097,537767197,537767198,537767199,537767206,537767213,537767224,537767215,537770474,0,537770476,537770479,537770483,1,1,7,14,11,2,3259,-537770474,537770476,3,4,18,3286
1098,537767202,537767203,537767218,537767221,537767226,537767247,537767236,537770636,0,537770638,537770640,537770648,1,15,3,8,21,10,3400,-537770636,537770638,2,8,34,3446
1099,537791195,537791196,537791198,537791202,537791208,537791218,537791208,537794582,0,537794585,537794587,537794592,1,2,4,10,10,0,3374,-537794582,537794585,2,5,13,3397
1100,538052207,538052208,538052210,538052215,538052222,538052232,538052221,538055738,0,538055740,538055743,538055747,1,2,5,12,10,-1,3517,-538055738,538055740,3,4,14,3540
1101,538267872,538267873,538267875,538267883,538267889,538267898,538267889,538270416,0,538270418,538270422,538270427,1,2,8,14,9,0,2527,-538270416,538270418,4,5,17,2555
1102,538267966,538267967,538267969,538267972,538267976,538267983,538267976,538270468,0,538270471,538270473,538270477,1,2,3,7,7,0,2492,-538270468,538270471,2,4,10,2511
1103,539532654,539532656,539532657,539532663,539532672,539532679,539532672,539536243,0,539536246,539536249,539536253,2,1,6,15,7,0,3571,-539536243,539536246,3,4,18,3599
1104,540126321,540126322,540126324,540126331,540126339,540126348,540126337,540129916,0,540129918,540129921,540129925,1,2,7,15,9,-2,3579,-540129916,540129918,3,4,16,3604
1105,540127338,540127339,540127341,540127344,540127350,540127359,540127349,540130695,0,540130697,540130700,540130704,1,2,3,9,9,-1,3346,-540130695,540130697,3,4,11,3366
1106,540130416,540130417,540130419,540130422,540130427,540130434,540130428,540133683,0,540133687,540133689,540133693,1,2,3,8,7,1,3255,-540133683,540133687,2,4,12,3277
1107,540304852,540304853,540304855,540304859,540304865,540304871,540304865,540308459,0,540308462,540308465,540308469,1,2,4,10,6,0,3594,-540308459,540308462,3,4,13,3617
1108,540742154,540742155,540742157,540742162,540742170,540742171,540742170,540745596,0,540745599,540745602,540745606,1,2,5,13,1,0,3426,-540745596,540745599,3,4,16,3452
1109,540767432,540767433,540767435,540767439,540767445,540767456,540767447,540770876,0,540770878,540770881,540770885,1,2,4,10,11,2,3429,-540770876,540770878,3,4,15,3453
1110,542369846,542369847,542369848,542369856,542369867,542369868,542369865,542373427,0,542373429,542373432,542373436,1,1,8,19,1,-2,3562,-542373427,542373429,3,4,19,3590
1111,542590328,542590329,542590331,542590336,542590344,542590351,542590343,542593857,0,542593860,542593863,542593867,1,2,5,13,7,-1,3514,-542593857,542593860,3,4,15,3539
1112,542604347,542604347,542604349,542604353,542604359,542604370,542604361,542607773,0,542607776,542607778,542607782,0,2,4,10,11,2,3412,-542607773,542607776,2,4,14,3435
1113,542614469,542614470,542614472,542614475,542614480,542614491,542614482,542617977,0,542617980,542617982,542617987,1,2,3,8,11,2,3495,-542617977,542617980,2,5,13,3518
1114,542614495,542614496,542614498,542614500,542614505,542614506,542614505,542618134,0,542618136,542618138,542618142,1,2,2,7,1,0,3629,-542618134,542618136,2,4,10,3647
1115,542779464,542779465,542779467,542779472,542779477,542779484,542779478,542781998,0,542782001,542782003,542782008,1,2,5,10,7,1,2520,-542781998,542782001,2,5,14,2544
1116,543133448,543133449,543133451,543133460,543133471,543133472,543133468,543136725,0,543136728,543136731,543136736,1,2,9,20,1,-3,3257,-543136725,543136728,3,5,20,3288
1117,543144390,543144391,543144393,543144399,543144407,543144408,543144405,543147716,0,543147719,543147722,543147727,1,2,6,14,1,-2,3311,-543147716,543147719,3,5,15,3337
1118,543156673,543156674,543156676,543156682,543156690,543156692,543156689,543159907,0,543159910,543159914,543159918,1,2,6,14,2,-1,3218,-543159907,543159910,4,4,16,3245
1119,543174995,543174996,543174998,543175003,543175011,543175012,543175009,543178433,0,543178436,543178439,543178442,1,2,5,13,1,-2,3424,-543178433,543178436,3,3,14,3447
1120,543188734,543188735,543188737,543188743,543188751,543188753,543188749,543192237,0,543192239,543192242,543192246,1,2,6,14,2,-2,3488,-543192237,543192239,3,4,15,3512
1121,544544479,544544480,544544482,544544489,544544500,544544501,544544497,544547945,0,544547948,544547951,544547955,1,2,7,18,1,-3,3448,-544547945,544547948,3,4,18,3476
1122,545800450,545800451,545800453,545800461,545800472,545800474,545800469,545803892,0,545803895,545803899,545803904,1,2,8,19,2,-3,3423,-545803892,545803895,4,5,19,3454
1123,545838579,545838581,545838583,545838589,545838597,545838604,545838597,545841892,0,545841896,545841898,545841902,2,2,6,14,7,0,3295,-545841892,545841896,2,4,18,3323
1124,549750589,549750590,549750592,549750605,549750621,549750624,549750615,549753897,0,549753900,549753903,549753907,1,2,13,29,3,-6,3282,-549753897,549753900,3,4,26,3318
1125,549774580,549774581,549774583,549774587,549774594,549774605,549774595,549778015,0,549778019,549778021,549778025,1,2,4,11,11,1,3420,-549778015,549778019,2,4,15,3445
1126,550652627,550652628,550652630,550652637,550652646,550652652,550652644,550655833,0,550655836,550655838,550655843,1,2,7,16,6,-2,3189,-550655833,550655836,2,5,17,3216
1127,551767611,551767614,551767616,551767623,551767631,551767642,551767631,551771255,0,551771258,551771262,551771267,3,2,7,15,11,0,3624,-551771255,551771258,4,5,20,3656
1128,551771787,551771788,551771790,551771794,551771800,551771807,551771801,551775062,0,551775064,551775066,551775070,1,2,4,10,7,1,3261,-551775062,551775064,2,4,14,3283
1129,552386689,552386690,552386692,552386697,552386706,552386707,552386706,552390222,0,552390225,552390228,552390232,1,2,5,14,1,0,3516,-552390222,552390225,3,4,17,3543
1130,552587274,552587275,552587277,552587285,552587292,552587299,552587293,552590646,0,552590649,552590652,552590657,1,2,8,15,7,1,3353,-552590646,552590649,3,5,19,3383
1131,552605680,552605681,552605683,552605686,552605691,552605706,552605693,552608235,0,552608238,552608240,552608245,1,2,3,8,15,2,2542,-552608235,552608238,2,5,13,2565
1132,552958207,552958209,552958211,552958217,552958226,552958233,552958225,552961652,0,552961654,552961658,552961662,2,2,6,15,7,-1,3427,-552961652,552961654,4,4,18,3455
1133,556184640,556184642,556184644,556184653,556184663,556184676,556184662,556187980,0,556187983,556187987,556187992,2,2,9,19,13,-1,3318,-556187980,556187983,4,5,22,3352
1134,556387999,556388000,556388002,556388008,556388018,556388019,556388015,556391280,0,556391283,556391286,556391291,1,2,6,16,1,-3,3265,-556391280,556391283,3,5,16,3292
1135,556389727,556389727,556389729,556389733,556389739,556389745,556389739,556393146,0,556393148,556393150,556393155,0,2,4,10,6,0,3407,-556393146,556393148,2,5,12,3428
1136,557548060,557548062,557548064,557548070,557548080,557548087,557548078,557551390,0,557551393,557551395,557551400,2,2,6,16,7,-2,3312,-557551390,557551393,2,5,18,3340
1137,558372311,558372312,558372314,558372320,558372328,558372336,558372327,558375619,0,558375622,558375624,558375629,1,2,6,14,8,-1,3292,-558375619,558375622,2,5,16,3318
1138,558509349,558509350,558509352,558509358,558509366,558509375,558509365,558512781,0,558512783,558512786,558512791,1,2,6,14,9,-1,3416,-558512781,558512783,3,5,16,3442
1139,558509379,558509379,558509381,558509384,558509393,558509406,558509393,558512962,0,558512964,558512966,558512973,0,2,3,12,13,0,3569,-558512962,558512964,2,7,14,3594
1140,558513454,558513455,558513457,558513460,558513466,558513467,558513466,558517486,0,558517489,558517491,558517496,1,2,3,9,1,0,4020,-558517486,558517489,2,5,12,4042
1141,558582956,558582957,558582959,558582964,558582972,558582982,558582971,558586093,0,558586095,558586098,558586103,1,2,5,13,10,-1,3122,-558586093,558586095,3,5,15,3147
1142,558583095,558583095,558583097,558583100,558583106,558583115,558583105,558586222,0,558586225,558586227,558586231,0,2,3,9,9,-1,3117,-558586222,558586225,2,4,10,3136
1143,558856761,558856764,558856766,558856771,558856780,558856787,558856779,558860222,0,558860225,558860229,558860233,3,2,5,14,7,-1,3443,-558860222,558860225,4,4,18,3472
1144,558883081,558883082,558883084,558883089,558883094,558883113,558883099,558885873,0,558885875,558885878,558885882,1,2,5,10,19,5,2774,-558885873,558885875,3,4,18,2801
1145,559350921,559350921,559350923,559350929,559350937,559350945,559350936,559354118,0,559354120,559354123,559354127,0,2,6,14,8,-1,3182,-559354118,559354120,3,4,15,3206
1146,560818154,560818155,560818157,560818162,560818169,560818180,560818171,560821327,0,560821329,560821332,560821337,1,2,5,12,11,2,3156,-560821327,560821329,3,5,17,3183
1147,561332981,561332981,561332983,561332989,561332998,561333010,561332997,561336378,0,561336380,561336383,561336390,0,2,6,15,12,-1,3381,-561336378,561336380,3,7,16,3409
1148,561332999,561333000,561333005,561333007,561333013,561333033,561333022,561336464,0,561336469,561336470,561336475,1,5,2,8,20,9,3442,-561336464,561336469,1,5,23,3476
1149,561372960,561372962,561372963,561372967,561372974,561372975,561372974,561376424,0,561376427,561376429,561376434,2,1,4,11,1,0,3450,-561376424,561376427,2,5,14,3474
1150,561372978,561372981,561372983,561372985,561372990,561373006,561372991,561376557,0,561376559,561376561,561376566,3,2,2,7,16,1,3566,-561376557,561376559,2,5,13,3588
1151,561372979,561372983,561372995,561372998,561373003,561373057,561373020,561376686,0,561376688,561376690,561376693,4,12,3,8,54,17,3666,-561376686,561376688,2,3,41,3714
1152,561372979,561372983,561373007,561373009,561373014,561373057,561373027,561376760,0,561376762,561376764,561376767,4,24,2,7,43,13,3733,-561376760,561376762,2,3,48,3788
1153,561373009,561373010,561373018,561373021,561373025,561373057,561373033,561376833,0,561376835,561376836,561376841,1,8,3,7,32,8,3800,-561376833,561376835,1,5,24,3832
1154,561398963,561398964,561398966,561398970,561398977,561398987,561398978,561402472,0,561402474,561402477,561402481,1,2,4,11,10,1,3494,-561402472,561402474,3,4,15,3518
1155,562309835,562309836,562309838,562309847,562309856,562309858,562309855,562313228,0,562313230,562313234,562313238,1,2,9,18,2,-1,3373,-562313228,562313230,4,4,20,3403
1156,564698234,564698237,564698240,564698247,564698257,564698258,564698255,564701595,0,564701597,564701600,564701604,3,3,7,17,1,-2,3340,-564701595,564701597,3,4,21,3370
1157,564698536,564698537,564698539,564698542,564698549,564698560,564698550,564702035,0,564702037,564702039,564702050,1,2,3,10,11,1,3485,-564702035,564702037,2,11,14,3514
1158,564698541,564698542,564698554,564698556,564698562,564698587,564698575,564702043,0,564702044,564702046,564702055,1,12,2,8,25,13,3468,-564702043,564702044,2,9,34,3514
1159,564699921,564699922,564699924,564699927,564699933,564699943,564699934,564703153,0,564703155,564703157,564703161,1,2,3,9,10,1,3219,-564703153,564703155,2,4,13,3240
1160,564718023,564718024,564718026,564718033,564718041,564718042,564718039,564721283,0,564721286,564721289,564721294,1,2,7,15,1,-2,3244,-564721283,564721286,3,5,16,3271
1161,565299018,565299019,565299021,565299026,565299035,565299045,565299034,565302454,0,565302456,565302459,565302463,1,2,5,14,10,-1,3420,-565302454,565302456,3,4,16,3445
1162,565618543,565618544,565618546,565618550,565618557,565618564,565618557,565621872,0,565621876,565621878,565621883,1,2,4,11,7,0,3315,-565621872,565621876,2,5,14,3340
1163,565666837,565666838,565666840,565666845,565666852,565666863,565666851,565670116,0,565670119,565670122,565670127,1,2,5,12,11,-1,3265,-565670116,565670119,3,5,14,3290
1164,567772197,567772198,567772200,567772208,567772219,567772221,567772217,567775700,0,567775703,567775706,567775711,1,2,8,19,2,-2,3483,-567775700,567775703,3,5,20,3514
1165,568582452,568582453,568582455,568582462,568582471,568582472,568582469,568585850,0,568585853,568585856,568585860,1,2,7,16,1,-2,3381,-568585850,568585853,3,4,17,3408
1166,568586015,568586016,568586018,568586022,568586028,568586034,568586028,568589413,0,568589415,568589419,568589423,1,2,4,10,6,0,3385,-568589413,568589415,4,4,13,3408
1167,568589749,568589750,568589752,568589755,568589761,568589771,568589763,568593187,0,568593189,568593191,568593196,1,2,3,9,10,2,3424,-568593187,568593189,2,5,14,3447
1168,569739358,569739361,569739363,569739369,569739378,569739394,569739380,569742878,0,569742881,569742884,569742888,3,2,6,15,16,2,3498,-569742878,569742881,3,4,22,3530
1169,570485984,570485985,570485987,570485993,570486001,570486008,570486002,570489324,0,570489327,570489330,570489334,1,2,6,14,7,1,3322,-570489324,570489327,3,4,18,3350
1170,570489776,570489777,570489779,570489783,570489789,570489799,570489790,570493000,0,570493002,570493005,570493010,1,2,4,10,10,1,3210,-570493000,570493002,3,5,14,3234
1171,570519303,570519304,570519306,570519313,570519320,570519327,570519321,570522559,0,570522562,570522564,570522569,1,2,7,14,7,1,3238,-570522559,570522562,2,5,18,3266
1172,570591763,570591764,570591766,570591770,570591777,570591785,570591778,570595010,0,570595013,570595015,570595019,1,2,4,11,8,1,3232,-570595010,570595013,2,4,15,3256
1173,570920307,570920308,570920310,570920315,570920323,570920330,570920323,570923916,0,570923919,570923921,570923926,1,2,5,13,7,0,3593,-570923916,570923919,2,5,16,3619
1174,570938690,570938691,570938693,570938696,570938701,570938718,570938704,570942181,0,570942183,570942186,570942191,1,2,3,8,17,3,3477,-570942181,570942183,3,5,14,3501
1175,571464690,571464691,571464693,571464701,571464707,571464714,571464708,571467288,0,571467290,571467293,571467297,1,2,8,14,7,1,2580,-571467288,571467290,3,4,18,2607
1176,572212331,572212333,572212335,572212340,572212349,572212350,572212347,572215816,0,572215819,572215821,572215826,2,2,5,14,1,-2,3469,-572215816,572215819,2,5,16,3495
1177,573112357,573112358,573112360,573112366,573112375,573112375,573112374,573115793,0,573115796,573115798,573115803,1,2,6,15,0,-1,3419,-573115793,573115796,2,5,17,3446
1178,574826424,574826427,574826429,574826436,574826445,574826446,574826445,574829081,0,574829083,574829086,574829090,3,2,7,16,1,0,2636,-574829081,574829083,3,4,21,2666
1179,574850391,574850392,574850394,574850397,574850402,574850420,574850405,574852890,0,574852892,574852895,574852899,1,2,3,8,18,3,2485,-574852890,574852892,3,4,14,2508
1180,575323241,575323242,575323244,575323252,575323263,575323265,575323260,575326840,0,575326843,575326847,575326852,1,2,8,19,2,-3,3580,-575326840,575326843,4,5,19,3611
1181,575721448,575721449,575721451,575721456,575721464,575721470,575721462,575724910,0,575724913,575724915,575724919,1,2,5,13,6,-2,3448,-575724910,575724913,2,4,14,3471
1182,575911521,575911522,575911524,575911528,575911535,575911544,575911535,575914890,0,575914893,575914896,575914900,1,2,4,11,9,0,3355,-575914890,575914893,3,4,14,3379
1183,578998639,578998641,578998643,578998653,578998667,578998669,578998663,579002157,0,579002160,579002164,579002168,2,2,10,24,2,-4,3494,-579002157,579002160,4,4,24,3529
1184,579354944,579354946,579354948,579354955,579354962,579354972,579354964,579358403,0,579358405,579358408,579358412,2,2,7,14,10,2,3439,-579358403,579358405,3,4,20,3468
1185,579354975,579354978,579354985,579354987,579354992,579355011,579355000,579358576,0,579358578,579358580,579358588,3,7,2,7,19,8,3576,-579358576,579358578,2,8,25,3613
1186,579455293,579455294,579455296,579455301,579455307,579455315,579455308,579458445,0,579458448,579458450,579458454,1,2,5,11,8,1,3137,-579458445,579458448,2,4,15,3161
1187,579492546,579492547,579492549,579492552,579492557,579492565,579492559,579494842,0,579494844,579494847,579494851,1,2,3,8,8,2,2283,-579494842,579494844,3,4,13,2305
1188,582780680,582780681,582780683,582780694,582780710,582780711,582780704,582784150,0,582784153,582784156,582784163,1,2,11,27,1,-6,3446,-582784150,582784153,3,7,24,3483
1189,582849662,582849662,582849664,582849670,582849676,582849683,582849677,582852225,0,582852228,582852230,582852235,0,2,6,12,7,1,2548,-582852225,582852228,2,5,15,2573
1190,582852844,582852845,582852847,582852850,582852854,582852870,582852856,582855962,0,582855964,582855967,582855971,1,2,3,7,16,2,3106,-582855962,582855964,3,4,12,3127
1191,583109774,583109775,583109777,583109782,583109789,583109790,583109789,583113062,0,583113065,583113068,583113073,1,2,5,12,1,0,3273,-583113062,583113065,3,5,15,3299
1192,583249250,583249252,583249253,583249260,583249269,583249270,583249267,583252751,0,583252753,583252757,583252761,2,1,7,16,1,-2,3484,-583252751,583252753,4,4,17,3511
1193,585055669,585055671,585055673,585055680,585055690,585055701,585055688,585059085,0,585059088,585059091,585059095,2,2,7,17,11,-2,3397,-585059085,585059088,3,4,19,3426
1194,585097008,585097009,585097011,585097018,585097025,585097034,585097026,585100353,0,585100355,585100358,585100363,1,2,7,14,9,1,3327,-585100353,585100355,3,5,18,3355
1195,585170600,585170601,585170603,585170607,585170614,585170623,585170613,585173870,0,585173872,585173875,585173879,1,2,4,11,9,-1,3257,-585173870,585173872,3,4,13,3279
1196,585308629,585308630,585308632,585308637,585308643,585308654,585308645,585311035,0,585311037,585311040,585311045,1,2,5,11,11,2,2390,-585311035,585311037,3,5,16,2416
1197,587524833,587524835,587524837,587524845,587524856,587524858,587524853,587528226,0,587528228,587528231,587528235,2,2,8,19,2,-3,3373,-587528226,587528228,3,4,20,3402
1198,587706020,587706021,587706023,587706027,587706035,587706044,587706034,587709505,0,587709508,587709511,587709516,1,2,4,12,9,-1,3471,-587709505,587709508,3,5,14,3496
1199,587850382,587850383,587850385,587850392,587850399,587850408,587850400,587853844,0,587853847,587853850,587853853,1,2,7,14,9,1,3444,-587853844,587853847,3,3,18,3471
1200,588411056,588411057,588411059,588411065,588411072,588411081,588411072,588414462,0,588414465,588414467,588414471,1,2,6,13,9,0,3390,-588414462,588414465,2,4,16,3415
1201,588417977,588417977,588417980,588417983,588417989,588417997,588417990,588421340,0,588421343,588421345,588421350,0,3,3,9,8,1,3350,-588421340,588421343,2,5,13,3373
1202,588433275,588433275,588433277,588433281,588433287,588433296,588433288,588436782,0,588436785,588436787,588436792,0,2,4,10,9,1,3494,-588436782,588436785,2,5,13,3517
1203,588437978,588437979,588437981,588437985,588437990,588437998,588437991,588441197,0,588441199,588441202,588441206,1,2,4,9,8,1,3206,-588441197,588441199,3,4,13,3228
1204,588441550,588441551,588441553,588441556,588441561,588441569,588441562,588444756,0,588444759,588444761,588444766,1,2,3,8,8,1,3194,-588444756,588444759,2,5,12,3216
1205,588451115,588451116,588451118,588451121,588451127,588451136,588451128,588454400,0,588454403,588454405,588454410,1,2,3,9,9,1,3272,-588454400,588454403,2,5,13,3295
1206,591651963,591651964,591651966,591651976,591651985,591651996,591651987,591654273,0,591654276,591654279,591654283,1,2,10,19,11,2,2286,-591654273,591654276,3,4,24,2320
1207,591652000,591652004,591652011,591652014,591652019,591652042,591652030,591655479,0,591655481,591655483,591655487,4,7,3,8,23,11,3449,-591655479,591655481,2,4,30,3487
1208,596105607,596105609,596105611,596105624,596105641,596105644,596105634,596109096,0,596109099,596109104,596109108,2,2,13,30,3,-7,3462,-596109096,596109099,5,4,27,3501
1209,600025232,600025233,600025235,600025246,600025260,600025269,600025256,600028637,0,600028640,600028643,600028648,1,2,11,25,9,-4,3381,-600028637,600028640,3,5,24,3416
1210,600340543,600340544,600340546,600340552,600340559,600340566,600340559,600343297,0,600343301,600343303,600343308,1,2,6,13,7,0,2738,-600343297,600343301,2,5,16,2765
1211,600340570,600340573,600340579,600340582,600340586,600340607,600340595,600343466,0,600343468,600343470,600343474,3,6,3,7,21,9,2871,-600343466,600343468,2,4,25,2904
1212,600349892,600349893,600349895,600349898,600349903,600349914,600349905,600352221,0,600352224,600352226,600352231,1,2,3,8,11,2,2316,-600352221,600352224,2,5,13,2339
1213,600350263,600350264,600350266,600350268,600350272,600350279,600350274,600353336,0,600353339,600353341,600353345,1,2,2,6,7,2,3062,-600353336,600353339,2,4,11,3082
1214,600676249,600676250,600676252,600676257,600676263,600676271,600676265,600678948,0,600678950,600678953,600678957,1,2,5,11,8,2,2683,-600678948,600678950,3,4,16,2708
1215,600702632,600702632,600702635,600702638,600702644,600702651,600702645,600706145,0,600706148,600706151,600706155,0,3,3,9,7,1,3500,-600706145,600706148,3,4,13,3523
1216,600769526,600769527,600769529,600769535,600769542,600769553,600769541,600772676,0,600772678,600772682,600772686,1,2,6,13,11,-1,3135,-600772676,600772678,4,4,15,3160
1217,600804299,600804299,600804301,600804305,600804309,600804320,600804312,600807780,0,600807782,600807785,600807789,0,2,4,8,11,3,3468,-600807780,600807782,3,4,13,3490
1218,600860924,600860925,600860927,600860930,600860935,600860945,600860937,600863339,0,600863342,600863345,600863350,1,2,3,8,10,2,2402,-600863339,600863342,3,5,13,2426
1219,600976256,600976257,600976259,600976262,600976267,600976275,600976269,600979293,0,600979295,600979298,600979302,1,2,3,8,8,2,3024,-600979293,600979295,3,4,13,3046
1220,603295768,603295769,603295771,603295779,603295791,603295792,603295788,603299127,0,603299130,603299133,603299138,1,2,8,20,1,-3,3339,-603299127,603299130,3,5,20,3370
1221,603312767,603312768,603312770,603312773,603312780,603312788,603312781,603316226,0,603316228,603316231,603316235,1,2,3,10,8,1,3445,-603316226,603316228,3,4,14,3468
1222,603316597,603316598,603316600,603316603,603316609,603316618,603316610,603319871,0,603319873,603319876,603319880,1,2,3,9,9,1,3261,-603319871,603319873,3,4,13,3283
1223,604662448,604662451,604662451,604662457,604662468,604662479,604662467,604666021,0,604666024,604666028,604666033,3,0,6,17,11,-1,3554,-604666021,604666024,4,5,19,3585
1224,606473233,606473234,606473236,606473242,606473250,606473251,606473250,606476548,0,606476550,606476553,606476558,1,2,6,14,1,0,3298,-606476548,606476550,3,5,17,3325
1225,606479421,606479422,606479424,606479427,606479433,606479443,606479434,606482882,0,606482886,606482889,606482893,1,2,3,9,10,1,3448,-606482882,606482886,3,4,13,3472
1226,606483679,606483680,606483682,606483685,606483691,606483699,606483692,606487116,0,606487118,606487121,606487125,1,2,3,9,8,1,3424,-606487116,606487118,3,4,13,3446
1227,607306124,607306126,607306128,607306135,607306145,607306153,607306142,607309705,0,607309708,607309710,607309715,2,2,7,17,8,-3,3563,-607309705,607309708,2,5,18,3591
1228,609129306,609129308,609129310,609129319,609129331,609129333,609129327,609132661,0,609132663,609132667,609132671,2,2,9,21,2,-4,3334,-609132661,609132663,4,4,21,3365
1229,609138708,609138708,609138710,609138716,609138726,609138727,609138723,609142090,0,609142093,609142096,609142101,0,2,6,16,1,-3,3367,-609142090,609142093,3,5,15,3393
1230,609152531,609152533,609152535,609152540,609152549,609152550,609152546,609155802,0,609155804,609155808,609155812,2,2,5,14,1,-3,3256,-609155802,609155804,4,4,15,3281
1231,609163300,609163301,609163302,609163310,609163317,609163318,609163316,609166733,0,609166735,609166739,609166743,1,1,8,15,1,-1,3417,-609166733,609166735,4,4,16,3443
1232,609177117,609177118,609177120,609177127,609177136,609177136,609177134,609180275,0,609180277,609180280,609180285,1,2,7,16,0,-2,3141,-609180275,609180277,3,5,17,3168
1233,609243047,609243048,609243050,609243055,609243062,609243064,609243063,609246081,0,609246084,609246087,609246091,1,2,5,12,2,1,3018,-609246081,609246084,3,4,16,3044
1234,610282994,610282996,610282999,610283006,610283013,610283021,610283014,610285425,0,610285427,610285430,610285434,2,3,7,14,8,1,2411,-610285425,610285427,3,4,20,2440
1235,610448935,610448936,610448938,610448942,610448947,610448954,610448948,610451559,0,610451562,610451565,610451570,1,2,4,9,7,1,2611,-610451559,610451562,3,5,13,2635
1236,612594669,612594670,612594672,612594680,612594688,612594690,612594688,612597395,0,612597399,612597402,612597407,1,2,8,16,2,0,2707,-612597395,612597399,3,5,19,2738
1237,615329170,615329172,615329174,615329182,615329190,615329191,615329190,615332771,0,615332774,615332777,615332781,2,2,8,16,1,0,3581,-615332771,615332774,3,4,20,3611
1238,615394711,615394712,615394713,615394717,615394722,615394740,615394725,615397695,0,615397698,615397700,615397704,1,1,4,9,18,3,2970,-615397695,615397698,2,4,14,2993
1239,615691997,615691998,615692000,615692005,615692011,615692022,615692013,615694524,0,615694527,615694530,615694534,1,2,5,11,11,2,2511,-615694524,615694527,3,4,16,2537
1240,615749715,615749716,615749718,615749723,615749732,615749739,615749730,615753001,0,615753004,615753008,615753012,1,2,5,14,7,-2,3271,-615753001,615753004,4,4,15,3297
1241,616568004,616568007,616568009,616568014,616568020,616568027,616568021,616570447,0,616570450,616570454,616570458,3,2,5,11,7,1,2426,-616570447,616570450,4,4,17,2454
1242,616576758,616576759,616576761,616576765,616576769,616576791,616576773,616579974,0,616579976,616579979,616579983,1,2,4,8,22,4,3201,-616579974,616579976,3,4,15,3225
1243,616604890,616604891,616604893,616604897,616604903,616604910,616604904,616608299,0,616608302,616608305,616608309,1,2,4,10,7,1,3395,-616608299,616608302,3,4,14,3419
1244,616943069,616943070,616943072,616943077,616943084,616943091,616943084,616946405,0,616946408,616946410,616946415,1,2,5,12,7,0,3321,-616946405,616946408,2,5,15,3346
1245,616969845,616969846,616969848,616969852,616969858,616969864,616969858,616973101,0,616973104,616973107,616973111,1,2,4,10,6,0,3243,-616973101,616973104,3,4,13,3266
1246,617125753,617125754,617125756,617125760,617125766,617125776,617125767,617129095,0,617129097,617129099,617129104,1,2,4,10,10,1,3328,-617129095,617129097,2,5,14,3351
1247,617461768,617461769,617461771,617461775,617461781,617461791,617461782,617465172,0,617465175,617465177,617465182,1,2,4,10,10,1,3390,-617465172,617465175,2,5,14,3414
1248,617773778,617773778,617773780,617773787,617773793,617773804,617773795,617776449,0,617776451,617776455,617776459,0,2,7,13,11,2,2654,-617776449,617776451,4,4,17,2681
1249,617797774,617797775,617797777,617797780,617797785,617797796,617797787,617801180,0,617801183,617801185,617801190,1,2,3,8,11,2,3393,-617801180,617801183,2,5,13,3416
1250,618939490,618939490,618939492,618939499,618939506,618939515,618939507,618942872,0,618942875,618942878,618942883,0,2,7,14,9,1,3365,-618942872,618942875,3,5,17,3393
1251,620400217,620400218,620400220,620400226,620400236,620400244,620400234,620403646,0,620403649,620403652,620403656,1,2,6,16,8,-2,3412,-620403646,620403649,3,4,17,3439
1252,620755696,620755697,620755699,620755706,620755713,620755715,620755713,620758527,0,620758529,620758533,620758538,1,2,7,14,2,0,2814,-620758527,620758529,4,5,17,2842
1253,621038622,621038623,621038625,621038631,621038637,621038644,621038637,621041585,0,621041588,621041591,621041595,1,2,6,12,7,0,2948,-621041585,621041588,3,4,15,2973
1254,621102569,621102570,621102572,621102577,621102582,621102590,621102583,621105309,0,621105312,621105314,621105319,1,2,5,10,8,1,2726,-621105309,621105312,2,5,14,2750
1255,621106725,621106726,621106728,621106731,621106735,621106753,621106739,621110395,0,621110398,621110400,621110405,1,2,3,7,18,4,3656,-621110395,621110398,2,5,14,3680
1256,621300264,621300265,621300267,621300271,621300277,621300285,621300279,621303072,0,621303074,621303076,621303081,1,2,4,10,8,2,2793,-621303072,621303074,2,5,15,2817
1257,622431211,622431212,622431214,622431220,622431230,622431238,622431228,622434485,0,622434488,622434491,622434496,1,2,6,16,8,-2,3257,-622434485,622434488,3,5,17,3285
1258,622729452,622729453,622729455,622729461,622729468,622729474,622729468,622732477,0,622732480,622732482,622732487,1,2,6,13,6,0,3009,-622732477,622732480,2,5,16,3035
1259,624007193,624007193,624007195,624007203,624007210,624007211,624007210,624010146,0,624010149,624010153,624010157,0,2,8,15,1,0,2936,-624010146,624010149,4,4,17,2964
1260,624253296,624253297,624253299,624253304,624253310,624253317,624253311,624255740,0,624255742,624255745,624255750,1,2,5,11,7,1,2429,-624255740,624255742,3,5,15,2454
1261,624555976,624555977,624555979,624555984,624555993,624556004,624555992,624559230,0,624559233,624559235,624559239,1,2,5,14,11,-1,3238,-624559230,624559233,2,4,16,3263
1262,624560950,624560951,624560953,624560957,624560963,624560974,624560965,624564251,0,624564253,624564256,624564261,1,2,4,10,11,2,3286,-624564251,624564253,3,5,15,3311
1263,628350279,628350280,628350282,628350293,628350307,628350309,628350302,628353695,0,628353699,628353703,628353707,1,2,11,25,2,-5,3393,-628353695,628353699,4,4,23,3428
1264,630030971,630030973,630030974,630030983,630030992,630030994,630030991,630034461,0,630034465,630034469,630034473,2,1,9,18,2,-1,3470,-630034461,630034465,4,4,20,3502
1265,630046998,630046999,630047001,630047004,630047010,630047019,630047011,630049863,0,630049866,630049868,630049873,1,2,3,9,9,1,2852,-630049863,630049866,2,5,13,2875
1266,630076981,630076982,630076983,630076987,630076992,630077002,630076994,630079291,0,630079293,630079296,630079300,1,1,4,9,10,2,2297,-630079291,630079293,3,4,13,2319
1267,632191586,632191587,632191589,632191598,632191609,632191611,632191605,632195038,0,632195041,632195045,632195049,1,2,9,20,2,-4,3433,-632195038,632195041,4,4,19,3463
1268,632356346,632356347,632356349,632356353,632356359,632356367,632356359,632359723,0,632359725,632359728,632359732,1,2,4,10,8,0,3364,-632359723,632359725,3,4,13,3386
1269,632721981,632721982,632721984,632721988,632721995,632722004,632721996,632725397,0,632725399,632725403,632725408,1,2,4,11,9,1,3401,-632725397,632725399,4,5,15,3427
1270,633174102,633174103,633174105,633174110,633174116,633174125,633174117,633176952,0,633176954,633176958,633176963,1,2,5,11,9,1,2835,-633176952,633176954,4,5,15,2861
1271,633187465,633187466,633187468,633187471,633187476,633187485,633187478,633190339,0,633190342,633190344,633190349,1,2,3,8,9,2,2861,-633190339,633190342,2,5,13,2884
1272,633504078,633504079,633504081,633504089,633504096,633504105,633504097,633506643,0,633506646,633506648,633506653,1,2,8,15,9,1,2546,-633506643,633506646,2,5,19,2575
1273,634341861,634341862,634341864,634341869,634341875,634341885,634341877,634344252,0,634344255,634344258,634344263,1,2,5,11,10,2,2375,-634344252,634344255,3,5,16,2402
1274,634350175,634350176,634350178,634350181,634350186,634350196,634350188,634352507,0,634352509,634352511,634352516,1,2,3,8,10,2,2319,-634352507,634352509,2,5,13,2341
1275,634686184,634686185,634686186,634686193,634686202,634686204,634686200,634689487,0,634689489,634689493,634689497,1,1,7,16,2,-2,3287,-634689487,634689489,4,4,16,3313
1276,635192998,635192999,635193001,635193006,635193013,635193014,635193013,635195831,0,635195834,635195839,635195843,1,2,5,12,1,0,2818,-635195831,635195834,5,4,15,2845
1277,635261684,635261685,635261687,635261690,635261695,635261705,635261697,635264158,0,635264161,635264163,635264168,1,2,3,8,10,2,2461,-635264158,635264161,2,5,13,2484
1278,635289812,635289813,635289814,635289822,635289830,635289831,635289828,635292713,0,635292716,635292718,635292723,1,1,8,16,1,-2,2885,-635292713,635292716,2,5,16,2911
1279,635695591,635695592,635695594,635695597,635695603,635695615,635695604,635697946,0,635697949,635697952,635697955,1,2,3,9,12,1,2342,-635697946,635697949,3,3,13,2364
1280,636170892,636170892,636170894,636170899,636170905,636170915,636170906,636173514,0,636173517,636173519,636173524,0,2,5,11,10,1,2608,-636173514,636173517,2,5,14,2632
1281,636608060,636608060,636608063,636608067,636608073,636608083,636608075,636611200,0,636611203,636611206,636611210,0,3,4,10,10,2,3125,-636611200,636611203,3,4,15,3150
1282,636680546,636680547,636680549,636680554,636680561,636680568,636680561,636683156,0,636683158,636683161,636683165,1,2,5,12,7,0,2595,-636683156,636683158,3,4,15,2619
1283,636682614,636682615,636682617,636682623,636682632,636682632,636682630,636685909,0,636685913,636685916,636685921,1,2,6,15,0,-2,3279,-636685909,636685913,3,5,16,3307
1284,636686429,636686430,636686432,636686435,636686442,636686450,636686442,636689686,0,636689689,636689692,636689696,1,2,3,10,8,0,3244,-636689686,636689689,3,4,13,3267
1285,636706573,636706574,636706576,636706580,636706585,636706595,636706586,636710068,0,636710071,636710073,636710078,1,2,4,9,10,1,3482,-636710068,636710071,2,5,13,3505
1286,636894532,636894533,636894535,636894539,636894544,636894554,636894546,636897650,0,636897653,636897655,636897659,1,2,4,9,10,2,3104,-636897650,636897653,2,4,14,3127
1287,638371416,638371419,638371421,638371427,638371433,638371441,638371434,638373842,0,638373845,638373848,638373852,3,2,6,12,8,1,2408,-638373842,638373845,3,4,18,2436
1288,638783561,638783562,638783563,638783571,638783579,638783589,638783578,638786125,0,638786128,638786131,638786136,1,1,8,16,10,-1,2547,-638786125,638786128,3,5,17,2575
1289,638783571,638783571,638783581,638783584,638783588,638783601,638783596,638786184,0,638786186,638786188,638786192,0,10,3,7,13,8,2588,-638786184,638786186,2,4,25,2621
1290,638857691,638857692,638857694,638857701,638857708,638857709,638857708,638859991,0,638859995,638859997,638860001,1,2,7,14,1,0,2283,-638859991,638859995,2,4,17,2310
1291,639860570,639860571,639860573,639860578,639860585,639860593,639860586,639863352,0,639863354,639863357,639863361,1,2,5,12,8,1,2766,-639863352,639863354,3,4,16,2791
1292,639879394,639879395,639879397,639879402,639879408,639879419,639879409,639882415,0,639882418,639882421,639882425,1,2,5,11,11,1,3006,-639882415,639882418,3,4,15,3031
1293,639879397,639879398,639879414,639879416,639879420,639879447,639879435,639882548,0,639882550,639882553,639882556,1,16,2,6,27,15,3113,-639882548,639882550,3,3,38,3159
1294,639955364,639955365,639955367,639955374,639955385,639955398,639955381,639958614,0,639958617,639958621,639958626,1,2,7,18,13,-4,3233,-639958614,639958617,4,5,17,3262
1295,639959697,639959700,639959702,639959705,639959713,639959722,639959712,639962903,0,639962906,639962908,639962912,3,2,3,11,9,-1,3191,-639962903,639962906,2,4,15,3215
1296,639963891,639963892,639963894,639963897,639963903,639963910,639963903,639966943,0,639966947,639966950,639966955,1,2,3,9,7,0,3040,-639966943,639966947,3,5,12,3064
1297,639972308,639972309,639972310,639972314,639972320,639972328,639972320,639975643,0,639975646,639975649,639975653,1,1,4,10,8,0,3323,-639975643,639975646,3,4,12,3345
1298,639976741,639976742,639976743,639976747,639976752,639976761,639976753,639980206,0,639980208,639980211,639980215,1,1,4,9,9,1,3453,-639980206,639980208,3,4,12,3474
1299,639981043,639981044,639981045,639981048,639981055,639981063,639981056,639984088,0,639984090,639984093,639984097,1,1,3,10,8,1,3032,-639984088,639984090,3,4,13,3054
1300,639982192,639982193,639982196,639982200,639982205,639982206,639982205,639984521,0,639984523,639984526,639984530,1,3,4,9,1,0,2316,-639984521,639984523,3,4,13,2338
1301,639985033,639985034,639985036,639985039,639985046,639985054,639985045,639988162,0,639988164,639988167,639988171,1,2,3,10,8,-1,3117,-639988162,639988164,3,4,12,3138
1302,643254848,643254849,643254851,643254858,643254867,643254876,643254866,643257181,0,643257184,643257187,643257191,1,2,7,16,9,-1,2315,-643257181,643257184,3,4,18,2343
1303,643747376,643747377,643747379,643747385,643747397,643747405,643747396,643750782,0,643750785,643750787,643750791,1,2,6,18,8,-1,3386,-643750782,643750785,2,4,20,3415
1304,645240942,645240944,645240946,645240953,645240962,645240973,645240961,645244399,0,645244401,645244405,645244410,2,2,7,16,11,-1,3438,-645244399,645244401,4,5,19,3468
1305,648296461,648296462,648296464,648296473,648296485,648296486,648296483,648299887,0,648299890,648299894,648299899,1,2,9,21,1,-2,3404,-648299887,648299890,4,5,22,3438
1306,649480506,649480507,649480509,649480515,649480523,649480532,649480522,649483878,0,649483881,649483884,649483890,1,2,6,14,9,-1,3356,-649483878,649483881,3,6,16,3384
1307,650036925,650036929,650036931,650036938,650036945,650036947,650036945,650039353,0,650039355,650039358,650039362,4,2,7,14,2,0,2408,-650039353,650039355,3,4,20,2437
1308,651437487,651437488,651437490,651437496,651437506,651437516,651437505,651440890,0,651440893,651440896,651440901,1,2,6,16,10,-1,3385,-651440890,651440893,3,5,18,3414
1309,651470859,651470861,651470862,651470869,651470876,651470888,651470876,651474439,0,651474442,651474445,651474450,2,1,7,14,12,0,3563,-651474439,651474442,3,5,17,3591
1310,651526929,651526930,651526931,651526938,651526944,651526951,651526945,651530446,0,651530448,651530451,651530455,1,1,7,13,7,1,3501,-651530446,651530448,3,4,16,3526
1311,651526935,651526936,651526950,651526953,651526956,651526981,651526966,651530572,0,651530574,651530576,651530580,1,14,3,6,25,10,3606,-651530572,651530574,2,4,31,3645
1312,654029792,654029795,654029797,654029804,654029812,654029825,654029814,654032963,0,654032966,654032968,654032972,3,2,7,15,13,2,3149,-654032963,654032966,2,4,22,3180
1313,654029800,654029800,654029820,654029822,654029826,654029880,654029843,654033123,0,654033125,654033127,654033133,0,20,2,6,54,17,3280,-654033123,654033125,2,6,43,3333
1314,654029830,654029832,654029837,654029839,654029843,654029880,654029849,654033129,0,654033131,654033132,654033138,2,5,2,6,37,6,3280,-654033129,654033131,1,6,19,3308
1315,654029830,654029833,654029847,654029849,654029852,654029880,654029855,654033223,0,654033225,654033227,654033232,3,14,2,5,28,3,3368,-654033223,654033225,2,5,25,3402
1316,654281789,654281790,654281792,654281796,654281802,654281809,654281803,654284353,0,654284356,654284358,654284362,1,2,4,10,7,1,2550,-654284353,654284356,2,4,14,2573
1317,654281813,654281814,654281816,654281818,654281822,654281839,654281824,654284494,0,654284496,654284498,654284502,1,2,2,6,17,2,2670,-654284494,654284496,2,4,11,2689
1318,654472113,654472114,654472116,654472121,654472128,654472138,654472129,654475244,0,654475248,654475252,654475256,1,2,5,12,10,1,3115,-654475244,654475248,4,4,16,3143
1319,654578671,654578672,654578674,654578677,654578683,654578694,654578684,654581217,0,654581219,654581222,654581226,1,2,3,9,11,1,2533,-654581217,654581219,3,4,13,2555
1320,654705024,654705025,654705027,654705030,654705035,654705049,654705037,654708385,0,654708389,654708391,654708396,1,2,3,8,14,2,3348,-654708385,654708389,2,5,13,3372
1321,654895476,654895477,654895479,654895484,654895490,654895503,654895492,654898627,0,654898630,654898632,654898637,1,2,5,11,13,2,3135,-654898627,654898630,2,5,16,3161
1322,654895507,654895509,654895511,654895513,654895517,654895532,654895520,654898785,0,654898786,654898789,654898793,2,2,2,6,15,3,3265,-654898785,654898786,3,4,13,3286
1323,654895571,654895573,654895575,654895577,654895581,654895591,654895582,654898855,0,654898857,654898859,654898863,2,2,2,6,10,1,3273,-654898855,654898857,2,4,11,3292
1324,654967543,654967544,654967546,654967549,654967553,654967570,654967556,654969963,0,654969965,654969967,654969972,1,2,3,7,17,3,2407,-654969963,654969965,2,5,13,2429
1325,655368563,655368564,655368566,655368572,655368580,655368589,655368578,655372016,0,655372020,655372023,655372027,1,2,6,14,9,-2,3438,-655372016,655372020,3,4,15,3464
1326,655369386,655369390,655369392,655369395,655369401,655369411,655369402,655372620,0,655372623,655372625,655372629,4,2,3,9,10,1,3218,-655372620,655372623,2,4,16,3243
1327,656547589,656547590,656547592,656547597,656547603,656547615,656547605,656550790,0,656550793,656550796,656550800,1,2,5,11,12,2,3185,-656550790,656550793,3,4,16,3211
1328,656547619,656547620,656547622,656547625,656547629,656547650,656547632,656550941,0,656550943,656550945,656550950,1,2,3,7,21,3,3309,-656550941,656550943,2,5,13,3331
1329,656547619,656547622,656547634,656547636,656547639,656547651,656547660,656550947,0,656550949,656550950,656550955,3,12,2,5,12,21,3287,-656550947,656550949,1,5,41,3336
1330,656547619,656547622,656547644,656547646,656547649,656547680,656547666,656551037,0,656551039,656551041,656551046,3,22,2,5,31,17,3371,-656551037,656551039,2,5,47,3427
1331,656728143,656728144,656728146,656728149,656728153,656728167,656728155,656731429,0,656731431,656731434,656731438,1,2,3,7,14,2,3274,-656731429,656731431,3,4,12,3295
1332,656728173,656728175,656728176,656728179,656728183,656728190,656728184,656731586,0,656731588,656731590,656731594,2,1,3,7,7,1,3402,-656731586,656731588,2,4,11,3421
1333,656737131,656737132,656737134,656737138,656737142,656737159,656737145,656739603,0,656739606,656739609,656739614,1,2,4,8,17,3,2458,-656739603,656739606,3,5,14,2483
1334,656821458,656821459,656821461,656821465,656821470,656821493,656821474,656824038,0,656824040,656824043,656824047,1,2,4,9,23,4,2564,-656824038,656824040,3,4,16,2589
1335,656821464,656821465,656821475,656821477,656821481,656821493,656821480,656824175,0,656824177,656824178,656824182,1,10,2,6,12,-1,2695,-656824175,656824177,1,4,16,2718
1336,657327904,657327905,657327907,657327913,657327920,657327932,657327922,657330306,0,657330309,657330312,657330317,1,2,6,13,12,2,2384,-657330306,657330309,3,5,18,2413
1337,657341176,657341177,657341179,657341186,657341197,657341199,657341193,657344917,0,657344919,657344923,657344927,1,2,7,18,2,-4,3724,-657344917,657344919,4,4,17,3751
1338,658204051,658204052,658204054,658204059,658204066,658204073,658204066,658207269,0,658207272,658207275,658207279,1,2,5,12,7,0,3203,-658207269,658207272,3,4,15,3228
1339,658222140,658222141,658222143,658222146,658222151,658222168,658222154,658224645,0,658224648,658224650,658224655,1,2,3,8,17,3,2491,-658224645,658224648,2,5,14,2515
1340,658892443,658892444,658892446,658892452,658892459,658892471,658892461,658894806,0,658894809,658894813,658894817,1,2,6,13,12,2,2345,-658894806,658894809,4,4,18,2374
1341,658893659,658893660,658893662,658893666,658893671,658893682,658893673,658896846,0,658896848,658896851,658896855,1,2,4,9,11,2,3173,-658896846,658896848,3,4,14,3196
1342,658904424,658904425,658904427,658904430,658904434,658904450,658904438,658906874,0,658906878,658906880,658906885,1,2,3,7,16,4,2436,-658906874,658906878,2,5,14,2461
1343,662500547,662500548,662500550,662500557,662500566,662500567,662500566,662503126,0,662503129,662503133,662503137,1,2,7,16,1,0,2560,-662503126,662503129,4,4,19,2590
1344,664446011,664446013,664446015,664446021,664446029,664446040,664446030,664450049,0,664450052,664450055,664450060,2,2,6,14,11,1,4019,-664450049,664450052,3,5,19,4049
1345,665632770,665632771,665632773,665632781,665632794,665632796,665632789,665636336,0,665636339,665636342,665636346,1,2,8,21,2,-5,3547,-665636336,665636339,3,4,19,3576
1346,665936217,665936220,665936222,665936226,665936234,665936235,665936234,665939561,0,665939564,665939566,665939571,3,2,4,12,1,0,3327,-665939561,665939564,2,5,17,3354
1347,666275771,666275774,666275776,666275782,666275790,666275797,666275790,666278970,0,666278972,666278975,666278979,3,2,6,14,7,0,3180,-666278970,666278972,3,4,19,3208
1348,670046683,670046684,670046686,670046697,670046712,670046715,670046707,670050077,0,670050081,670050086,670050091,1,2,11,26,3,-5,3370,-670050077,670050081,5,5,24,3408
1349,670106597,670106598,670106600,670106604,670106611,670106620,670106610,670110084,0,670110087,670110090,670110094,1,2,4,11,9,-1,3474,-670110084,670110087,3,4,13,3497
1350,670941951,670941953,670941955,670941962,670941972,670941974,670941969,670945438,0,670945441,670945443,670945447,2,2,7,17,2,-3,3469,-670945438,670945441,2,4,18,3496
1351,670941971,670941972,670941982,670941984,670941991,670942011,670942001,670945584,0,670945586,670945588,670945595,1,10,2,9,20,10,3583,-670945584,670945586,2,7,30,3624
1352,671031505,671031506,671031508,671031513,671031520,671031521,671031519,671034950,0,671034952,671034955,671034960,1,2,5,12,1,-1,3431,-671034950,671034952,3,5,14,3455
1353,671043637,671043638,671043640,671043643,671043650,671043660,671043651,671046922,0,671046924,671046926,671046931,1,2,3,10,10,1,3271,-671046922,671046924,2,5,14,3294
1354,671054504,671054505,671054507,671054510,671054516,671054522,671054516,671057909,0,671057911,671057913,671057918,1,2,3,9,6,0,3393,-671057909,671057911,2,5,12,3414
1355,673582288,673582290,673582292,673582301,673582310,673582325,673582310,673584676,0,673584678,673584681,673584685,2,2,9,18,15,0,2366,-673584676,673584678,3,4,22,2397
1356,673582301,673582302,673582318,673582321,673582325,673582346,673582335,673584888,0,673584890,673584891,673584895,1,16,3,7,21,10,2553,-673584888,673584890,1,4,34,2594
1357,673598429,673598430,673598432,673598435,673598440,673598457,673598443,673601197,0,673601200,673601204,673601208,1,2,3,8,17,3,2754,-673601197,673601200,4,4,14,2779
1358,673615530,673615531,673615533,673615536,673615540,673615557,673615544,673618071,0,673618074,673618076,673618081,1,2,3,7,17,4,2527,-673618071,673618074,2,5,14,2551
1359,675869660,675869662,675869664,675869672,675869680,675869682,675869681,675872818,0,675872820,675872823,675872827,2,2,8,16,2,1,3137,-675872818,675872820,3,4,21,3167
1360,675961655,675961656,675961658,675961661,675961666,675961675,675961667,675963964,0,675963967,675963969,675963973,1,2,3,8,9,1,2297,-675963964,675963967,2,4,12,2318
1361,678103115,678103116,678103118,678103128,678103141,678103143,678103136,678106806,0,678106809,678106813,678106817,1,2,10,23,2,-5,3670,-678106806,678106809,4,4,21,3702
1362,678199689,678199690,678199692,678199698,678199707,678199716,678199705,678203119,0,678203121,678203125,678203130,1,2,6,15,9,-2,3414,-678203119,678203121,4,5,16,3441
1363,678570798,678570800,678570802,678570808,678570818,678570826,678570816,678574169,0,678574172,678574175,678574179,2,2,6,16,8,-2,3353,-678574169,678574172,3,4,18,3381
1364,678570818,678570819,678570826,678570828,678570834,678570854,678570840,678574325,0,678574327,678574329,678574333,1,7,2,8,20,6,3485,-678574325,678574327,2,4,22,3515
1365,679161100,679161101,679161103,679161109,679161117,679161126,679161116,679163615,0,679163617,679163622,679163627,1,2,6,14,9,-1,2499,-679163615,679163617,5,5,16,2527
1366,679402186,679402187,679402188,679402194,679402199,679402207,679402201,679404681,0,679404683,679404686,679404690,1,1,6,11,8,2,2480,-679404681,679404683,3,4,15,2504
1367,679618338,679618339,679618341,679618346,679618351,679618362,679618353,679621278,0,679621280,679621283,679621287,1,2,5,10,11,2,2925,-679621278,679621280,3,4,15,2949
1368,679621328,679621328,679621330,679621333,679621337,679621343,679621338,679623742,0,679623745,679623747,679623752,0,2,3,7,6,1,2404,-679623742,679623745,2,5,10,2424
1369,679637338,679637339,679637341,679637344,679637348,679637370,679637352,679639767,0,679639771,679639774,679639779,1,2,3,7,22,4,2415,-679639767,679639771,3,5,14,2441
1370,679637343,679637344,679637353,679637355,679637359,679637370,679637358,679639968,0,679639970,679639972,679639976,1,9,2,6,11,-1,2610,-679639968,679639970,2,4,15,2633
1371,679637374,679637376,679637381,679637383,679637386,679637408,679637391,679640169,0,679640171,679640173,679640185,2,5,2,5,22,5,2778,-679640169,679640171,2,12,17,2811
1372,679640498,679640499,679640501,679640504,679640509,679640519,679640514,679643698,0,679643700,679643705,679643708,1,2,3,8,10,5,3184,-679643698,679643700,5,3,16,3210
1373,679656333,679656334,679656335,679656338,679656343,679656368,679656347,679658647,0,679658650,679658652,679658656,1,1,3,8,25,4,2300,-679658647,679658650,2,4,14,2323
1374,679656340,679656341,679656347,679656349,679656353,679656368,679656353,679659977,0,679659978,679659980,679659985,1,6,2,6,15,0,3624,-679659977,679659978,2,5,13,3645
1375,679659735,679659736,679659738,679659741,679659745,679659760,679659747,679661984,0,679661986,679661989,679661993,1,2,3,7,15,2,2237,-679661984,679661986,3,4,12,2258
1376,679660739,679660740,679660742,679660744,679660748,679660765,679660751,679663020,0,679663022,679663024,679663027,1,2,2,6,17,3,2269,-679663020,679663022,2,3,12,2288
1377,679675378,679675381,679675383,679675386,679675393,679675427,679675399,679677965,0,679677967,679677969,679677974,3,2,3,10,34,6,2566,-679677965,679677967,2,5,21,2596
1378,679675380,679675382,679675397,679675400,679675403,679675427,679675407,679678201,0,679678203,679678205,679678210,2,15,3,6,24,4,2794,-679678201,679678203,2,5,27,2830
1379,679694386,679694391,679694393,679694396,679694400,679694415,679694403,679697420,0,679697422,679697424,679697429,5,2,3,7,15,3,3017,-679697420,679697422,2,5,17,3043
1380,679697478,679697478,679697480,679697482,679697486,679697495,679697488,679700270,0,679700273,679700275,679700279,0,2,2,6,9,2,2782,-679700270,679700273,2,4,10,2801
1381,679713390,679713393,679713395,679713398,679713402,679713416,679713405,679716129,0,679716132,679716134,679716138,3,2,3,7,14,3,2724,-679716129,679716132,2,4,15,2748
1382,679732397,679732398,679732400,679732405,679732410,679732427,679732415,679735779,0,679735782,679735786,679735791,1,2,5,10,17,5,3364,-679735779,679735782,4,5,18,3394
1383,682128891,682128894,682128896,682128904,682128912,682128925,682128914,682131404,0,682131408,682131410,682131414,3,2,8,16,13,2,2490,-682131404,682131408,2,4,23,2523
1384,682873909,682873909,682873911,682873917,682873923,682873934,682873924,682877448,0,682877451,682877453,682877458,0,2,6,12,11,1,3524,-682877448,682877451,2,5,15,3549
1385,683678667,683678668,683678670,683678676,683678686,683678693,683678683,683682131,0,683682135,683682137,683682141,1,2,6,16,7,-3,3448,-683682131,683682135,2,4,16,3474
1386,684267538,684267539,684267541,684267546,684267552,684267564,684267554,684270418,0,684270420,684270424,684270428,1,2,5,11,12,2,2864,-684270418,684270420,4,4,16,2890
1387,684725230,684725231,684725233,684725242,684725253,684725263,684725249,684728488,0,684728491,684728494,684728499,1,2,9,20,10,-4,3239,-684728488,684728491,3,5,19,3269
1388,684791967,684791968,684791970,684791974,684791979,684791990,684791980,684794746,0,684794750,684794752,684794757,1,2,4,9,11,1,2766,-684794746,684794750,2,5,13,2790
1389,685230464,685230465,685230467,685230473,685230482,685230489,685230481,685233727,0,685233729,685233733,685233737,1,2,6,15,7,-1,3246,-685233727,685233729,4,4,17,3273
1390,685233940,685233940,685233942,685233946,685233952,685233958,685233952,685237368,0,685237370,685237373,685237378,0,2,4,10,6,0,3416,-685237368,685237370,3,5,12,3438
1391,685244124,685244125,685244127,685244130,685244136,685244147,685244138,685247497,0,685247501,685247504,685247509,1,2,3,9,11,2,3359,-685247497,685247501,3,5,14,3385
1392,685739689,685739690,685739691,685739697,685739704,685739711,685739703,685742885,0,685742888,685742891,685742896,1,1,6,13,7,-1,3182,-685742885,685742888,3,5,14,3207
1393,685886983,685886984,685886986,685886992,685886999,685887006,685887000,685890453,0,685890456,685890459,685890463,1,2,6,13,7,1,3453,-685890453,685890456,3,4,17,3480
1394,685960975,685960976,685960978,685960981,685960985,685961002,685960988,685963721,0,685963724,685963727,685963732,1,2,3,7,17,3,2733,-685963721,685963724,3,5,13,2757
1395,686260985,686260986,686260988,686260992,686260999,686261006,686260999,686264403,0,686264406,686264409,686264414,1,2,4,11,7,0,3404,-686264403,686264406,3,5,14,3429
1396,687572952,687572953,687572955,687572963,687572975,687572976,687572972,687576271,0,687576273,687576277,687576282,1,2,8,20,1,-3,3299,-687576271,687576273,4,5,20,3330
1397,688456171,688456175,688456177,688456183,688456190,688456199,688456192,688459703,0,688459706,688459708,688459713,4,2,6,13,9,2,3511,-688459703,688459706,2,5,21,3542
1398,691149647,691149648,691149650,691149658,691149669,691149671,691149667,691153184,0,691153188,691153191,691153195,1,2,8,19,2,-2,3517,-691153184,691153188,3,4,20,3548
1399,691344379,691344380,691344382,691344387,691344395,691344402,691344396,691347702,0,691347704,691347707,691347711,1,2,5,13,7,1,3306,-691347702,691347704,3,4,17,3332
1400,692627918,692627920,692627922,692627928,692627937,692627950,692627936,692631330,0,692631332,692631335,692631339,2,2,6,15,13,-1,3394,-692631330,692631332,3,4,18,3421
1401,692627939,692627940,692627944,692627947,692627952,692627972,692627961,692631447,0,692631449,692631451,692631455,1,4,3,8,20,9,3486,-692631447,692631449,2,4,22,3516
1402,693300257,693300258,693300260,693300267,693300275,693300286,693300275,693303652,0,693303655,693303657,693303662,1,2,7,15,11,0,3377,-693303652,693303655,2,5,18,3405
1403,697064906,697064908,697064910,697064920,697064931,697064934,697064930,697067956,0,697067960,697067964,697067968,2,2,10,21,3,-1,3026,-697067956,697067960,4,4,24,3062
1404,698598641,698598642,698598644,698598650,698598657,698598665,698598657,698601080,0,698601082,698601086,698601091,1,2,6,13,8,0,2423,-698601080,698601082,4,5,16,2450
1405,698774399,698774402,698774404,698774410,698774417,698774426,698774419,698777350,0,698777354,698777357,698777360,3,2,6,13,9,2,2931,-698777350,698777354,3,3,20,2961
1406,698798390,698798391,698798393,698798397,698798402,698798417,698798404,698800899,0,698800902,698800904,698800908,1,2,4,9,15,2,2495,-698800899,698800902,2,4,14,2518
1407,698897394,698897395,698897397,698897405,698897415,698897422,698897412,698900725,0,698900729,698900733,698900737,1,2,8,18,7,-3,3313,-698900725,698900729,4,4,18,3343
1408,699485420,699485421,699485423,699485428,699485434,699485446,699485435,699487883,0,699487886,699487889,699487893,1,2,5,11,12,1,2448,-699487883,699487886,3,4,15,2473
1409,702564544,702564545,702564547,702564554,702564562,702564576,702564564,702567570,0,702567573,702567576,702567580,1,2,7,15,14,2,3006,-702567570,702567573,3,4,20,3036
1410,702564555,702564556,702564569,702564571,702564574,702564600,702564588,702567695,0,702567697,702567699,702567707,1,13,2,5,26,14,3107,-702567695,702567697,2,8,33,3152
1411,704167551,704167552,704167554,704167564,704167573,704167575,704167573,704170678,0,704170680,704170683,704170688,1,2,10,19,2,0,3105,-704170678,704170680,3,5,22,3137
1412,705479195,705479196,705479198,705479206,705479214,705479226,705479213,705481506,0,705481509,705481513,705481517,1,2,8,16,12,-1,2293,-705481506,705481509,4,4,18,2322
1413,706556260,706556263,706556265,706556272,706556278,706556280,706556279,706559940,0,706559943,706559945,706559949,3,2,7,13,2,1,3661,-706559940,706559943,2,4,19,3689
1414,706573052,706573053,706573055,706573058,706573063,706573080,706573066,706575471,0,706575474,706575476,706575480,1,2,3,8,17,3,2405,-706575471,706575474,2,4,14,2428
1415,708132902,708132903,708132905,708132911,708132919,708132929,708132919,708135599,0,708135602,708135606,708135610,1,2,6,14,10,0,2680,-708135599,708135602,4,4,17,2708
1416,708138668,708138669,708138671,708138674,708138679,708138689,708138681,708141810,0,708141813,708141815,708141819,1,2,3,8,10,2,3129,-708141810,708141813,2,4,13,3151
1417,708144727,708144728,708144730,708144733,708144737,708144751,708144744,708147234,0,708147237,708147240,708147244,1,2,3,7,14,7,2490,-708147234,708147237,3,4,17,2517
1418,710397798,710397801,710397803,710397814,710397827,710397829,710397822,710401320,0,710401323,710401326,710401330,3,2,11,24,2,-5,3498,-710401320,710401323,3,4,24,3532
1419,710397811,710397812,710397835,710397838,710397844,710397868,710397855,710401457,0,710401459,710401461,710401466,1,23,3,9,24,11,3602,-710401457,710401459,2,5,44,3655
1420,711339186,711339187,711339189,711339196,711339204,711339212,711339204,711342627,0,711342629,711342632,711342637,1,2,7,15,8,0,3423,-711342627,711342629,3,5,18,3451
1421,711423181,711423182,711423184,711423189,711423196,711423214,711423199,711426574,0,711426576,711426579,711426583,1,2,5,12,18,3,3375,-711426574,711426576,3,4,18,3402
1422,713222524,713222525,713222527,713222536,713222545,713222547,713222544,713225582,0,713225587,713225591,713225594,1,2,9,18,2,-1,3038,-713225582,713225587,4,3,20,3070
1423,713222560,713222561,713222563,713222566,713222570,713222578,713222571,713225630,0,713225632,713225634,713225638,1,2,3,7,8,1,3059,-713225630,713225632,2,4,11,3078
1424,715361735,715361736,715361738,715361748,715361760,715361762,715361756,715365147,0,715365149,715365155,715365159,1,2,10,22,2,-4,3391,-715365147,715365149,6,4,21,3424
1425,716130957,716130959,716130961,716130967,716130975,716130983,716130974,716133471,0,716133473,716133476,716133481,2,2,6,14,8,-1,2497,-716133471,716133473,3,5,17,2524
1426,717192572,717192573,717192575,717192582,717192592,717192603,717192590,717195931,0,717195934,717195939,717195944,1,2,7,17,11,-2,3341,-717195931,717195934,5,5,18,3372
1427,717835034,717835035,717835037,717835043,717835050,717835058,717835051,717837679,0,717837681,717837684,717837689,1,2,6,13,8,1,2628,-717837679,717837681,3,5,17,2655
1428,718881782,718881786,718881788,718881792,718881799,718881820,718881805,718884454,0,718884457,718884460,718884464,4,2,4,11,21,6,2649,-718884454,718884457,3,4,23,2682
1429,719133586,719133587,719133589,719133595,719133604,719133620,719133602,719136974,0,719136976,719136979,719136984,1,2,6,15,16,-2,3372,-719136974,719136976,3,5,16,3398
1430,719133604,719133606,719133611,719133613,719133618,719133667,719133631,719137163,0,719137165,719137167,719137173,2,5,2,7,49,13,3532,-719137163,719137165,2,6,27,3569
1431,719133604,719133607,719133623,719133625,719133631,719133667,719133638,719137169,0,719137172,719137174,719137178,3,16,2,8,36,7,3531,-719137169,719137172,2,4,34,3574
1432,719133606,719133607,719133635,719133637,719133642,719133667,719133644,719137258,0,719137261,719137263,719137268,1,28,2,7,25,2,3614,-719137258,719137261,2,5,38,3662
1433,719135463,719135464,719135466,719135468,719135474,719135483,719135475,719138766,0,719138768,719138770,719138774,1,2,2,8,9,1,3291,-719138766,719138768,2,4,12,3311
1434,719264428,719264430,719264432,719264440,719264450,719264453,719264450,719267961,0,719267964,719267968,719267972,2,2,8,18,3,0,3511,-719267961,719267964,4,4,22,3544
1435,719273023,719273024,719273026,719273032,719273040,719273042,719273038,719276527,0,719276529,719276533,719276536,1,2,6,14,2,-2,3489,-719276527,719276529,4,3,15,3513
1436,719290696,719290697,719290699,719290705,719290713,719290714,719290711,719293984,0,719293986,719293989,719293993,1,2,6,14,1,-2,3273,-719293984,719293986,3,4,15,3297
1437,719302187,719302188,719302190,719302195,719302202,719302203,719302201,719305909,0,719305912,719305915,719305920,1,2,5,12,1,-1,3708,-719305909,719305912,3,5,14,3733
1438,719312950,719312951,719312953,719312959,719312967,719312978,719312965,719316284,0,719316287,719316290,719316295,1,2,6,14,11,-2,3319,-719316284,719316287,3,5,15,3345
1439,720097514,720097515,720097517,720097522,720097530,720097538,720097528,720100707,0,720100710,720100713,720100716,1,2,5,13,8,-2,3179,-720100707,720100710,3,3,14,3202
1440,720097531,720097532,720097537,720097539,720097545,720097563,720097550,720100904,0,720100906,720100908,720100913,1,5,2,8,18,5,3354,-720100904,720100906,2,5,19,3382
1441,720343198,720343199,720343201,720343208,720343214,720343225,720343216,720345515,0,720345518,720345520,720345524,1,2,7,13,11,2,2299,-720345515,720345518,2,4,18,2326
1442,720759020,720759021,720759022,720759027,720759032,720759045,720759035,720761503,0,720761506,720761508,720761513,1,1,5,10,13,3,2468,-720761503,720761506,2,5,15,2493
1443,720762739,720762740,720762742,720762745,720762750,720762766,720762752,720765395,0,720765397,720765400,720765405,1,2,3,8,16,2,2643,-720765395,720765397,3,5,13,2666
1444,720971112,720971113,720971115,720971120,720971125,720971133,720971127,720974405,0,720974407,720974410,720974414,1,2,5,10,8,2,3278,-720974405,720974407,3,4,15,3302
1445,722655688,722655689,722655691,722655698,722655708,722655719,722655707,722658970,0,722658973,722658975,722658979,1,2,7,17,11,-1,3263,-722658970,722658973,2,4,19,3291
1446,722655709,722655710,722655715,722655717,722655723,722655743,722655731,722659107,0,722659109,722659111,722659119,1,5,2,8,20,8,3376,-722659107,722659109,2,8,22,3410
1447,722674685,722674688,722674690,722674694,722674700,722674710,722674701,722677980,0,722677982,722677984,722677989,3,2,4,10,10,1,3279,-722677980,722677982,2,5,16,3304
1448,722674687,722674690,722674705,722674707,722674712,722674734,722674723,722678138,0,722678140,722678142,722678146,3,15,2,7,22,11,3415,-722678138,722678140,2,4,36,3459
1449,725427214,725427217,725427219,725427228,725427238,725427248,725427237,725430742,0,725430744,725430748,725430753,3,2,9,19,10,-1,3505,-725430742,725430744,4,5,23,3539
1450,726604992,726604993,726604995,726605005,726605012,726605014,726605012,726608277,0,726608279,726608282,726608286,1,2,10,17,2,0,3265,-726608277,726608279,3,4,20,3294
1451,726605414,726605415,726605417,726605420,726605424,726605440,726605426,726608429,0,726608431,726608433,726608437,1,2,3,7,16,2,3003,-726608429,726608431,2,4,12,3023
1452,726776277,726776278,726776280,726776284,726776289,726776301,726776292,726778794,0,726778797,726778799,726778803,1,2,4,9,12,3,2502,-726778794,726778797,2,4,15,2526
1453,726776305,726776306,726776308,726776310,726776314,726776330,726776318,726778946,0,726778947,726778949,726778953,1,2,2,6,16,4,2628,-726778946,726778947,2,4,13,2648
1454,727373289,727373292,727373294,727373298,727373304,727373314,727373305,727375984,0,727375987,727375990,727375995,3,2,4,10,10,1,2679,-727375984,727375987,3,5,16,2706
1455,729082470,729082471,729082473,729082480,729082490,729082497,729082488,729085821,0,729085824,729085826,729085831,1,2,7,17,7,-2,3333,-729085821,729085824,2,5,18,3361
1456,729297813,729297816,729297817,729297822,729297827,729297839,729297829,729300245,0,729300249,729300251,729300256,3,1,5,10,12,2,2416,-729300245,729300249,2,5,16,2443
1457,732726468,732726469,732726471,732726480,732726493,732726506,732726489,732729851,0,732729855,732729858,732729862,1,2,9,22,13,-4,3362,-732729851,732729855,3,4,21,3394
1458,732738846,732738847,732738849,732738853,732738859,732738869,732738860,732742070,0,732742072,732742074,732742079,1,2,4,10,10,1,3210,-732742070,732742072,2,5,14,3233
1459,735532586,735532589,735532591,735532600,735532609,735532622,735532608,735534886,0,735534889,735534892,735534895,3,2,9,18,13,-1,2278,-735534886,735534889,3,3,22,2309
1460,737583650,737583650,737583652,737583660,737583668,737583676,737583669,737586111,0,737586114,737586117,737586122,0,2,8,16,8,1,2442,-737586111,737586114,3,5,19,2472
1461,738831690,738831691,738831693,738831701,738831714,738831715,738831709,738835020,0,738835023,738835026,738835030,1,2,8,21,1,-5,3311,-738835020,738835023,3,4,19,3340
1462,740548061,740548062,740548065,740548073,740548081,740548093,740548081,740550592,0,740550595,740550599,740550603,1,3,8,16,12,0,2511,-740550592,740550595,4,4,20,2542
1463,740825754,740825755,740825757,740825766,740825775,740825782,740825773,740829006,0,740829009,740829012,740829015,1,2,9,18,7,-2,3233,-740829006,740829009,3,3,19,3261
1464,742438496,742438497,742438500,742438507,742438518,742438528,742438516,742442016,0,742442019,742442022,742442026,1,3,7,18,10,-2,3500,-742442016,742442019,3,4,20,3530
1465,743055827,743055828,743055830,743055837,743055844,743055851,743055845,743059408,0,743059410,743059413,743059418,1,2,7,14,7,1,3563,-743059408,743059410,3,5,18,3591
1466,743243094,743243094,743243096,743243101,743243109,743243118,743243108,743246442,0,743246444,743246448,743246452,0,2,5,13,9,-1,3334,-743246442,743246444,4,4,14,3358
1467,743429834,743429835,743429837,743429842,743429850,743429861,743429851,743433294,0,743433296,743433299,743433303,1,2,5,13,11,1,3443,-743433294,743433296,3,4,17,3469
1468,746561941,746561944,746561946,746561954,746561965,746561966,746561962,746565232,0,746565236,746565239,746565243,3,2,8,19,1,-3,3270,-746565232,746565236,3,4,21,3302
1469,747491970,747491971,747491973,747491979,747491987,747491988,747491987,747495308,0,747495311,747495313,747495318,1,2,6,14,1,0,3321,-747495308,747495311,2,5,17,3348
1470,750421835,750421836,750421839,750421848,750421861,750421863,750421858,750425278,0,750425281,750425285,750425289,1,3,9,22,2,-3,3420,-750425278,750425281,4,4,23,3454
1471,752932292,752932293,752932295,752932305,752932317,752932319,752932314,752935756,0,752935759,752935762,752935767,1,2,10,22,2,-3,3442,-752935756,752935759,3,5,22,3475
1472,752988951,752988952,752988954,752988958,752988965,752988973,752988966,752992197,0,752992200,752992202,752992207,1,2,4,11,8,1,3231,-752992197,752992200,2,5,15,3256
1473,752998088,752998089,752998091,752998095,752998100,752998109,752998101,753001497,0,753001499,753001502,753001506,1,2,4,9,9,1,3396,-753001497,753001499,3,4,13,3418
1474,753006445,753006445,753006447,753006451,753006457,753006465,753006457,753009698,0,753009700,753009705,753009709,0,2,4,10,8,0,3241,-753009698,753009700,5,4,12,3264
1475,753728830,753728831,753728833,753728841,753728851,753728859,753728849,753732099,0,753732102,753732105,753732109,1,2,8,18,8,-2,3250,-753732099,753732102,3,4,19,3279
1476,753728841,753728842,753728859,753728861,753728867,753728885,753728870,753732358,0,753732360,753732362,753732369,1,17,2,8,18,3,3488,-753732358,753732360,2,7,29,3528
1477,754859402,754859403,754859405,754859414,754859423,754859431,754859422,754862825,0,754862828,754862832,754862836,1,2,9,18,8,-1,3403,-754862825,754862828,4,4,20,3434
1478,754869458,754869459,754869461,754869465,754869471,754869481,754869472,754872827,0,754872829,754872831,754872836,1,2,4,10,10,1,3355,-754872827,754872829,2,5,14,3378
1479,756491845,756491846,756491848,756491854,756491863,756491871,756491863,756495178,0,756495181,756495183,756495187,1,2,6,15,8,0,3315,-756495178,756495181,2,4,18,3342
1480,758267897,758267898,758267900,758267907,758267917,758267926,758267915,758271200,0,758271203,758271205,758271210,1,2,7,17,9,-2,3285,-758271200,758271203,2,5,18,3313
1481,758267917,758267918,758267924,758267927,758267932,758267954,758267941,758271322,0,758271324,758271326,758271330,1,6,3,8,22,9,3381,-758271322,758271324,2,4,24,3413
1482,758466745,758466748,758466750,758466755,758466763,758466774,758466764,758469931,0,758469933,758469936,758469940,3,2,5,13,11,1,3167,-758469931,758469933,3,4,19,3195
1483,758466757,758466757,758466768,758466771,758466776,758466798,758466787,758470207,0,758470209,758470211,758470216,0,11,3,8,22,11,3420,-758470207,758470209,2,5,30,3459
1484,758479755,758479759,758479761,758479765,758479771,758479781,758479772,758482931,0,758482933,758482937,758482941,4,2,4,10,10,1,3159,-758482931,758482933,4,4,17,3186
1485,759872496,759872498,759872500,759872509,759872520,759872531,759872518,759875686,0,759875689,759875693,759875697,2,2,9,20,11,-2,3168,-759875686,759875689,4,4,22,3201
1486,760170102,760170103,760170105,760170108,760170114,760170123,760170115,760173251,0,760173254,760173256,760173261,1,2,3,9,9,1,3136,-760173251,760173254,2,5,13,3159
1487,760431508,760431509,760431511,760431517,760431524,760431532,760431524,760434910,0,760434913,760434917,760434921,1,2,6,13,8,0,3386,-760434910,760434913,4,4,16,3413
1488,760448384,760448385,760448387,760448393,760448399,760448409,760448400,760451778,0,760451781,760451784,760451789,1,2,6,12,10,1,3378,-760451778,760451781,3,5,16,3405
1489,761075185,761075186,761075188,761075193,761075201,761075209,761075200,761078447,0,761078450,761078453,761078457,1,2,5,13,8,-1,3247,-761078447,761078450,3,4,15,3272
1490,761163364,761163365,761163367,761163371,761163378,761163391,761163377,761166655,0,761166657,761166661,761166665,1,2,4,11,13,-1,3278,-761166655,761166657,4,4,13,3301
1491,761166805,761166806,761166808,761166811,761166817,761166832,761166817,761170176,0,761170179,761170181,761170185,1,2,3,9,15,0,3359,-761170176,761170179,2,4,12,3380
1492,761222645,761222646,761222648,761222655,761222662,761222672,761222662,761225908,0,761225911,761225913,761225918,1,2,7,14,10,0,3246,-761225908,761225911,2,5,17,3273
1493,762174068,762174069,762174070,762174075,762174082,762174090,762174082,762177360,0,762177362,762177365,762177370,1,1,5,12,8,0,3278,-762177360,762177362,3,5,14,3302
1494,762187443,762187444,762187446,762187450,762187457,762187463,762187457,762190581,0,762190584,762190586,762190591,1,2,4,11,6,0,3124,-762190581,762190584,2,5,14,3148
1495,762190996,762190997,762190999,762191002,762191008,762191019,762191010,762194087,0,762194090,762194092,762194096,1,2,3,9,11,2,3077,-762194087,762194090,2,4,14,3100
1496,762480266,762480267,762480269,762480275,762480282,762480293,762480282,762483549,0,762483552,762483554,762483559,1,2,6,13,11,0,3267,-762483549,762483552,2,5,16,3293
1497,762510163,762510164,762510166,762510170,762510177,762510184,762510178,762513440,0,762513443,762513445,762513450,1,2,4,11,7,1,3262,-762513440,762513443,2,5,15,3287
1498,766224471,766224472,766224474,766224486,766224501,766224503,766224496,766227815,0,766227818,766227823,766227828,1,2,12,27,2,-5,3319,-766227815,766227818,5,5,25,3357
1499,766433409,766433412,766433414,766433420,766433427,766433434,766433428,766435884,0,766435887,766435890,766435894,3,2,6,13,7,1,2456,-766435884,766435887,3,4,19,2485
1500,766450245,766450246,766450248,766450252,766450257,766450274,766450260,766452534,0,766452537,766452539,766452543,1,2,4,9,17,3,2274,-766452534,766452537,2,4,15,2298
1501,766585032,766585033,766585035,766585038,766585042,766585059,766585045,766587824,0,766587826,766587829,766587833,1,2,3,7,17,3,2779,-766587824,766587826,3,4,13,2801
1502,766585063,766585065,766585067,766585069,766585073,766585083,766585074,766588070,0,766588072,766588074,766588083,2,2,2,6,10,1,2996,-766588070,766588072,2,9,11,3020
1503,766585064,766585067,766585077,766585079,766585083,766585104,766585093,766588189,0,766588194,766588195,766588202,3,10,2,6,21,10,3096,-766588189,766588194,1,7,29,3138
1504,766601908,766601909,766601911,766601914,766601919,766601935,766601922,766605096,0,766605099,766605103,766605108,1,2,3,8,16,3,3174,-766605096,766605099,4,5,14,3200
1505,766652456,766652457,766652458,766652462,766652466,766652484,766652468,766654842,0,766654844,766654846,766654851,1,1,4,8,18,2,2374,-766654842,766654844,2,5,12,2395
1506,766652461,766652462,766652471,766652473,766652477,766652484,766652494,766655131,0,766655133,766655135,766655143,1,9,2,6,7,17,2637,-766655131,766655133,2,8,33,2682
1507,766787327,766787328,766787330,766787333,766787338,766787355,766787341,766789590,0,766789593,766789596,766789601,1,2,3,8,17,3,2249,-766789590,766789593,3,5,14,2274
1508,770005290,770005291,770005293,770005303,770005317,770005319,770005313,770008651,0,770008654,770008658,770008664,1,2,10,24,2,-4,3338,-770008651,770008654,4,6,23,3374
1509,770059226,770059227,770059229,770059233,770059241,770059251,770059240,770062733,0,770062735,770062738,770062742,1,2,4,12,10,-1,3493,-770062733,770062735,3,4,14,3516
1510,770068521,770068522,770068524,770068528,770068534,770068542,770068534,770071718,0,770071722,770071725,770071729,1,2,4,10,8,0,3184,-770071718,770071722,3,4,13,3208
1511,774838090,774838094,774838096,774838107,774838119,774838122,774838117,774841372,0,774841375,774841379,774841383,4,2,11,23,3,-2,3255,-774841372,774841375,4,4,27,3293
1512,778671185,778671187,778671189,778671200,778671212,778671214,778671210,778673843,0,778673846,778673851,778673856,2,2,11,23,2,-2,2633,-778673843,778673846,5,5,25,2671
1513,780513234,780513238,780513240,780513249,780513263,780513272,780513258,780516455,0,780516458,780516462,780516466,4,2,9,23,9,-5,3197,-780516455,780516458,4,4,24,3232
1514,780533147,780533148,780533150,780533154,780533161,780533179,780533161,780536664,0,780536666,780536668,780536673,1,2,4,11,18,0,3503,-780536664,780536666,2,5,14,3526
1515,780851548,780851549,780851551,780851556,780851564,780851571,780851565,780854893,0,780854895,780854898,780854902,1,2,5,13,7,1,3328,-780854893,780854895,3,4,17,3354
1516,781578606,781578607,781578608,781578615,781578622,781578631,781578621,781581451,0,781581453,781581456,781581460,1,1,7,14,9,-1,2830,-781581451,781581453,3,4,15,2854
1517,782066233,782066235,782066237,782066243,782066252,782066259,782066251,782069780,0,782069783,782069786,782069791,2,2,6,15,7,-1,3529,-782069780,782069783,3,5,18,3558
1518,782078244,782078245,782078247,782078251,782078257,782078267,782078257,782081495,0,782081497,782081501,782081506,1,2,4,10,10,0,3238,-782081495,782081497,4,5,13,3262
1519,787212421,787212425,787212455,787212458,787212462,787212470,787212480,787215866,0,787215868,787215870,787215874,4,30,3,7,8,18,3386,-787215866,787215868,2,4,59,3453
1520,787212422,787212423,787212425,787212437,787212451,787212455,787212451,787215812,0,787215815,787215820,787215825,1,2,12,26,4,0,3361,-787215812,787215815,5,5,29,3403
1521,788441835,788441836,788441838,788441845,788441853,788441854,788441853,788444800,0,788444803,788444806,788444815,1,2,7,15,1,0,2947,-788444800,788444803,3,9,18,2980
1522,788445537,788445538,788445540,788445543,788445548,788445564,788445551,788447974,0,788447976,788447978,788447983,1,2,3,8,16,3,2423,-788447974,788447976,2,5,14,2446
1523,789489199,789489200,789489202,789489207,789489213,789489224,789489217,789491471,0,789491474,789491477,789491481,1,2,5,11,11,4,2254,-789491471,789491474,3,4,18,2282
1524,789783339,789783340,789783342,789783345,789783350,789783360,789783351,789786207,0,789786210,789786213,789786217,1,2,3,8,10,1,2856,-789786207,789786210,3,4,12,2878
1525,789925272,789925273,789925275,789925279,789925285,789925297,789925287,789927632,0,789927635,789927637,789927642,1,2,4,10,12,2,2345,-789927632,789927635,2,5,15,2370
1526,791081510,791081511,791081513,791081521,791081533,791081540,791081529,791085134,0,791085136,791085140,791085144,1,2,8,20,7,-4,3605,-791085134,791085136,4,4,19,3634
1527,795776779,795776781,795776783,795776796,795776812,795776814,795776807,795780101,0,795780104,795780108,795780112,2,2,13,29,2,-5,3294,-795780101,795780104,4,4,28,3333
1528,795776791,795776792,795776822,795776825,795776831,795776852,795776839,795780244,0,795780246,795780247,795780251,1,30,3,9,21,8,3405,-795780244,795780246,1,4,48,3460
1529,796731260,796731261,796731263,796731269,796731278,796731286,796731278,796734648,0,796734650,796734653,796734657,1,2,6,15,8,0,3370,-796734648,796734650,3,4,18,3397
1530,796735853,796735854,796735856,796735859,796735865,796735875,796735867,796739190,0,796739193,796739196,796739201,1,2,3,9,10,2,3323,-796739190,796739193,3,5,14,3348
1531,796735879,796735881,796735883,796735885,796735890,796735896,796735891,796739307,0,796739309,796739311,796739314,2,2,2,7,6,1,3416,-796739307,796739309,2,3,12,3435
1532,796980122,796980125,796980127,796980130,796980136,796980146,796980137,796983553,0,796983556,796983558,796983562,3,2,3,9,10,1,3416,-796983553,796983556,2,4,15,3440
1533,796980150,796980151,796980153,796980155,796980161,796980174,796980163,796983697,0,796983699,796983701,796983705,1,2,2,8,13,2,3534,-796983697,796983699,2,4,13,3555
1534,797528326,797528327,797528330,797528334,797528340,797528347,797528341,797531983,0,797531986,797531988,797531993,1,3,4,10,7,1,3642,-797531983,797531986,2,5,15,3667
1535,797528622,797528623,797528625,797528628,797528633,797528654,797528639,797532135,0,797532137,797532139,797532143,1,2,3,8,21,6,3496,-797532135,797532137,2,4,17,3521
1536,799024126,799024129,799024131,799024139,799024150,799024158,799024147,799027427,0,799027431,799027434,799027438,3,2,8,19,8,-3,3280,-799027427,799027431,3,4,21,3312
1537,799037822,799037822,799037825,799037828,799037833,799037849,799037836,799041080,0,799041083,799041086,799041090,0,3,3,8,16,3,3244,-799041080,799041083,3,4,14,3268
1538,800186553,800186554,800186556,800186564,800186575,800186577,800186572,800189895,0,800189898,800189902,800189906,1,2,8,19,2,-3,3323,-800189895,800189898,4,4,19,3353
1539,801233538,801233541,801233543,801233550,801233559,801233568,801233557,801236886,0,801236888,801236891,801236895,3,2,7,16,9,-2,3329,-801236886,801236888,3,4,19,3357
1540,801444846,801444847,801444849,801444853,801444861,801444871,801444862,801448264,0,801448267,801448270,801448275,1,2,4,12,10,1,3402,-801448264,801448267,3,5,16,3429
1541,801444875,801444876,801444878,801444881,801444886,801444901,801444889,801448706,0,801448707,801448709,801448716,1,2,3,8,15,3,3817,-801448706,801448707,2,7,14,3841
1542,801448650,801448651,801448653,801448656,801448662,801448663,801448662,801452002,0,801452005,801452007,801452012,1,2,3,9,1,0,3340,-801452002,801452005,2,5,12,3362
1543,801829702,801829703,801829705,801829711,801829720,801829739,801829724,801833023,0,801833025,801833028,801833032,1,2,6,15,19,4,3299,-801833023,801833025,3,4,22,3330
1544,801848753,801848753,801848755,801848760,801848767,801848776,801848768,801851946,0,801851949,801851951,801851956,0,2,5,12,9,1,3178,-801851946,801851949,2,5,15,3203
1545,801977026,801977027,801977029,801977033,801977040,801977050,801977041,801980257,0,801980260,801980264,801980268,1,2,4,11,10,1,3216,-801980257,801980260,4,4,15,3242
1546,802046239,802046240,802046242,802046246,802046252,802046262,802046252,802049553,0,802049556,802049560,802049564,1,2,4,10,10,0,3301,-802049553,802049556,4,4,13,3325
1547,804267350,804267351,804267353,804267360,804267368,804267376,804267368,804270481,0,804270484,804270487,804270491,1,2,7,15,8,0,3113,-804270481,804270484,3,4,18,3141
1548,804666062,804666062,804666064,804666068,804666074,804666094,804666079,804669137,0,804669140,804669142,804669146,0,2,4,10,20,5,3058,-804669137,804669140,2,4,17,3084
1549,804666098,804666099,804666101,804666103,804666108,804666119,804666109,804669314,0,804669316,804669318,804669322,1,2,2,7,11,1,3205,-804669314,804669316,2,4,11,3224
1550,804666098,804666101,804666113,804666115,804666118,804666139,804666129,804669415,0,804669417,804669419,804669423,3,12,2,5,21,11,3286,-804669415,804669417,2,4,31,3325
1551,804704093,804704094,804704096,804704099,804704104,804704121,804704108,804707198,0,804707200,804707202,804707207,1,2,3,8,17,4,3090,-804707198,804707200,2,5,15,3114
1552,804856000,804856001,804856003,804856007,804856012,804856023,804856014,804858997,0,804859000,804859002,804859007,1,2,4,9,11,2,2983,-804858997,804859000,2,5,14,3007
1553,805343801,805343802,805343804,805343813,805343825,805343827,805343820,805347061,0,805347063,805347068,805347073,1,2,9,21,2,-5,3241,-805347061,805347063,5,5,19,3272
1554,805539094,805539095,805539097,805539101,805539107,805539118,805539108,805541828,0,805541832,805541834,805541838,1,2,4,10,11,1,2720,-805541828,805541832,2,4,14,2744
1555,805601358,805601359,805601361,805601364,805601368,805601384,805601370,805603693,0,805603697,805603699,805603704,1,2,3,7,16,2,2323,-805603693,805603697,2,5,12,2346
1556,805961733,805961734,805961736,805961743,805961750,805961751,805961750,805964219,0,805964222,805964224,805964229,1,2,7,14,1,0,2469,-805964219,805964222,2,5,17,2496
1557,807753916,807753917,807753919,807753935,807753950,807753952,807753948,807756886,0,807756890,807756894,807756898,1,2,16,31,2,-2,2938,-807756886,807756890,4,4,32,2982
1558,807801907,807801908,807801910,807801918,807801923,807801935,807801925,807804331,0,807804334,807804336,807804341,1,2,8,13,12,2,2406,-807804331,807804334,2,5,18,2434
1559,807808331,807808332,807808334,807808337,807808341,807808351,807808345,807810565,0,807810567,807810570,807810575,1,2,3,7,10,4,2220,-807810565,807810567,3,5,14,2244
1560,809427103,809427104,809427106,809427116,809427131,809427143,809427124,809430452,0,809430455,809430459,809430463,1,2,10,25,12,-7,3328,-809430452,809430455,4,4,21,3360
1561,809839580,809839581,809839583,809839589,809839598,809839599,809839596,809842807,0,809842810,809842813,809842818,1,2,6,15,1,-2,3211,-809842807,809842810,3,5,16,3238
1562,809847759,809847760,809847762,809847766,809847772,809847782,809847773,809851370,0,809851372,809851374,809851379,1,2,4,10,10,1,3597,-809851370,809851372,2,5,14,3620
1563,810763061,810763062,810763064,810763069,810763076,810763084,810763077,810766081,0,810766085,810766087,810766091,1,2,5,12,8,1,3004,-810766081,810766085,2,4,16,3030
1564,810763258,810763259,810763261,810763263,810763267,810763277,810763268,810766341,0,810766343,810766345,810766353,1,2,2,6,10,1,3073,-810766341,810766343,2,8,10,3095
1565,810774821,810774822,810774824,810774828,810774832,810774850,810774835,810777488,0,810777490,810777493,810777498,1,2,4,8,18,3,2653,-810777488,810777490,3,5,14,2677
1566,810781408,810781409,810781411,810781416,810781421,810781428,810781422,810784559,0,810784562,810784564,810784568,1,2,5,10,7,1,3137,-810784559,810784562,2,4,14,3160
1567,810793847,810793847,810793849,810793852,810793857,810793874,810793860,810796116,0,810796118,810796120,810796125,0,2,3,8,17,3,2256,-810796116,810796118,2,5,13,2278
1568,810892611,810892612,810892614,810892619,810892625,810892637,810892627,810895283,0,810895286,810895289,810895293,1,2,5,11,12,2,2656,-810895283,810895286,3,4,16,2682
1569,811131197,811131198,811131200,811131203,811131208,811131223,811131211,811133646,0,811133649,811133651,811133656,1,2,3,8,15,3,2435,-811133646,811133649,2,5,14,2459
1570,811131512,811131513,811131515,811131517,811131521,811131533,811131527,811133778,0,811133779,811133781,811133785,1,2,2,6,12,6,2251,-811133778,811133779,2,4,15,2273
1571,811282843,811282844,811282846,811282850,811282855,811282865,811282856,811285148,0,811285150,811285155,811285160,1,2,4,9,10,1,2292,-811285148,811285150,5,5,13,2317
1572,812799165,812799167,812799169,812799175,812799181,812799192,812799182,812801610,0,812801612,812801615,812801621,2,2,6,12,11,1,2428,-812801610,812801612,3,6,17,2456
1573,813052409,813052412,813052414,813052418,813052423,813052438,813052426,813055144,0,813055147,813055149,813055154,3,2,4,9,15,3,2718,-813055144,813055147,2,5,17,2745
1574,813055438,813055439,813055441,813055444,813055448,813055466,813055452,813058723,0,813058726,813058728,813058733,1,2,3,7,18,4,3271,-813058723,813058726,2,5,14,3295
1575,813436885,813436887,813436889,813436896,813436902,813436920,813436905,813439356,0,813439359,813439361,813439366,2,2,7,13,18,3,2451,-813439356,813439359,2,5,20,2481
1576,813495666,813495667,813495670,813495673,813495678,813495687,813495680,813499009,0,813499011,813499014,813499018,1,3,3,8,9,2,3329,-813499009,813499011,3,4,14,3352
1577,813508536,813508537,813508539,813508542,813508546,813508555,813508549,813511510,0,813511513,813511515,813511519,1,2,3,7,9,3,2961,-813511510,813511513,2,4,13,2983
1578,813708366,813708367,813708369,813708372,813708377,813708395,813708380,813711160,0,813711163,813711165,813711169,1,2,3,8,18,3,2780,-813711160,813711163,2,4,14,2803
1579,813831546,813831547,813831549,813831552,813831557,813831572,813831559,813835001,0,813835003,813835005,813835010,1,2,3,8,15,2,3442,-813835001,813835003,2,5,13,3464
1580,816129606,816129609,816129611,816129617,816129624,816129636,816129625,816132103,0,816132106,816132108,816132112,3,2,6,13,12,1,2478,-816132103,816132106,2,4,19,2506
1581,816307437,816307438,816307440,816307447,816307459,816307460,816307455,816310808,0,816310811,816310816,816310820,1,2,7,19,1,-4,3353,-816310808,816310811,5,4,18,3383
1582,816744298,816744299,816744301,816744307,816744314,816744315,816744314,816747680,0,816747683,816747685,816747690,1,2,6,13,1,0,3366,-816747680,816747683,2,5,16,3392
1583,818244231,818244234,818244236,818244242,818244250,818244252,818244250,818246550,0,818246553,818246556,818246560,3,2,6,14,2,0,2300,-818246550,818246553,3,4,19,2329
1584,818247733,818247734,818247736,818247740,818247745,818247761,818247747,818249876,0,818249879,818249881,818249886,1,2,4,9,16,2,2129,-818249876,818249879,2,5,14,2153
1585,818258816,818258817,818258819,818258821,818258825,818258843,818258829,818261694,0,818261697,818261699,818261703,1,2,2,6,18,4,2865,-818261694,818261697,2,4,13,2887
1586,819320817,819320818,819320820,819320827,819320837,819320838,819320834,819324156,0,819324158,819324161,819324164,1,2,7,17,1,-3,3322,-819324156,819324158,3,3,17,3347
1587,819320888,819320890,819320892,819320896,819320902,819320910,819320902,819323788,0,819323790,819323795,819323799,2,2,4,10,8,0,2886,-819323788,819323790,5,4,14,2911
1588,819330186,819330187,819330189,819330192,819330196,819330207,819330199,819332542,0,819332545,819332547,819332551,1,2,3,7,11,3,2343,-819332542,819332545,2,4,13,2365
1589,820552353,820552355,820552358,820552365,820552372,820552380,820552373,820555818,0,820555821,820555825,820555828,2,3,7,14,8,1,3445,-820555818,820555821,4,3,20,3475
1590,820552365,820552366,820552379,820552381,820552385,820552414,820552399,820555937,0,820555939,820555941,820555945,1,13,2,6,29,14,3538,-820555937,820555939,2,4,34,3580
1591,820580472,820580473,820580475,820580480,820580485,820580496,820580487,820582806,0,820582809,820582811,820582816,1,2,5,10,11,2,2319,-820582806,820582809,2,5,15,2344
1592,820597282,820597282,820597284,820597287,820597291,820597317,820597296,820600292,0,820600295,820600298,820600302,0,2,3,7,26,5,2996,-820600292,820600295,3,4,14,3020
1593,820597285,820597286,820597296,820597298,820597301,820597317,820597302,820600496,0,820600498,820600500,820600505,1,10,2,5,16,1,3194,-820600496,820600498,2,5,17,3220
1594,820688008,820688009,820688011,820688015,820688020,820688038,820688023,820690647,0,820690650,820690652,820690657,1,2,4,9,18,3,2624,-820690647,820690650,2,5,15,2649
1595,820698084,820698084,820698086,820698089,820698094,820698103,820698097,820700792,0,820700795,820700797,820700802,0,2,3,8,9,3,2695,-820700792,820700795,2,5,13,2718
1596,820844389,820844390,820844393,820844397,820844403,820844412,820844404,820847303,0,820847306,820847310,820847314,1,3,4,10,9,1,2899,-820847303,820847306,4,4,15,2925
1597,821332832,821332833,821332835,821332838,821332843,821332853,821332845,821335502,0,821335505,821335507,821335512,1,2,3,8,10,2,2657,-821335502,821335505,2,5,13,2680
1598,822058669,822058670,822058672,822058677,822058684,822058690,822058684,822062148,0,822062150,822062153,822062157,1,2,5,12,6,0,3464,-822062148,822062150,3,4,15,3488
1599,822058695,822058697,822058703,822058705,822058709,822058730,822058719,822062301,0,822062302,822062304,822062308,2,6,2,6,21,10,3582,-822062301,822062302,2,4,24,3613
1600,822375223,822375226,822375228,822375235,822375241,822375253,822375243,822378672,0,822378675,822378677,822378682,3,2,7,13,12,2,3429,-822378672,822378675,2,5,20,3459
1601,822466870,822466871,822466873,822466876,822466881,822466899,822466884,822469236,0,822469239,822469241,822469246,1,2,3,8,18,3,2352,-822469236,822469239,2,5,14,2376
1602,822466902,822466903,822466905,822466907,822466911,822466925,822466913,822469510,0,822469512,822469514,822469518,1,2,2,6,14,2,2597,-822469510,822469512,2,4,11,2616
1603,822469980,822469981,822469983,822469986,822469991,822470001,822469992,822473269,0,822473271,822473274,822473279,1,2,3,8,10,1,3277,-822473269,822473271,3,5,12,3299
1604,822604419,822604420,822604422,822604426,822604431,822604442,822604433,822607883,0,822607885,822607888,822607892,1,2,4,9,11,2,3450,-822607883,822607885,3,4,14,3473
1605,822654898,822654899,822654901,822654905,822654909,822654925,822654912,822657635,0,822657638,822657640,822657644,1,2,4,8,16,3,2723,-822657635,822657638,2,4,14,2746
1606,822657808,822657809,822657811,822657814,822657818,822657832,822657820,822660762,0,822660764,822660767,822660771,1,2,3,7,14,2,2942,-822660762,822660764,3,4,12,2963
1607,822729872,822729874,822729877,822729880,822729885,822729900,822729888,822732252,0,822732255,822732258,822732263,2,3,3,8,15,3,2364,-822732252,822732255,3,5,16,2391
1608,822729904,822729906,822729908,822729911,822729916,822729922,822729916,822732913,0,822732915,822732918,822732922,2,2,3,8,6,0,2997,-822732913,822732915,3,4,12,3018
1609,822733777,822733778,822733780,822733784,822733790,822733791,822733790,822735996,0,822735998,822736001,822736005,1,2,4,10,1,0,2206,-822735996,822735998,3,4,13,2228
1610,822804849,822804850,822804852,822804855,822804860,822804882,822804863,822807845,0,822807848,822807850,822807854,1,2,3,8,22,3,2982,-822807845,822807848,2,4,14,3005
1611,822804854,822804856,822804866,822804868,822804871,822804882,822804892,822808009,0,822808010,822808012,822808017,2,10,2,5,11,21,3117,-822808009,822808010,2,5,38,3163
1612,822805014,822805015,822805017,822805020,822805025,822805025,822805025,822807296,0,822807299,822807301,822807305,1,2,3,8,0,0,2271,-822807296,822807299,2,4,11,2291
1613,822921468,822921469,822921471,822921475,822921481,822921492,822921483,822924006,0,822924009,822924012,822924016,1,2,4,10,11,2,2523,-822924006,822924009,3,4,15,2548
1614,823242188,823242190,823242192,823242195,823242200,823242211,823242202,823244558,0,823244562,823244564,823244568,2,2,3,8,11,2,2356,-823244558,823244562,2,4,14,2380
1615,823254725,823254726,823254728,823254731,823254737,823254760,823254737,823257870,0,823257873,823257877,823257881,1,2,3,9,23,0,3133,-823257870,823257873,4,4,12,3156
1616,823254740,823254741,823254743,823254745,823254748,823254760,823254770,823258009,0,823258011,823258013,823258017,1,2,2,5,12,22,3239,-823258009,823258011,2,4,30,3277
1617,823255375,823255376,823255378,823255381,823255384,823255397,823255386,823258105,0,823258106,823258108,823258114,1,2,3,6,13,2,2719,-823258105,823258106,2,6,11,2739
1618,823292808,823292809,823292811,823292815,823292820,823292827,823292821,823295870,0,823295873,823295875,823295880,1,2,4,9,7,1,3049,-823295870,823295873,2,5,13,3072
1619,823296487,823296488,823296490,823296492,823296496,823296512,823296499,823298792,0,823298794,823298796,823298801,1,2,2,6,16,3,2293,-823298792,823298794,2,5,12,2314
1620,823432013,823432016,823432018,823432022,823432027,823432039,823432029,823434325,0,823434327,823434331,823434335,3,2,4,9,12,2,2296,-823434325,823434327,4,4,16,2322
1621,823634882,823634883,823634885,823634888,823634893,823634909,823634896,823637241,0,823637244,823637247,823637252,1,2,3,8,16,3,2345,-823637241,823637244,3,5,14,2370
1622,823749036,823749037,823749039,823749045,823749052,823749052,823749052,823752462,0,823752464,823752468,823752472,1,2,6,13,0,0,3410,-823752462,823752464,4,4,16,3436
1623,824085003,824085004,824085006,824085010,824085015,824085025,824085017,824087175,0,824087178,824087180,824087184,1,2,4,9,10,2,2158,-824087175,824087178,2,4,14,2181
1624,824557455,824557456,824557458,824557462,824557467,824557485,824557470,824560940,0,824560943,824560946,824560950,1,2,4,9,18,3,3470,-824560940,824560943,3,4,15,3495
1625,824562484,824562485,824562487,824562490,824562494,824562509,824562498,824565343,0,824565345,824565347,824565352,1,2,3,7,15,4,2845,-824565343,824565345,2,5,14,2868
1626,824567384,824567385,824567387,824567395,824567399,824567417,824567402,824569819,0,824569822,824569824,824569828,1,2,8,12,18,3,2417,-824569819,824569822,2,4,18,2444
1627,824633458,824633459,824633461,824633464,824633469,824633488,824633471,824635834,0,824635837,824635839,824635843,1,2,3,8,19,2,2363,-824635834,824635837,2,4,13,2385
1628,824729456,824729456,824729458,824729462,824729467,824729482,824729470,824732479,0,824732482,824732485,824732489,0,2,4,9,15,3,3009,-824732479,824732482,3,4,14,3033
1629,825257477,825257478,825257480,825257485,825257491,825257498,825257492,825260130,0,825260133,825260135,825260139,1,2,5,11,7,1,2638,-825260130,825260133,2,4,15,2662
1630,825257503,825257504,825257506,825257508,825257512,825257536,825257515,825260273,0,825260275,825260277,825260280,1,2,2,6,24,3,2758,-825260273,825260275,2,3,12,2777
1631,825257503,825257506,825257516,825257518,825257522,825257536,825257548,825260345,0,825260347,825260349,825260353,3,10,2,6,14,26,2797,-825260345,825260347,2,4,45,2850
1632,825457987,825457988,825457990,825457995,825458000,825458017,825458003,825461208,0,825461211,825461214,825461218,1,2,5,10,17,3,3205,-825461208,825461211,3,4,16,3231
1633,825481394,825481395,825481397,825481400,825481405,825481421,825481408,825484301,0,825484304,825484306,825484311,1,2,3,8,16,3,2893,-825484301,825484304,2,5,14,2917
1634,825481425,825481426,825481428,825481430,825481434,825481448,825481437,825484503,0,825484508,825484510,825484516,1,2,2,6,14,3,3066,-825484503,825484508,2,6,12,3091
1635,825935574,825935577,825935578,825935586,825935593,825935601,825935594,825938756,0,825938758,825938762,825938766,3,1,8,15,8,1,3162,-825938756,825938758,4,4,20,3192
1636,826161910,826161911,826161913,826161917,826161922,826161929,826161923,826164423,0,826164426,826164428,826164432,1,2,4,9,7,1,2500,-826164423,826164426,2,4,13,2522
1637,826161933,826161934,826161936,826161938,826161942,826161954,826161943,826164566,0,826164568,826164570,826164573,1,2,2,6,12,1,2623,-826164566,826164568,2,3,10,2640
1638,826830857,826830858,826830860,826830866,826830874,826830875,826830873,826833334,0,826833337,826833340,826833345,1,2,6,14,1,-1,2461,-826833334,826833337,3,5,16,2488
1639,827199109,827199110,827199112,827199116,827199121,827199130,827199122,827202281,0,827202284,827202286,827202290,1,2,4,9,9,1,3159,-827202281,827202284,2,4,13,3181
1640,827226542,827226543,827226546,827226553,827226563,827226570,827226559,827229762,0,827229765,827229769,827229773,1,3,7,17,7,-4,3203,-827229762,827229765,4,4,17,3231
1641,827250535,827250536,827250538,827250542,827250548,827250557,827250549,827253868,0,827253871,827253874,827253878,1,2,4,10,9,1,3319,-827253868,827253871,3,4,14,3343
1642,827280283,827280284,827280286,827280290,827280295,827280304,827280297,827282678,0,827282681,827282683,827282688,1,2,4,9,9,2,2381,-827282678,827282681,2,5,14,2405
1643,828912598,828912599,828912601,828912608,828912616,828912625,828912617,828915233,0,828915236,828915239,828915243,1,2,7,15,9,1,2616,-828915233,828915236,3,4,19,2645
1644,829080600,829080602,829080604,829080607,829080613,829080623,829080614,829083238,0,829083241,829083244,829083249,2,2,3,9,10,1,2624,-829083238,829083241,3,5,14,2649
1645,829080627,829080628,829080630,829080632,829080636,829080650,829080639,829083351,0,829083354,829083355,829083361,1,2,2,6,14,3,2712,-829083351,829083354,1,6,12,2734
1646,829737746,829737747,829737749,829737753,829737758,829737774,829737761,829740654,0,829740657,829740659,829740663,1,2,4,9,16,3,2893,-829740654,829740657,2,4,15,2917
1647,831201753,831201754,831201756,831201762,831201770,831201771,831201770,831204115,0,831204118,831204121,831204126,1,2,6,14,1,0,2345,-831204115,831204118,3,5,17,2373
1648,831803984,831803985,831803987,831803993,831803999,831804009,831804000,831806894,0,831806897,831806900,831806905,1,2,6,12,10,1,2894,-831806894,831806897,3,5,16,2921
1649,832284850,832284854,832284856,832284859,832284865,832284872,832284866,832287345,0,832287348,832287350,832287355,4,2,3,9,7,1,2479,-832287345,832287348,2,5,16,2505
1650,832285393,832285394,832285396,832285399,832285403,832285419,832285406,832288796,0,832288799,832288802,832288805,1,2,3,7,16,3,3390,-832288796,832288799,3,3,13,3412
1651,832396704,832396705,832396707,832396710,832396714,832396731,832396717,832400274,0,832400276,832400278,832400283,1,2,3,7,17,3,3557,-832400274,832400276,2,5,13,3579
1652,832396735,832396736,832396738,832396740,832396744,832396754,832396745,832400399,0,832400401,832400403,832400407,1,2,2,6,10,1,3654,-832400399,832400401,2,4,10,3672
1653,833611536,833611537,833611539,833611547,833611558,833611567,833611555,833614914,0,833614918,833614923,833614928,1,2,8,19,9,-3,3359,-833614914,833614918,5,5,19,3392
1654,833706130,833706131,833706133,833706137,833706145,833706146,833706145,833709644,0,833709647,833709650,833709654,1,2,4,12,1,0,3499,-833709644,833709647,3,4,15,3524
1655,833992797,833992799,833992801,833992807,833992814,833992822,833992815,833995741,0,833995744,833995746,833995750,2,2,6,13,8,1,2926,-833995741,833995744,2,4,18,2953
1656,834209934,834209935,834209937,834209942,834209950,834209959,834209949,834213199,0,834213201,834213205,834213209,1,2,5,13,9,-1,3250,-834213199,834213201,4,4,15,3275
1657,834212688,834212688,834212691,834212695,834212702,834212713,834212701,834215862,0,834215865,834215869,834215874,0,3,4,11,11,-1,3161,-834215862,834215865,4,5,13,3186
1658,834216328,834216329,834216331,834216334,834216340,834216348,834216341,834220288,0,834220291,834220294,834220298,1,2,3,9,8,1,3947,-834220288,834220291,3,4,13,3970
1659,835374557,835374558,835374560,835374565,835374571,835374578,835374572,835376951,0,835376954,835376957,835376962,1,2,5,11,7,1,2379,-835376951,835376954,3,5,15,2405
1660,836650887,836650888,836650890,836650899,836650911,836650912,836650907,836654483,0,836654485,836654490,836654493,1,2,9,21,1,-4,3576,-836654483,836654485,5,3,20,3606
1661,837200825,837200826,837200828,837200835,837200843,837200844,837200843,837203836,0,837203839,837203842,837203846,1,2,7,15,1,0,2993,-837203836,837203839,3,4,18,3021
1662,837200847,837200848,837200850,837200853,837200857,837200864,837200873,837203991,0,837203993,837203995,837203999,1,2,3,7,7,16,3118,-837203991,837203993,2,4,26,3152
1663,838108217,838108221,838108223,838108228,838108235,838108244,838108237,838110661,0,838110664,838110667,838110671,4,2,5,12,9,2,2424,-838110661,838110664,3,4,20,2454
1664,839161053,839161054,839161056,839161060,839161066,839161077,839161067,839163453,0,839163455,839163459,839163464,1,2,4,10,11,1,2386,-839163453,839163455,4,5,14,2411
1665,839257289,839257292,839257294,839257297,839257302,839257317,839257304,839260603,0,839260606,839260608,839260613,3,2,3,8,15,2,3299,-839260603,839260606,2,5,15,3324
1666,839264998,839264999,839265001,839265004,839265008,839265025,839265012,839267227,0,839267230,839267232,839267237,1,2,3,7,17,4,2215,-839267227,839267230,2,5,14,2239
1667,839868496,839868497,839868499,839868506,839868517,839868519,839868514,839871716,0,839871719,839871722,839871727,1,2,7,18,2,-3,3202,-839871716,839871719,3,5,18,3231
1668,843177036,843177038,843177040,843177047,843177056,843177058,843177057,843180348,0,843180351,843180354,843180358,2,2,7,16,2,1,3291,-843180348,843180351,3,4,21,3322
1669,845167911,845167912,845167915,845167923,845167935,845167943,845167930,845171441,0,845171445,845171447,845171451,1,3,8,20,8,-5,3511,-845171441,845171445,2,4,19,3540
1670,845409139,845409140,845409142,845409145,845409152,845409162,845409153,845412647,0,845412650,845412652,845412657,1,2,3,10,10,1,3494,-845412647,845412650,2,5,14,3518
1671,845505345,845505346,845505348,845505352,845505358,845505368,845505360,845508468,0,845508471,845508473,845508478,1,2,4,10,10,2,3108,-845508468,845508471,2,5,15,3133
1672,845739936,845739936,845739938,845739942,845739949,845739956,845739949,845743455,0,845743458,845743460,845743465,0,2,4,11,7,0,3506,-845743455,845743458,2,5,13,3529
1673,846095903,846095904,846095906,846095913,846095923,846095924,846095920,846099326,0,846099328,846099332,846099337,1,2,7,17,1,-3,3406,-846099326,846099328,4,5,17,3434
1674,852783393,852783396,852783398,852783413,852783434,852783436,852783426,852786866,0,852786870,852786873,852786878,3,2,15,36,2,-8,3440,-852786866,852786870,3,5,33,3485
1675,856055211,856055214,856055217,856055229,856055244,856055246,856055240,856058740,0,856058743,856058746,856058750,3,3,12,27,2,-4,3500,-856058740,856058743,3,4,29,3539
1676,856389791,856389792,856389794,856389801,856389808,856389818,856389807,856392828,0,856392831,856392834,856392839,1,2,7,14,10,-1,3021,-856392828,856392831,3,5,16,3048
1677,857289339,857289341,857289343,857289351,857289359,857289371,857289360,857292236,0,857292239,857292243,857292247,2,2,8,16,12,1,2876,-857292236,857292239,4,4,21,2908
1678,857795756,857795757,857795759,857795767,857795776,857795777,857795774,857799159,0,857799162,857799165,857799169,1,2,8,17,1,-2,3385,-857799159,857799162,3,4,18,3413
1679,858909391,858909391,858909394,858909401,858909412,858909420,858909411,858913027,0,858913030,858913033,858913038,0,3,7,18,8,-1,3616,-858913027,858913030,3,5,20,3647
1680,863027197,863027198,863027200,863027212,863027227,863027228,863027221,863030567,0,863030570,863030573,863030578,1,2,12,27,1,-6,3346,-863030567,863030570,3,5,24,3381
1681,863123906,863123907,863123909,863123913,863123919,863123929,863123919,863127322,0,863127325,863127328,863127332,1,2,4,10,10,0,3403,-863127322,863127325,3,4,13,3426
1682,864272921,864272922,864272924,864272933,864272943,864272944,864272940,864276204,0,864276207,864276210,864276214,1,2,9,19,1,-3,3264,-864276204,864276207,3,4,19,3293
1683,864432807,864432808,864432810,864432815,864432822,864432823,864432822,864436012,0,864436014,864436017,864436021,1,2,5,12,1,0,3190,-864436012,864436014,3,4,15,3214
1684,867684423,867684426,867684428,867684437,867684447,867684449,867684447,867687413,0,867687416,867687419,867687423,3,2,9,19,2,0,2966,-867687413,867687416,3,4,24,3000
1685,867861214,867861215,867861217,867861226,867861236,867861248,867861234,867864469,0,867864471,867864475,867864479,1,2,9,19,12,-2,3235,-867864469,867864471,4,4,20,3265
1686,867865029,867865030,867865032,867865038,867865043,867865052,867865044,867867489,0,867867491,867867494,867867498,1,2,6,11,9,1,2445,-867867489,867867491,3,4,15,2469
1687,867868434,867868435,867868437,867868440,867868445,867868455,867868447,867870626,0,867870629,867870631,867870636,1,2,3,8,10,2,2179,-867870626,867870629,2,5,13,2202
1688,868892316,868892316,868892318,868892325,868892334,868892344,868892333,868895767,0,868895771,868895774,868895779,0,2,7,16,10,-1,3434,-868895767,868895771,3,5,17,3463
1689,869347004,869347008,869347010,869347014,869347020,869347027,869347021,869349469,0,869349471,869349474,869349478,4,2,4,10,7,1,2448,-869349469,869349471,3,4,17,2474
1690,870837439,870837440,870837442,870837450,870837461,870837463,870837458,870841076,0,870841078,870841081,870841085,1,2,8,19,2,-3,3618,-870841076,870841078,3,4,19,3646
1691,871391854,871391855,871391857,871391863,871391872,871391878,871391870,871395257,0,871395260,871395262,871395267,1,2,6,15,6,-2,3387,-871395257,871395260,2,5,16,3413
1692,871408637,871408638,871408640,871408643,871408649,871408659,871408650,871412101,0,871412104,871412106,871412110,1,2,3,9,10,1,3451,-871412101,871412104,2,4,13,3473
1693,871408641,871408641,871408654,871408657,871408662,871408711,871408678,871412307,0,871412309,871412311,871412319,0,13,3,8,49,16,3629,-871412307,871412309,2,8,37,3678
1694,871408664,871408666,871408671,871408674,871408678,871408711,871408683,871412313,0,871412316,871412318,871412324,2,5,3,7,33,5,3630,-871412313,871412316,2,6,19,3660
1695,871408664,871408667,871408683,871408685,871408690,871408711,871408690,871412383,0,871412385,871412390,871412395,3,16,2,7,21,0,3693,-871412383,871412385,5,5,26,3731
1696,871426233,871426234,871426236,871426240,871426245,871426257,871426247,871429596,0,871429599,871429603,871429608,1,2,4,9,12,2,3349,-871429596,871429599,4,5,14,3375
1697,871426261,871426262,871426263,871426266,871426271,871426284,871426273,871430686,0,871430688,871430690,871430695,1,1,3,8,13,2,4413,-871430686,871430688,2,5,12,4434
1698,871431435,871431436,871431438,871431442,871431447,871431453,871431447,871434778,0,871434781,871434783,871434788,1,2,4,9,6,0,3331,-871434778,871434781,2,5,12,3353
1699,871442228,871442229,871442231,871442234,871442240,871442250,871442242,871445758,0,871445761,871445763,871445767,1,2,3,9,10,2,3516,-871445758,871445761,2,4,14,3539
1700,871727852,871727853,871727855,871727860,871727867,871727874,871727868,871731637,0,871731640,871731643,871731646,1,2,5,12,7,1,3769,-871731637,871731640,3,3,16,3794
1701,871734224,871734225,871734227,871734230,871734236,871734243,871734237,871737611,0,871737613,871737615,871737620,1,2,3,9,7,1,3374,-871737611,871737613,2,5,13,3396
1702,872758205,872758205,872758207,872758213,872758221,872758234,872758224,872761626,0,872761628,872761631,872761635,0,2,6,14,13,3,3402,-872761626,872761628,3,4,19,3430
1703,872954290,872954291,872954294,872954299,872954305,872954306,872954305,872957729,0,872957733,872957735,872957740,1,3,5,11,1,0,3424,-872957729,872957733,2,5,15,3450
1704,873145559,873145560,873145562,873145570,873145579,873145590,873145577,873149097,0,873149100,873149105,873149109,1,2,8,17,11,-2,3520,-873149097,873149100,5,4,18,3550
1705,873166805,873166805,873166808,873166812,873166819,873166826,873166818,873170256,0,873170259,873170262,873170266,0,3,4,11,7,-1,3438,-873170256,873170259,3,4,13,3461
1706,873196132,873196134,873196136,873196143,873196150,873196159,873196149,873199547,0,873199549,873199552,873199556,2,2,7,14,9,-1,3398,-873199547,873199549,3,4,17,3424
1707,873939921,873939922,873939924,873939929,873939937,873939938,873939937,873943452,0,873943455,873943458,873943462,1,2,5,13,1,0,3515,-873943452,873943455,3,4,16,3541
1708,874010078,874010079,874010081,874010085,874010091,874010098,874010092,874013493,0,874013496,874013499,874013504,1,2,4,10,7,1,3401,-874013493,874013496,3,5,14,3426
1709,874801489,874801490,874801492,874801499,874801508,874801518,874801507,874804982,0,874804984,874804988,874804993,1,2,7,16,10,-1,3475,-874804982,874804984,4,5,18,3504
1710,875029480,875029481,875029483,875029488,875029496,875029507,875029495,875033116,0,875033119,875033121,875033126,1,2,5,13,11,-1,3621,-875033116,875033119,2,5,15,3646
1711,875029497,875029498,875029502,875029505,875029510,875029532,875029519,875033261,0,875033263,875033265,875033269,1,4,3,8,22,9,3742,-875033261,875033263,2,4,22,3772
1712,877366550,877366553,877366555,877366563,877366573,877366582,877366571,877369973,0,877369976,877369979,877369983,3,2,8,18,9,-2,3402,-877369973,877369976,3,4,21,3433
1713,878854491,878854494,878854496,878854502,878854511,878854529,878854511,878858046,0,878858050,878858052,878858057,3,2,6,15,18,0,3535,-878858046,878858050,2,5,20,3566
1714,878854503,878854504,878854518,878854520,878854526,878854552,878854540,878858192,0,878858194,878858196,878858203,1,14,2,8,26,14,3652,-878858192,878858194,2,7,37,3700
1715,879052606,879052607,879052608,879052616,879052625,879052627,879052622,879056052,0,879056055,879056058,879056063,1,1,8,17,2,-3,3430,-879056052,879056055,3,5,16,3457
1716,879876299,879876304,879876306,879876311,879876320,879876353,879876320,879879828,0,879879833,879879836,879879840,5,2,5,14,33,0,3508,-879879828,879879833,3,4,21,3541
1717,879876323,879876327,879876329,879876332,879876338,879876353,879876336,879879999,0,879880001,879880003,879880011,4,2,3,9,15,-2,3663,-879879999,879880001,2,8,13,3688
1718,879876323,879876329,879876342,879876345,879876350,879876379,879876365,879880004,0,879880008,879880009,879880017,6,13,3,8,29,15,3639,-879880004,879880008,1,8,42,3694
1719,879957560,879957561,879957563,879957570,879957579,879957588,879957580,879960897,0,879960901,879960904,879960909,1,2,7,16,9,1,3317,-879960897,879960901,3,5,20,3349
1720,880116567,880116568,880116570,880116574,880116581,880116588,880116582,880120211,0,880120214,880120218,880120222,1,2,4,11,7,1,3629,-880120211,880120214,4,4,15,3655
1721,880116572,880116573,880116587,880116589,880116595,880116615,880116601,880120383,0,880120385,880120386,880120395,1,14,2,8,20,6,3782,-880120383,880120385,1,9,29,3823
1722,880170544,880170545,880170547,880170552,880170559,880170570,880170559,880173938,0,880173940,880173945,880173949,1,2,5,12,11,0,3379,-880173938,880173940,5,4,15,3405
1723,880201270,880201271,880201273,880201276,880201283,880201290,880201283,880204700,0,880204703,880204706,880204710,1,2,3,10,7,0,3417,-880204700,880204703,3,4,13,3440
1724,880201274,880201275,880201288,880201291,880201296,880201317,880201301,880204880,0,880204882,880204883,880204888,1,13,3,8,21,5,3579,-880204880,880204882,1,5,27,3614
1725,881445808,881445809,881445811,881445816,881445824,881445825,881445824,881449141,0,881449144,881449146,881449151,1,2,5,13,1,0,3317,-881449141,881449144,2,5,16,3343
1726,881445828,881445829,881445830,881445833,881445838,881445850,881445859,881449285,0,881449287,881449288,881449293,1,1,3,8,12,21,3426,-881449285,881449287,1,5,31,3465
1727,882305008,882305009,882305011,882305018,882305028,882305038,882305026,882308347,0,882308351,882308355,882308360,1,2,7,17,10,-2,3321,-882308347,882308351,4,5,18,3352
1728,882695517,882695517,882695519,882695524,882695533,882695540,882695532,882698893,0,882698895,882698898,882698902,0,2,5,14,7,-1,3361,-882698893,882698895,3,4,15,3385
1729,882863534,882863535,882863537,882863542,882863550,882863557,882863550,882866992,0,882866994,882866997,882867001,1,2,5,13,7,0,3442,-882866992,882866994,3,4,16,3467
1730,882880297,882880298,882880300,882880304,882880310,882880320,882880311,882883650,0,882883653,882883656,882883660,1,2,4,10,10,1,3339,-882883650,882883653,3,4,14,3363
1731,884258068,884258069,884258071,884258078,884258087,884258089,884258086,884261531,0,884261534,884261536,884261541,1,2,7,16,2,-1,3445,-884261531,884261534,2,5,18,3473
1732,884476454,884476457,884476459,884476463,884476469,884476480,884476471,884479940,0,884479943,884479945,884479949,3,2,4,10,11,2,3469,-884479940,884479943,2,4,17,3495
1733,884493397,884493398,884493400,884493403,884493409,884493419,884493409,884496748,0,884496751,884496753,884496758,1,2,3,9,10,0,3339,-884496748,884496751,2,5,12,3361
1734,884835130,884835130,884835132,884835136,884835142,884835153,884835143,884838652,0,884838655,884838657,884838661,0,2,4,10,11,1,3509,-884838652,884838655,2,4,13,3531
1735,884884691,884884692,884884694,884884698,884884704,884884705,884884704,884887945,0,884887948,884887953,884887957,1,2,4,10,1,0,3241,-884887945,884887948,5,4,13,3266
1736,884884694,884884695,884884710,884884712,884884717,884884728,884884740,884888095,0,884888096,884888098,884888103,1,15,2,7,11,23,3355,-884888095,884888096,2,5,46,3409
1737,885597325,885597326,885597328,885597334,885597342,885597343,885597342,885601178,0,885601181,885601184,885601188,1,2,6,14,1,0,3836,-885601178,885601181,3,4,17,3863
1738,885715433,885715434,885715436,885715441,885715448,885715455,885715448,885718730,0,885718732,885718735,885718739,1,2,5,12,7,0,3282,-885718730,885718732,3,4,15,3306
1739,885728545,885728546,885728548,885728554,885728563,885728573,885728561,885732044,0,885732046,885732049,885732054,1,2,6,15,10,-2,3483,-885732044,885732046,3,5,16,3509
1740,887847130,887847133,887847136,887847142,887847153,887847155,887847150,887850527,0,887850529,887850532,887850536,3,3,6,17,2,-3,3377,-887850527,887850529,3,4,20,3406
1741,888299382,888299383,888299385,888299395,888299405,888299414,888299406,888302800,0,888302804,888302807,888302812,1,2,10,20,9,1,3394,-888302800,888302804,3,5,24,3430
1742,888383175,888383176,888383178,888383184,888383192,888383193,888383192,888386426,0,888386428,888386431,888386436,1,2,6,14,1,0,3234,-888386426,888386428,3,5,17,3261
1743,888724596,888724597,888724598,888724603,888724610,888724611,888724610,888727938,0,888727940,888727943,888727947,1,1,5,12,1,0,3328,-888727938,888727940,3,4,14,3351
1744,889536944,889536945,889536947,889536952,889536958,889536966,889536959,889540376,0,889540379,889540381,889540385,1,2,5,11,8,1,3417,-889540376,889540379,2,4,15,3441
1745,890157710,890157711,890157713,890157720,890157729,890157730,890157726,890161320,0,890161323,890161328,890161332,1,2,7,16,1,-3,3594,-890161320,890161323,5,4,16,3622
1746,891511914,891511915,891511917,891511922,891511930,891511939,891511930,891515531,0,891515533,891515536,891515541,1,2,5,13,9,0,3601,-891515531,891515533,3,5,16,3627
1747,891959634,891959635,891959637,891959643,891959652,891959660,891959651,891963007,0,891963010,891963013,891963017,1,2,6,15,8,-1,3356,-891963007,891963010,3,4,17,3383
1748,893053355,893053356,893053358,893053364,893053372,893053380,893053373,893056944,0,893056947,893056949,893056954,1,2,6,14,8,1,3571,-893056944,893056947,2,5,18,3599
1749,894317708,894317708,894317710,894317716,894317725,894317733,894317725,894321017,0,894321019,894321023,894321028,0,2,6,15,8,0,3292,-894321017,894321019,4,5,17,3320
1750,897570815,897570819,897570821,897570830,897570842,897570843,897570839,897574120,0,897574123,897574126,897574130,4,2,9,21,1,-3,3281,-897574120,897574123,3,4,24,3315
1751,897570827,897570828,897570850,897570853,897570859,897570880,897570867,897574254,0,897574255,897574257,897574261,1,22,3,9,21,8,3387,-897574254,897574255,2,4,40,3434
1752,898881070,898881071,898881073,898881081,898881090,898881097,898881089,898884322,0,898884326,898884329,898884333,1,2,8,17,7,-1,3233,-898884322,898884326,3,4,19,3263
1753,899119330,899119332,899119334,899119338,899119344,899119345,899119344,899122761,0,899122764,899122766,899122771,2,2,4,10,1,0,3417,-899122761,899122764,2,5,14,3441
1754,900286067,900286068,900286070,900286078,900286088,900286090,900286088,900289514,0,900289517,900289520,900289528,1,2,8,18,2,0,3426,-900289514,900289517,3,8,21,3461
1755,901236146,901236147,901236149,901236155,901236163,901236172,901236163,901238770,0,901238772,901238775,901238779,1,2,6,14,9,0,2607,-901238770,901238772,3,4,17,2633
1756,901570039,901570040,901570042,901570045,901570050,901570067,901570052,901572965,0,901572969,901572971,901572976,1,2,3,8,17,2,2913,-901572965,901572969,2,5,13,2937
1757,902410077,902410078,902410080,902410085,902410090,902410105,902410093,902412495,0,902412498,902412500,902412505,1,2,5,10,15,3,2402,-902412495,902412498,2,5,16,2428
1758,902650988,902650989,902650991,902650998,902651008,902651017,902651008,902654432,0,902654435,902654438,902654443,1,2,7,17,9,0,3424,-902654432,902654435,3,5,20,3455
1759,903043352,903043353,903043355,903043360,903043365,903043376,903043367,903046372,0,903046375,903046378,903046382,1,2,5,10,11,2,3005,-903046372,903046375,3,4,15,3030
1760,903214423,903214424,903214426,903214431,903214440,903214449,903214438,903217734,0,903217737,903217740,903217744,1,2,5,14,9,-2,3296,-903217734,903217737,3,4,15,3321
1761,903758252,903758253,903758255,903758260,903758267,903758275,903758267,903761608,0,903761611,903761613,903761618,1,2,5,12,8,0,3341,-903761608,903761611,2,5,15,3366
1762,904641122,904641124,904641125,904641133,904641142,904641152,904641141,904643576,0,904643579,904643583,904643587,2,1,8,17,10,-1,2435,-904643576,904643579,4,4,19,2465
1763,904641129,904641130,904641144,904641147,904641151,904641163,904641159,904643624,0,904643626,904643628,904643633,1,14,3,7,12,8,2465,-904643624,904643626,2,5,30,2504
1764,904643175,904643176,904643178,904643184,904643192,904643201,904643191,904645468,0,904645470,904645473,904645478,1,2,6,14,9,-1,2277,-904645468,904645470,3,5,16,2303
1765,904643207,904643208,904643210,904643215,904643221,904643222,904643221,904645553,0,904645555,904645557,904645561,1,2,5,11,1,0,2332,-904645553,904645555,2,4,14,2354
1766,904643238,904643239,904643241,904643245,904643250,904643261,904643250,904645595,0,904645597,904645600,904645604,1,2,4,9,11,0,2345,-904645595,904645597,3,4,12,2366
1767,904643741,904643743,904643745,904643749,904643754,904643755,904643754,904645947,0,904645949,904645951,904645956,2,2,4,9,1,0,2193,-904645947,904645949,2,5,13,2215
1768,904644252,904644253,904644254,904644259,904644264,904644277,904644265,904646475,0,904646477,904646480,904646484,1,1,5,10,13,1,2210,-904646475,904646477,3,4,13,2232
1769,906009482,906009485,906009487,906009495,906009505,906009507,906009502,906012827,0,906012829,906012832,906012836,3,2,8,18,2,-3,3325,-906012827,906012829,3,4,20,3354
1770,906010164,906010165,906010167,906010170,906010176,906010186,906010176,906013417,0,906013419,906013421,906013426,1,2,3,9,10,0,3241,-906013417,906013419,2,5,12,3262
1771,906456050,906456051,906456053,906456062,906456071,906456078,906456069,906459487,0,906459490,906459493,906459497,1,2,9,18,7,-2,3418,-906459487,906459490,3,4,19,3447
1772,906462414,906462415,906462417,906462421,906462428,906462439,906462429,906465675,0,906465678,906465681,906465686,1,2,4,11,11,1,3246,-906465675,906465678,3,5,15,3272
1773,906472946,906472947,906472949,906472955,906472964,906472972,906472963,906476082,0,906476084,906476088,906476092,1,2,6,15,8,-1,3119,-906476082,906476084,4,4,17,3146
1774,906476440,906476441,906476443,906476447,906476453,906476463,906476453,906479559,0,906479562,906479564,906479570,1,2,4,10,10,0,3106,-906479559,906479562,2,6,13,3130
1775,906548355,906548356,906548358,906548362,906548368,906548369,906548368,906551618,0,906551622,906551624,906551628,1,2,4,10,1,0,3250,-906551618,906551622,2,4,13,3273
1776,907028332,907028332,907028334,907028340,907028348,907028356,907028348,907031599,0,907031601,907031605,907031609,0,2,6,14,8,0,3251,-907031599,907031601,4,4,16,3277
1777,907074245,907074246,907074248,907074253,907074258,907074265,907074259,907076779,0,907076781,907076784,907076788,1,2,5,10,7,1,2520,-907076779,907076781,3,4,14,2543
1778,907153466,907153467,907153468,907153475,907153480,907153487,907153481,907155938,0,907155940,907155943,907155947,1,1,7,12,7,1,2457,-907155938,907155940,3,4,15,2481
1779,907435424,907435425,907435427,907435431,907435436,907435447,907435438,907438203,0,907438205,907438209,907438213,1,2,4,9,11,2,2765,-907438203,907438205,4,4,14,2789
1780,907859605,907859606,907859608,907859612,907859617,907859628,907859619,907863037,0,907863040,907863042,907863046,1,2,4,9,11,2,3418,-907863037,907863040,2,4,14,3441
1781,908722781,908722782,908722784,908722790,908722799,908722800,908722797,908726333,0,908726335,908726338,908726343,1,2,6,15,1,-2,3536,-908726333,908726335,3,5,16,3562
1782,909154192,909154193,909154195,909154200,909154208,909154216,909154207,909157576,0,909157579,909157582,909157586,1,2,5,13,8,-1,3369,-909157576,909157579,3,4,15,3394
1783,909240317,909240318,909240320,909240324,909240331,909240338,909240331,909243531,0,909243534,909243536,909243541,1,2,4,11,7,0,3200,-909243531,909243534,2,5,14,3224
1784,909739207,909739207,909739209,909739215,909739221,909739233,909739223,909742247,0,909742251,909742254,909742258,0,2,6,12,12,2,3024,-909742247,909742251,3,4,16,3051
1785,910058218,910058219,910058222,910058227,910058233,910058241,910058234,910060712,0,910060715,910060718,910060721,1,3,5,11,8,1,2478,-910060712,910060715,3,3,16,2503
1786,910058224,910058225,910058239,910058241,910058245,910058269,910058255,910060846,0,910060848,910060849,910060853,1,14,2,6,24,10,2591,-910060846,910060848,1,4,31,2629
1787,910776238,910776239,910776241,910776246,910776253,910776261,910776254,910779336,0,910779339,910779342,910779346,1,2,5,12,8,1,3082,-910779336,910779339,3,4,16,3108
1788,913831069,913831072,913831074,913831081,913831089,913831099,913831090,913833742,0,913833745,913833747,913833752,3,2,7,15,10,1,2652,-913833742,913833745,2,5,21,2683
1789,914237739,914237740,914237741,914237746,914237751,914237762,914237752,914240913,0,914240915,914240918,914240923,1,1,5,10,11,1,3161,-914240913,914240915,3,5,13,3184
1790,915622397,915622398,915622400,915622405,915622412,915622423,915622414,915624839,0,915624842,915624844,915624848,1,2,5,12,11,2,2425,-915624839,915624842,2,4,17,2451
1791,916126411,916126413,916126415,916126419,916126424,916126443,916126426,916129980,0,916129983,916129985,916129989,2,2,4,9,19,2,3554,-916129980,916129983,2,4,15,3578
1792,916150404,916150405,916150406,916150410,916150414,916150430,916150417,916152910,0,916152912,916152914,916152919,1,1,4,8,16,3,2493,-916152910,916152912,2,5,13,2515
1793,917017159,917017160,917017162,917017170,917017178,917017181,917017177,917020176,0,917020179,917020183,917020187,1,2,8,16,3,-1,2999,-917020176,917020179,4,4,18,3028
1794,917017163,917017164,917017181,917017183,917017187,917017201,917017197,917020230,0,917020231,917020234,917020238,1,17,2,6,14,10,3033,-917020230,917020231,3,4,34,3075
1795,917017323,917017325,917017327,917017332,917017338,917017349,917017337,917020362,0,917020364,917020367,917020372,2,2,5,11,11,-1,3025,-917020362,917020364,3,5,14,3049
1796,917017355,917017360,917017372,917017377,917017383,917017418,917017394,917020543,0,917020545,917020548,917020551,5,12,5,11,35,11,3149,-917020543,917020545,3,3,39,3196
1797,917017355,917017359,917017361,917017365,917017371,917017383,917017374,917020491,0,917020493,917020496,917020500,4,2,4,10,12,3,3117,-917020491,917020493,3,4,19,3145
1798,917017364,917017365,917017385,917017392,917017398,917017409,917017397,917020614,0,917020615,917020618,917020623,1,20,7,13,11,-1,3217,-917020614,917020615,3,5,33,3259
1799,917017827,917017828,917017830,917017834,917017839,917017849,917017840,917020617,0,917020618,917020621,917020626,1,2,4,9,10,1,2777,-917020617,917020618,3,5,13,2799
1800,918646492,918646493,918646495,918646503,918646514,918646516,918646510,918649914,0,918649917,918649920,918649925,1,2,8,19,2,-4,3404,-918649914,918649917,3,5,18,3433
1801,919462517,919462518,919462520,919462526,919462533,919462541,919462534,919465112,0,919465115,919465117,919465121,1,2,6,13,8,1,2578,-919465112,919465115,2,4,17,2604
1802,919556258,919556259,919556261,919556267,919556273,919556283,919556275,919558796,0,919558798,919558801,919558806,1,2,6,12,10,2,2521,-919558796,919558798,3,5,17,2548
1803,920908576,920908577,920908579,920908586,920908593,920908595,920908593,920911021,0,920911024,920911027,920911031,1,2,7,14,2,0,2428,-920911021,920911024,3,4,17,2455
1804,921467592,921467593,921467595,921467600,921467607,921467625,921467609,921470962,0,921470964,921470967,921470971,1,2,5,12,18,2,3353,-921470962,921470964,3,4,17,3379
1805,921467629,921467630,921467632,921467635,921467639,921467649,921467640,921471088,0,921471090,921471093,921471096,1,2,3,7,10,1,3448,-921471088,921471090,3,3,11,3467
1806,921467629,921467632,921467644,921467646,921467649,921467683,921467659,921471159,0,921471161,921471163,921471167,3,12,2,5,34,10,3500,-921471159,921471161,2,4,30,3538
1807,921467629,921467632,921467654,921467656,921467659,921467683,921467665,921471229,0,921471231,921471233,921471237,3,22,2,5,24,6,3564,-921471229,921471231,2,4,36,3608
1808,921670298,921670300,921670302,921670307,921670312,921670323,921670314,921672722,0,921672724,921672727,921672731,2,2,5,10,11,2,2408,-921672722,921672724,3,4,16,2433
1809,921869903,921869904,921869906,921869912,921869918,921869925,921869919,921872400,0,921872402,921872405,921872410,1,2,6,12,7,1,2481,-921872400,921872402,3,5,16,2507
1810,922078485,922078488,922078490,922078494,922078499,922078510,922078501,922081835,0,922081837,922081840,922081844,3,2,4,9,11,2,3334,-922081835,922081837,3,4,16,3359
1811,922083061,922083062,922083064,922083067,922083071,922083087,922083073,922086477,0,922086480,922086482,922086486,1,2,3,7,16,2,3404,-922086477,922086480,2,4,12,3425
1812,922097438,922097439,922097440,922097444,922097448,922097465,922097452,922100691,0,922100695,922100697,922100702,1,1,4,8,17,4,3239,-922100691,922100695,2,5,14,3264
1813,922101756,922101759,922101761,922101764,922101769,922101778,922101771,922104609,0,922104611,922104614,922104618,3,2,3,8,9,2,2838,-922104609,922104611,3,4,15,2862
1814,922105324,922105327,922105329,922105332,922105336,922105347,922105338,922108206,0,922108209,922108211,922108215,3,2,3,7,11,2,2868,-922108206,922108209,2,4,14,2891
1815,925804234,925804235,925804237,925804245,925804254,925804281,925804258,925806689,0,925806692,925806695,925806700,1,2,8,17,27,4,2431,-925806689,925806692,3,5,24,2466
1816,925804247,925804249,925804262,925804264,925804268,925804281,925804298,925806837,0,925806839,925806841,925806846,2,13,2,6,13,30,2539,-925806837,925806839,2,5,51,2599
1817,928534633,928534634,928534636,928534647,928534661,928534663,928534655,928538089,0,928538092,928538095,928538099,1,2,11,25,2,-6,3434,-928538089,928538092,3,4,22,3466
1818,928627473,928627474,928627476,928627484,928627492,928627499,928627491,928630887,0,928630889,928630893,928630897,1,2,8,16,7,-1,3396,-928630887,928630889,4,4,18,3424
1819,929093546,929093547,929093549,929093556,929093564,929093566,929093564,929096275,0,929096278,929096283,929096288,1,2,7,15,2,0,2711,-929096275,929096278,5,5,18,2742
1820,929638852,929638853,929638855,929638860,929638867,929638878,929638866,929642313,0,929642315,929642318,929642323,1,2,5,12,11,-1,3447,-929642313,929642315,3,5,14,3471
1821,929734092,929734093,929734095,929734099,929734104,929734113,929734105,929736552,0,929736554,929736557,929736561,1,2,4,9,9,1,2447,-929736552,929736554,3,4,13,2469
1822,929740338,929740339,929740341,929740344,929740349,929740359,929740351,929743550,0,929743552,929743554,929743559,1,2,3,8,10,2,3199,-929743550,929743552,2,5,13,3221
1823,930081178,930081179,930081181,930081186,930081193,930081201,930081194,930083881,0,930083883,930083886,930083890,1,2,5,12,8,1,2687,-930083881,930083883,3,4,16,2712
1824,931108285,931108287,931108289,931108294,931108300,931108313,931108302,931110813,0,931110815,931110818,931110823,2,2,5,11,13,2,2511,-931110813,931110815,3,5,17,2538
1825,931935809,931935810,931935812,931935818,931935825,931935839,931935830,931938278,0,931938280,931938284,931938289,1,2,6,13,14,5,2448,-931938278,931938280,4,5,21,2480
1826,932812342,932812345,932812363,932812366,932812370,932812378,932812370,932814875,0,932814877,932814879,932814884,3,18,3,7,8,0,2505,-932814875,932814877,2,5,28,2542
1827,932812343,932812344,932812346,932812353,932812361,932812363,932812361,932814830,0,932814833,932814836,932814840,1,2,7,15,2,0,2469,-932814830,932814833,3,4,18,2497
1828,935476138,935476140,935476142,935476148,935476155,935476163,935476155,935478453,0,935478456,935478459,935478463,2,2,6,13,8,0,2298,-935478453,935478456,3,4,17,2325
1829,935732141,935732144,935732146,935732152,935732161,935732168,935732159,935735583,0,935735585,935735589,935735593,3,2,6,15,7,-2,3424,-935735583,935735585,4,4,18,3452
1830,935758168,935758169,935758171,935758174,935758181,935758188,935758182,935761538,0,935761540,935761542,935761547,1,2,3,10,7,1,3356,-935761538,935761540,2,5,14,3379
1831,935794184,935794185,935794187,935794193,935794201,935794212,935794200,935797377,0,935797379,935797382,935797386,1,2,6,14,11,-1,3177,-935797377,935797379,3,4,16,3202
1832,935794189,935794190,935794207,935794210,935794215,935794239,935794226,935797529,0,935797531,935797533,935797538,1,17,3,8,24,11,3303,-935797529,935797531,2,5,37,3349
1833,935842079,935842080,935842082,935842086,935842094,935842105,935842093,935845345,0,935845348,935845351,935845355,1,2,4,12,11,-1,3252,-935845345,935845348,3,4,14,3276
1834,937198736,937198736,937198738,937198745,937198753,937198754,937198753,937202108,0,937202111,937202115,937202119,0,2,7,15,1,0,3355,-937202108,937202111,4,4,17,3383
1835,937601214,937601218,937601220,937601225,937601233,937601234,937601231,937604732,0,937604734,937604737,937604741,4,2,5,13,1,-2,3501,-937604732,937604734,3,4,17,3527
1836,937673170,937673171,937673173,937673176,937673183,937673190,937673184,937676340,0,937676343,937676345,937676350,1,2,3,10,7,1,3156,-937676340,937676343,2,5,14,3180
1837,938808262,938808263,938808265,938808271,938808278,938808288,938808281,938810741,0,938810744,938810747,938810751,1,2,6,13,10,3,2460,-938810741,938810744,3,4,19,2489
1838,938904217,938904218,938904220,938904224,938904231,938904242,938904231,938907493,0,938907497,938907500,938907504,1,2,4,11,11,0,3262,-938907493,938907497,3,4,14,3287
1839,938929148,938929149,938929151,938929154,938929160,938929171,938929162,938932402,0,938932405,938932407,938932411,1,2,3,9,11,2,3240,-938932402,938932405,2,4,14,3263
1840,939216296,939216299,939216301,939216305,939216312,939216313,939216312,939219721,0,939219725,939219728,939219732,3,2,4,11,1,0,3409,-939219721,939219725,3,4,16,3436
1841,939940338,939940339,939940340,939940347,939940356,939940367,939940355,939944040,0,939944043,939944046,939944049,1,1,7,16,11,-1,3685,-939944040,939944043,3,3,17,3711
1842,945816463,945816465,945816467,945816481,945816497,945816499,945816492,945820281,0,945820285,945820288,945820292,2,2,14,30,2,-5,3789,-945820281,945820285,3,4,29,3829
1843,945862364,945862365,945862367,945862372,945862379,945862391,945862380,945865672,0,945865674,945865677,945865681,1,2,5,12,12,1,3292,-945865672,945865674,3,4,16,3317
1844,945862371,945862372,945862385,945862391,945862396,945862420,945862406,945865756,0,945865761,945865763,945865767,1,13,6,11,24,10,3350,-945865756,945865761,2,4,35,3396
1845,945866046,945866047,945866049,945866053,945866059,945866069,945866060,945869470,0,945869472,945869475,945869479,1,2,4,10,10,1,3410,-945869470,945869472,3,4,14,3433
1846,946874404,946874406,946874408,946874415,946874424,946874431,946874423,946877871,0,946877874,946877877,946877881,2,2,7,16,7,-1,3448,-946877871,946877874,3,4,19,3477
1847,950695528,950695529,950695531,950695541,950695553,950695554,950695550,950698008,0,950698011,950698014,950698019,1,2,10,22,1,-3,2458,-950698008,950698011,3,5,22,2491
1848,950721796,950721797,950721799,950721803,950721809,950721820,950721811,950725271,0,950725274,950725276,950725281,1,2,4,10,11,2,3460,-950725271,950725274,2,5,15,3485
1849,951522472,951522473,951522475,951522481,951522492,951522503,951522490,951525858,0,951525861,951525864,951525869,1,2,6,17,11,-2,3368,-951525858,951525861,3,5,18,3397
1850,951943562,951943563,951943565,951943571,951943578,951943585,951943579,951945931,0,951945934,951945937,951945942,1,2,6,13,7,1,2352,-951945931,951945934,3,5,17,2380
1851,952586136,952586137,952586139,952586146,952586154,952586163,952586155,952589363,0,952589366,952589371,952589375,1,2,7,15,9,1,3208,-952589363,952589366,5,4,19,3239
1852,952586147,952586149,952586156,952586159,952586163,952586181,952586172,952589416,0,952589418,952589420,952589425,2,7,3,7,18,9,3244,-952589416,952589418,2,5,25,3278
1853,955175781,955175782,955175784,955175793,955175802,955175804,955175800,955178272,0,955178274,955178278,955178283,1,2,9,18,2,-2,2472,-955178272,955178274,4,5,19,2502
1854,957036745,957036746,957036748,957036756,957036768,957036777,957036764,957040087,0,957040091,957040095,957040099,1,2,8,20,9,-4,3323,-957040087,957040091,4,4,19,3354
1855,957040747,957040748,957040750,957040754,957040760,957040761,957040760,957044088,0,957044091,957044094,957044098,1,2,4,10,1,0,3328,-957044088,957044091,3,4,13,3351
1856,957074193,957074194,957074196,957074200,957074207,957074207,957074207,957077451,0,957077453,957077457,957077461,1,2,4,11,0,0,3244,-957077451,957077453,4,4,14,3268
1857,957094594,957094595,957094597,957094601,957094607,957094616,957094607,957097902,0,957097904,957097907,957097911,1,2,4,10,9,0,3295,-957097902,957097904,3,4,13,3317
1858,957828481,957828484,957828486,957828494,957828501,957828503,957828501,957830980,0,957830982,957830985,957830990,3,2,8,15,2,0,2479,-957830980,957830982,3,5,20,2509
1859,961483761,961483763,961483764,961483774,961483787,961483788,961483784,961487153,0,961487157,961487160,961487164,2,1,10,23,1,-3,3369,-961487153,961487157,3,4,23,3403
1860,961488284,961488285,961488287,961488291,961488297,961488308,961488298,961491703,0,961491706,961491709,961491714,1,2,4,10,11,1,3405,-961491703,961491706,3,5,14,3430
1861,962026241,962026242,962026244,962026250,962026257,962026264,962026258,962029067,0,962029069,962029072,962029076,1,2,6,13,7,1,2809,-962029067,962029069,3,4,17,2835
1862,962844651,962844652,962844654,962844659,962844665,962844673,962844666,962847835,0,962847839,962847842,962847846,1,2,5,11,8,1,3169,-962847835,962847839,3,4,15,3195
1863,962844692,962844693,962844695,962844699,962844706,962844706,962844704,962847945,0,962847947,962847949,962847953,1,2,4,11,0,-2,3241,-962847945,962847947,2,4,12,3261
1864,963560014,963560015,963560017,963560024,963560031,963560033,963560032,963562556,0,963562559,963562562,963562567,1,2,7,14,2,1,2524,-963562556,963562559,3,5,18,2553
1865,963620058,963620059,963620061,963620065,963620070,963620078,963620072,963622447,0,963622450,963622452,963622457,1,2,4,9,8,2,2375,-963622447,963622450,2,5,14,2399
1866,965675577,965675578,965675580,965675587,965675597,965675605,965675595,965679128,0,965679130,965679133,965679137,1,2,7,17,8,-2,3533,-965679128,965679130,3,4,18,3560
1867,966205168,966205171,966205173,966205179,966205185,966205193,966205186,966207962,0,966207964,966207968,966207972,3,2,6,12,8,1,2776,-966207962,966207964,4,4,18,2804
1868,966241729,966241730,966241732,966241735,966241740,966241757,966241743,966244887,0,966244890,966244893,966244897,1,2,3,8,17,3,3144,-966244887,966244890,3,4,14,3168
1869,967950980,967950981,967950983,967950991,967951003,967951013,967950999,967954406,0,967954409,967954412,967954417,1,2,8,20,10,-4,3407,-967954406,967954409,3,5,19,3437
1870,967955183,967955184,967955186,967955189,967955195,967955205,967955195,967958550,0,967958553,967958556,967958561,1,2,3,9,10,0,3355,-967958550,967958553,3,5,12,3378
1871,971891800,971891801,971891803,971891812,971891820,971891830,971891820,971894986,0,971894989,971894992,971894995,1,2,9,17,10,0,3166,-971894986,971894989,3,3,20,3195
1872,979967519,979967521,979967523,979967541,979967564,979967567,979967555,979970999,0,979971003,979971007,979971011,2,2,18,41,3,-9,3444,-979970999,979971003,4,4,36,3492
1873,982765474,982765477,982765479,982765491,982765505,982765514,982765501,982768969,0,982768972,982768975,982768980,3,2,12,26,9,-4,3468,-982768969,982768972,3,5,27,3506
1874,987738193,987738197,987738199,987738213,987738226,987738228,987738224,987740607,0,987740610,987740614,987740618,4,2,14,27,2,-2,2383,-987740607,987740610,4,4,31,2425
1875,989089770,989089771,989089773,989089785,989089799,989089808,989089792,989093298,0,989093301,989093304,989093309,1,2,12,26,9,-7,3506,-989093298,989093301,3,5,22,3539
1876,989554997,989554999,989555000,989555006,989555013,989555020,989555013,989558502,0,989558505,989558508,989558512,2,1,6,13,7,0,3489,-989558502,989558505,3,4,16,3515
1877,990577815,990577816,990577818,990577824,990577830,990577832,990577831,990580166,0,990580169,990580171,990580175,1,2,6,12,2,1,2335,-990580166,990580169,2,4,16,2360
1878,990580970,990580971,990580973,990580976,990580981,990580999,990580985,990583354,0,990583356,990583359,990583364,1,2,3,8,18,4,2369,-990583354,990583356,3,5,15,2394
1879,990744819,990744820,990744822,990744827,990744836,990744847,990744835,990748359,0,990748361,990748364,990748368,1,2,5,14,11,-1,3524,-990748359,990748361,3,4,16,3549
1880,990744837,990744838,990744842,990744845,990744851,990744870,990744859,990748506,0,990748508,990748510,990748514,1,4,3,9,19,8,3647,-990748506,990748508,2,4,22,3677
1881,990744966,990744967,990744969,990744972,990744977,990744986,990744976,990748619,0,990748621,990748623,990748630,1,2,3,8,9,-1,3643,-990748619,990748621,2,7,10,3664
1882,990746751,990746752,990746754,990746757,990746762,990746772,990746764,990750214,0,990750217,990750220,990750224,1,2,3,8,10,2,3450,-990750214,990750217,3,4,13,3473
1883,990751646,990751647,990751649,990751653,990751659,990751670,990751660,990755060,0,990755063,990755065,990755069,1,2,4,10,11,1,3400,-990755060,990755063,2,4,14,3423
1884,991908531,991908534,991908536,991908543,991908552,991908560,991908551,991911872,0,991911875,991911878,991911883,3,2,7,16,8,-1,3321,-991911872,991911875,3,5,20,3352
1885,997796771,997796772,997796775,997796787,997796800,997796803,997796799,997799375,0,997799378,997799382,997799387,1,3,12,25,3,-1,2576,-997799375,997799378,4,5,28,2616
1886,997800254,997800257,997800259,997800263,997800267,997800278,997800269,997803206,0,997803208,997803211,997803215,3,2,4,8,11,2,2937,-997803206,997803208,3,4,15,2961
1887,998631042,998631043,998631045,998631052,998631059,998631061,998631060,998634382,0,998634385,998634393,998634397,1,2,7,14,2,1,3322,-998634382,998634385,8,4,18,3355
1888,998631097,998631099,998631101,998631103,998631108,998631115,998631108,998634432,0,998634434,998634436,998634440,2,2,2,7,7,0,3324,-998634432,998634434,2,4,11,3343
1889,999454880,999454881,999454883,999454892,999454904,999454912,999454900,999458175,0,999458177,999458180,999458184,1,2,9,21,8,-4,3275,-999458175,999458177,3,4,20,3304
1890,999458675,999458676,999458678,999458682,999458688,999458699,999458689,999462127,0,999462131,999462133,999462138,1,2,4,10,11,1,3438,-999462127,999462131,2,5,14,3463
1891,999471812,999471813,999471815,999471819,999471825,999471832,999471825,999475097,0,999475100,999475103,999475108,1,2,4,10,7,0,3272,-999475097,999475100,3,5,13,3296
1892,3233465,3233468,3233470,3233481,3233494,3233496,3233490,3237083,0,3237086,3237090,3237094,3,2,11,24,2,-4,3593,-3237083,3237086,4,4,25,3629
1893,3338604,3338605,3338607,3338611,3338618,3338625,3338618,3342256,0,3342259,3342261,3342265,1,2,4,11,7,0,3638,-3342256,3342259,2,4,14,3661
1894,3509425,3509426,3509428,3509432,3509438,3509448,3509439,3512931,0,3512933,3512936,3512941,1,2,4,10,10,1,3492,-3512931,3512933,3,5,14,3516
1895,3527931,3527932,3527934,3527939,3527945,3527946,3527945,3530225,0,3530228,3530230,3530235,1,2,5,11,1,0,2280,-3530225,3530228,2,5,14,2304
1896,3808685,3808686,3808688,3808695,3808701,3808712,3808702,3811044,0,3811046,3811049,3811053,1,2,7,13,11,1,2342,-3811044,3811046,3,4,17,2368
1897,4215207,4215207,4215209,4215214,4215223,4215232,4215221,4218618,0,4218620,4218623,4218627,0,2,5,14,9,-2,3397,-4218618,4218620,3,4,14,3420
1898,4533461,4533467,4533468,4533472,4533479,4533498,4533484,4536857,0,4536860,4536862,4536867,6,1,4,11,19,5,3373,-4536857,4536860,2,5,23,3406
1899,4699818,4699819,4699821,4699825,4699831,4699832,4699831,4703253,0,4703256,4703260,4703265,1,2,4,10,1,0,3422,-4703253,4703256,4,5,13,3447
1900,6111803,6111804,6111806,6111813,6111823,6111831,6111822,6115133,0,6115136,6115138,6115142,1,2,7,17,8,-1,3311,-6115133,6115136,2,4,19,3339
1901,6347687,6347688,6347690,6347694,6347700,6347706,6347700,6351037,0,6351039,6351041,6351046,1,2,4,10,6,0,3337,-6351037,6351039,2,5,13,3359
1902,6364733,6364737,6364739,6364742,6364747,6364771,6364751,6367983,0,6367985,6367988,6367992,4,2,3,8,24,4,3232,-6367983,6367985,3,4,18,3259
1903,6364736,6364739,6364752,6364755,6364760,6364771,6364780,6368105,0,6368107,6368109,6368112,3,13,3,8,11,20,3325,-6368105,6368107,2,3,44,3376
1904,6651778,6651779,6651781,6651787,6651794,6651802,6651794,6655087,0,6655090,6655093,6655097,1,2,6,13,8,0,3293,-6655087,6655090,3,4,16,3319
1905,6657025,6657026,6657028,6657032,6657037,6657044,6657038,6660422,0,6660425,6660428,6660433,1,2,4,9,7,1,3384,-6660422,6660425,3,5,13,3408
1906,6988054,6988055,6988057,6988063,6988070,6988071,6988070,6991468,0,6991470,6991473,6991478,1,2,6,13,1,0,3398,-6991468,6991470,3,5,16,3424
1907,7105681,7105682,7105684,7105688,7105693,7105701,7105694,7109123,0,7109126,7109128,7109133,1,2,4,9,8,1,3429,-7109123,7109126,2,5,13,3452
1908,7105721,7105721,7105723,7105726,7105732,7105742,7105733,7109241,0,7109243,7109245,7109248,0,2,3,9,10,1,3508,-7109241,7109243,2,3,12,3527
1909,10577313,10577314,10577316,10577327,10577342,10577344,10577337,10580708,0,10580711,10580716,10580721,1,2,11,26,2,-5,3371,-10580708,10580711,5,5,24,3408
1910,10709670,10709670,10709672,10709676,10709683,10709692,10709682,10712952,0,10712955,10712958,10712962,0,2,4,11,9,-1,3270,-10712952,10712955,3,4,12,3292
1911,11349344,11349348,11349350,11349358,11349365,11349374,11349365,11351725,0,11351728,11351731,11351735,4,2,8,15,9,0,2360,-11351725,11351728,3,4,21,2391
1912,11674706,11674707,11674709,11674713,11674719,11674727,11674720,11677091,0,11677094,11677096,11677101,1,2,4,10,8,1,2371,-11677091,11677094,2,5,14,2395
1913,11743382,11743383,11743385,11743393,11743402,11743403,11743400,11746772,0,11746774,11746777,11746781,1,2,8,17,1,-2,3372,-11746772,11746774,3,4,18,3399
1914,13622753,13622754,13622756,13622763,13622773,13622774,13622773,13626360,0,13626363,13626365,13626370,1,2,7,17,1,0,3587,-13626360,13626363,2,5,20,3617
1915,13641215,13641216,13641218,13641221,13641228,13641235,13641228,13644905,0,13644907,13644909,13644914,1,2,3,10,7,0,3677,-13644905,13644907,2,5,13,3699
1916,16489671,16489674,16489676,16489684,16489695,16489707,16489692,16493344,0,16493347,16493350,16493354,3,2,8,19,12,-3,3652,-16493344,16493347,3,4,21,3683
1917,16778104,16778105,16778107,16778113,16778120,16778130,16778120,16781651,0,16781654,16781656,16781660,1,2,6,13,10,0,3531,-16781651,16781654,2,4,16,3556
1918,16781798,16781799,16781801,16781804,16781810,16781831,16781818,16785165,0,16785168,16785170,16785175,1,2,3,9,21,8,3347,-16785165,16785168,2,5,20,3377
1919,18365594,18365595,18365597,18365605,18365615,18365616,18365613,18369087,0,18369089,18369092,18369096,1,2,8,18,1,-2,3474,-18369087,18369089,3,4,19,3502
1920,20979243,20979245,20979247,20979255,20979266,20979279,20979265,20982699,0,20982702,20982705,20982709,2,2,8,19,13,-1,3434,-20982699,20982702,3,4,22,3466
1921,21506546,21506547,21506548,21506552,21506559,21506569,21506559,21509863,0,21509866,21509868,21509873,1,1,4,11,10,0,3304,-21509863,21509866,2,5,13,3327
1922,21707884,21707885,21707887,21707893,21707900,21707906,21707900,21711348,0,21711350,21711353,21711358,1,2,6,13,6,0,3448,-21711348,21711350,3,5,16,3474
1923,22908209,22908210,22908212,22908218,22908226,22908233,22908227,22911891,0,22911894,22911897,22911901,1,2,6,14,7,1,3664,-22911891,22911894,3,4,18,3692
1924,23820640,23820641,23820643,23820649,23820657,23820665,23820658,23824266,0,23824270,23824272,23824276,1,2,6,14,8,1,3608,-23824266,23824270,2,4,18,3636
1925,24621862,24621863,24621865,24621871,24621879,24621889,24621878,24625471,0,24625473,24625477,24625481,1,2,6,14,10,-1,3593,-24625471,24625473,4,4,16,3619
1926,26135660,26135660,26135662,26135669,26135677,26135684,26135677,26138198,0,26138201,26138204,26138208,0,2,7,15,7,0,2521,-26138198,26138201,3,4,17,2548
1927,26590999,26591000,26591001,26591007,26591016,26591016,26591016,26594660,0,26594662,26594665,26594670,1,1,6,15,0,0,3644,-26594660,26594662,3,5,17,3671
1928,26892471,26892472,26892474,26892482,26892492,26892494,26892489,26895920,0,26895923,26895928,26895932,1,2,8,18,2,-3,3431,-26895920,26895923,5,4,18,3461
1929,27046742,27046743,27046745,27046752,27046761,27046770,27046759,27050018,0,27050020,27050023,27050027,1,2,7,16,9,-2,3259,-27050018,27050020,3,4,17,3285
1930,27097156,27097156,27097158,27097162,27097169,27097175,27097169,27100581,0,27100584,27100586,27100591,0,2,4,11,6,0,3412,-27100581,27100584,2,5,13,3435
1931,27186353,27186354,27186356,27186363,27186369,27186370,27186370,27189584,0,27189588,27189591,27189596,1,2,7,13,1,1,3214,-27189584,27189588,3,5,17,3243
1932,27190471,27190471,27190473,27190476,27190481,27190490,27190482,27192764,0,27192766,27192769,27192773,0,2,3,8,9,1,2282,-27192764,27192766,3,4,11,2302
1933,29192958,29192958,29192960,29192968,29192978,29192979,29192975,29196154,0,29196157,29196160,29196165,0,2,8,18,1,-3,3179,-29196154,29196157,3,5,17,3207
1934,30471238,30471240,30471242,30471248,30471256,30471257,30471256,30473667,0,30473669,30473671,30473676,2,2,6,14,1,0,2411,-30473667,30473669,2,5,18,2438
1935,31555148,31555149,31555151,31555157,31555164,31555175,31555166,31557899,0,31557902,31557905,31557908,1,2,6,13,11,2,2733,-31557899,31557902,3,3,18,2760
1936,31579550,31579551,31579553,31579556,31579561,31579577,31579563,31581957,0,31581959,31581961,31581966,1,2,3,8,16,2,2394,-31581957,31581959,2,5,13,2416
1937,31586567,31586568,31586570,31586573,31586578,31586596,31586582,31588879,0,31588881,31588884,31588889,1,2,3,8,18,4,2297,-31588879,31588881,3,5,15,2322
1938,35589427,35589428,35589430,35589441,35589456,35589457,35589451,35592846,0,35592848,35592852,35592856,1,2,11,26,1,-5,3395,-35592846,35592848,4,4,24,3429
1939,35596442,35596443,35596445,35596449,35596455,35596466,35596457,35599699,0,35599703,35599705,35599709,1,2,4,10,11,2,3242,-35599699,35599703,2,4,15,3267
1940,38080583,38080585,38080586,38080596,38080608,38080620,38080604,38083953,0,38083956,38083960,38083964,2,1,10,22,12,-4,3349,-38083953,38083956,4,4,21,3381
1941,38415054,38415056,38415058,38415065,38415072,38415079,38415073,38417501,0,38417503,38417506,38417510,2,2,7,14,7,1,2428,-38417501,38417503,3,4,19,2456
1942,42632413,42632414,42632415,42632426,42632438,42632440,42632436,42635783,0,42635786,42635791,42635796,1,1,11,23,2,-2,3347,-42635783,42635786,5,5,23,3383
1943,43269978,43269982,43269984,43269992,43270004,43270006,43269999,43273558,0,43273561,43273564,43273568,4,2,8,20,2,-5,3559,-43273558,43273561,3,4,21,3590
1944,48774901,48774905,48774907,48774919,48774931,48774934,48774932,48777595,0,48777598,48777602,48777606,4,2,12,24,3,1,2663,-48777595,48777598,4,4,31,2705
1945,48774912,48774913,48774940,48774943,48774947,48774992,48774949,48777751,0,48777753,48777755,48777760,1,27,3,7,45,2,2802,-48777751,48777753,2,5,37,2848
1946,48774912,48774913,48774952,48774954,48774958,48774992,48775005,48777756,0,48777758,48777760,48777766,1,39,2,6,34,47,2751,-48777756,48777758,2,6,93,2854
1947,48774936,48774938,48774962,48774964,48774967,48774992,48775011,48777871,0,48777873,48777874,48777882,2,24,2,5,25,44,2860,-48777871,48777873,1,8,75,2946
1948,48774937,48774938,48774972,48774974,48774977,48774994,48775017,48777875,0,48777877,48777879,48777887,1,34,2,5,17,40,2858,-48777875,48777877,2,8,80,2950
1949,50899382,50899383,50899385,50899398,50899413,50899422,50899408,50902733,0,50902736,50902739,50902743,1,2,13,28,9,-5,3325,-50902733,50902736,3,4,26,3361
1950,51508973,51508974,51508976,51508981,51508988,51508995,51508987,51512528,0,51512531,51512534,51512538,1,2,5,12,7,-1,3541,-51512528,51512531,3,4,14,3565
1951,52702935,52702938,52702940,52702945,52702952,52702960,52702953,52706603,0,52706607,52706609,52706614,3,2,5,12,8,1,3650,-52706603,52706607,2,5,18,3679
1952,58998611,58998612,58998614,58998628,58998642,58998644,58998639,59001407,0,59001410,59001414,59001419,1,2,14,28,2,-3,2768,-59001407,59001410,4,5,28,2808
1953,59013043,59013044,59013046,59013049,59013054,59013070,59013057,59015506,0,59015508,59015510,59015515,1,2,3,8,16,3,2449,-59015506,59015508,2,5,14,2472
1954,59016018,59016019,59016021,59016024,59016028,59016043,59016031,59018399,0,59018402,59018404,59018409,1,2,3,7,15,3,2368,-59018399,59018402,2,5,13,2391
1955,60950358,60950359,60950361,60950369,60950378,60950379,60950377,60953806,0,60953809,60953812,60953816,1,2,8,17,1,-1,3429,-60953806,60953809,3,4,19,3458
1956,61041085,61041090,61041092,61041095,61041100,61041115,61041103,61043520,0,61043522,61043524,61043529,5,2,3,8,15,3,2417,-61043520,61043522,2,5,18,2444
1957,61174088,61174089,61174091,61174094,61174099,61174107,61174101,61176498,0,61176501,61176504,61176508,1,2,3,8,8,2,2397,-61176498,61176501,3,4,13,2420
1958,61547620,61547621,61547623,61547632,61547645,61547647,61547638,61551227,0,61551230,61551234,61551238,1,2,9,22,2,-7,3589,-61551227,61551230,4,4,18,3618
1959,63102397,63102398,63102400,63102409,63102422,63102423,63102417,63106021,0,63106023,63106027,63106031,1,2,9,22,1,-5,3604,-63106021,63106023,4,4,20,3634
1960,63106171,63106172,63106174,63106177,63106183,63106198,63106183,63109660,0,63109663,63109667,63109671,1,2,3,9,15,0,3477,-63109660,63109663,4,4,12,3500
1961,63575287,63575289,63575291,63575295,63575301,63575319,63575305,63578693,0,63578696,63578698,63578702,2,2,4,10,18,4,3388,-63578693,63578696,2,4,18,3415
1962,64421737,64421738,64421740,64421748,64421754,64421766,64421756,64425306,0,64425309,64425312,64425317,1,2,8,14,12,2,3550,-64425306,64425309,3,5,19,3580
1963,68030647,68030648,68030650,68030661,68030675,68030689,68030670,68033974,0,68033977,68033981,68033987,1,2,11,25,14,-5,3304,-68033974,68033977,4,6,23,3340
1964,69331804,69331807,69331809,69331817,69331825,69331833,69331825,69334888,0,69334891,69334894,69334898,3,2,8,16,8,0,3063,-69334888,69334891,3,4,21,3094
1965,71612395,71612397,71612398,71612408,71612420,71612428,71612417,71615799,0,71615802,71615805,71615809,2,1,10,22,8,-3,3382,-71615799,71615802,3,4,22,3414
1966,71632429,71632430,71632432,71632436,71632443,71632444,71632443,71635726,0,71635728,71635731,71635735,1,2,4,11,1,0,3283,-71635726,71635728,3,4,14,3306
1967,71632436,71632437,71632449,71632451,71632457,71632468,71632455,71635855,0,71635857,71635859,71635863,1,12,2,8,11,-2,3400,-71635855,71635857,2,4,19,3427
1968,71633997,71633998,71634000,71634003,71634009,71634026,71634013,71637431,0,71637433,71637436,71637440,1,2,3,9,17,4,3418,-71637431,71637433,3,4,16,3443
1969,71656426,71656427,71656429,71656433,71656440,71656450,71656441,71659905,0,71659907,71659910,71659914,1,2,4,11,10,1,3464,-71659905,71659907,3,4,15,3488
1970,71656432,71656432,71656445,71656447,71656452,71656475,71656463,71660074,0,71660076,71660078,71660084,0,13,2,7,23,11,3611,-71660074,71660076,2,6,31,3652
1971,71680651,71680652,71680654,71680659,71680665,71680681,71680667,71683994,0,71683997,71684001,71684005,1,2,5,11,16,2,3327,-71683994,71683997,4,4,16,3354
1972,71830563,71830565,71830567,71830571,71830577,71830595,71830580,71833565,0,71833568,71833571,71833576,2,2,4,10,18,3,2985,-71833565,71833568,3,5,17,3013
1973,71848444,71848445,71848447,71848451,71848458,71848464,71848458,71851830,0,71851832,71851834,71851839,1,2,4,11,6,0,3372,-71851830,71851832,2,5,14,3395
1974,71918447,71918448,71918450,71918456,71918462,71918470,71918464,71921851,0,71921853,71921857,71921861,1,2,6,12,8,2,3387,-71921851,71921853,4,4,17,3414
1975,72949106,72949108,72949110,72949116,72949122,72949130,72949123,72952470,0,72952473,72952475,72952482,2,2,6,12,8,1,3347,-72952470,72952473,2,7,17,3376
1976,73735403,73735404,73735406,73735410,73735416,73735433,73735418,73738457,0,73738459,73738462,73738466,1,2,4,10,17,2,3039,-73738457,73738459,3,4,15,3063
1977,73739272,73739274,73739276,73739280,73739284,73739300,73739286,73741558,0,73741560,73741564,73741569,2,2,4,8,16,2,2272,-73741558,73741560,4,5,14,2297
1978,77055735,77055736,77055738,77055748,77055762,77055764,77055758,77059252,0,77059254,77059258,77059263,1,2,10,24,2,-4,3494,-77059252,77059254,4,5,23,3528
1979,77066046,77066047,77066049,77066053,77066060,77066069,77066060,77069437,0,77069439,77069442,77069446,1,2,4,11,9,0,3377,-77069437,77069439,3,4,14,3400
1980,77070393,77070394,77070396,77070399,77070405,77070413,77070406,77073653,0,77073655,77073658,77073662,1,2,3,9,8,1,3247,-77073653,77073655,3,4,13,3269
1981,77074462,77074463,77074465,77074468,77074474,77074483,77074475,77077900,0,77077902,77077905,77077910,1,2,3,9,9,1,3425,-77077900,77077902,3,5,13,3448
1982,79476851,79476855,79476857,79476866,79476878,79476880,79476874,79480168,0,79480171,79480174,79480178,4,2,9,21,2,-4,3294,-79480168,79480171,3,4,23,3327
1983,81707077,81707078,81707080,81707089,81707098,81707110,81707097,81709925,0,81709928,81709932,81709937,1,2,9,18,12,-1,2828,-81709925,81709928,4,5,20,2860
1984,82650258,82650259,82650261,82650265,82650269,82650279,82650272,82652713,0,82652715,82652718,82652722,1,2,4,8,10,3,2441,-82652713,82652715,3,4,14,2464
1985,83942871,83942873,83942875,83942882,83942890,83942891,83942890,83946462,0,83946466,83946469,83946473,2,2,7,15,1,0,3572,-83946462,83946466,3,4,19,3602
1986,84032993,84032994,84032995,84032999,84033004,84033012,84033006,84036076,0,84036078,84036081,84036085,1,1,4,9,8,2,3070,-84036076,84036078,3,4,13,3092
1987,84038887,84038888,84038890,84038893,84038898,84038908,84038900,84041418,0,84041420,84041423,84041427,1,2,3,8,10,2,2518,-84041418,84041420,3,4,13,2540
1988,84495011,84495015,84495017,84495020,84495024,84495038,84495027,84497620,0,84497622,84497625,84497630,4,2,3,7,14,3,2593,-84497620,84497622,3,5,16,2619
1989,86748839,86748840,86748842,86748848,86748855,86748880,86748858,86751274,0,86751276,86751279,86751283,1,2,6,13,25,3,2416,-86751274,86751276,3,4,19,2444
1990,87153781,87153782,87153784,87153790,87153797,87153799,87153797,87156070,0,87156073,87156076,87156081,1,2,6,13,2,0,2273,-87156070,87156073,3,5,16,2300
1991,87184949,87184952,87184954,87184957,87184962,87184972,87184963,87187528,0,87187531,87187533,87187538,3,2,3,8,10,1,2565,-87187528,87187531,2,5,14,2589
1992,87193979,87193980,87193982,87193985,87193990,87194006,87193993,87197140,0,87197143,87197146,87197151,1,2,3,8,16,3,3147,-87197140,87197143,3,5,14,3172
1993,89257603,89257604,89257606,89257611,89257618,89257629,89257619,89260030,0,89260032,89260036,89260041,1,2,5,12,11,1,2411,-89260030,89260032,4,5,16,2438
1994,94887198,94887202,94887204,94887215,94887227,94887229,94887225,94889652,0,94889655,94889659,94889663,4,2,11,23,2,-2,2427,-94889652,94889655,4,4,27,2465
1995,97665320,97665321,97665323,97665333,97665342,97665344,97665343,97668653,0,97668656,97668659,97668663,1,2,10,19,2,1,3310,-97668653,97668656,3,4,23,3343
1996,97677351,97677352,97677355,97677358,97677363,97677373,97677364,97679968,0,97679971,97679973,97679978,1,3,3,8,10,1,2604,-97679968,97679971,2,5,13,2627
1997,97686593,97686593,97686596,97686599,97686603,97686621,97686607,97689939,0,97689942,97689944,97689948,0,3,3,7,18,4,3332,-97689939,97689942,2,4,14,3355
1998,97694798,97694799,97694801,97694805,97694809,97694825,97694812,97697151,0,97697153,97697155,97697160,1,2,4,8,16,3,2339,-97697151,97697153,2,5,14,2362
1999,97827463,97827464,97827466,97827471,97827477,97827488,97827479,97830202,0,97830204,97830209,97830214,1,2,5,11,11,2,2723,-97830202,97830204,5,5,16,2751
2000,101772695,101772696,101772698,101772707,101772718,101772720,101772718,101775488,0,101775491,101775494,101775498,1,2,9,20,2,0,2770,-101775488,101775491,3,4,23,2803
2001,104748882,104748885,104748887,104748898,104748907,104748918,104748908,104751359,0,104751362,104751365,104751370,3,2,11,20,11,1,2451,-104751359,104751362,3,5,26,2488
2002,104751460,104751461,104751463,104751466,104751471,104751485,104751473,104753857,0,104753859,104753861,104753866,1,2,3,8,14,2,2384,-104753857,104753859,2,5,13,2406
2003,105384922,105384923,105384925,105384933,105384945,105384952,105384940,105388150,0,105388153,105388156,105388160,1,2,8,20,7,-5,3210,-105388150,105388153,3,4,18,3238
2004,105429940,105429941,105429943,105429947,105429952,105429968,105429954,105432433,0,105432435,105432438,105432441,1,2,4,9,16,2,2479,-105432433,105432435,3,3,14,2501
2005,105432391,105432392,105432394,105432397,105432401,105432416,105432403,105435216,0,105435218,105435221,105435225,1,2,3,7,15,2,2813,-105435216,105435218,3,4,12,2834
2006,107247149,107247150,107247152,107247158,107247165,107247174,107247167,107249476,0,107249478,107249481,107249485,1,2,6,13,9,2,2309,-107249476,107249478,3,4,18,2336
2007,107643596,107643597,107643599,107643604,107643610,107643622,107643612,107646578,0,107646580,107646583,107646587,1,2,5,11,12,2,2966,-107646578,107646580,3,4,16,2991
2008,107667590,107667591,107667593,107667597,107667602,107667619,107667604,107670227,0,107670230,107670232,107670237,1,2,4,9,17,2,2623,-107670227,107670230,2,5,14,2647
2009,109693695,109693696,109693698,109693704,109693710,109693722,109693712,109696272,0,109696274,109696277,109696281,1,2,6,12,12,2,2560,-109696272,109696274,3,4,17,2586
2010,112192204,112192208,112192209,112192218,112192232,112192241,112192227,112195440,0,112195443,112195446,112195451,4,1,9,23,9,-5,3213,-112195440,112195443,3,5,23,3247
2011,112197431,112197432,112197434,112197438,112197444,112197445,112197444,112200871,0,112200874,112200877,112200881,1,2,4,10,1,0,3427,-112200871,112200874,3,4,13,3450
2012,113304713,113304714,113304716,113304725,113304736,113304747,113304733,113308086,0,113308088,113308092,113308097,1,2,9,20,11,-3,3353,-113308086,113308088,4,5,20,3384
2013,114468656,114468659,114468660,114468667,114468675,114468683,114468675,114472061,0,114472063,114472066,114472070,3,1,7,15,8,0,3386,-114472061,114472063,3,4,19,3414
2014,114515937,114515938,114515940,114515943,114515950,114515961,114515952,114519376,0,114519379,114519382,114519386,1,2,3,10,11,2,3424,-114519376,114519379,3,4,15,3449
2015,114598024,114598025,114598027,114598030,114598036,114598043,114598037,114601481,0,114601484,114601487,114601491,1,2,3,9,7,1,3444,-114601481,114601484,3,4,13,3467
2016,115459868,115459870,115459872,115459878,115459885,115459897,115459885,115463241,0,115463243,115463246,115463250,2,2,6,13,12,0,3356,-115463241,115463243,3,4,17,3382
2017,115483923,115483924,115483926,115483930,115483936,115483946,115483938,115487084,0,115487087,115487091,115487095,1,2,4,10,10,2,3146,-115487084,115487087,4,4,15,3172
2018,116080887,116080888,116080890,116080894,116080902,116080913,116080901,116084263,0,116084265,116084268,116084272,1,2,4,12,11,-1,3362,-116084263,116084265,3,4,14,3385
2019,116783043,116783044,116783046,116783055,116783064,116783074,116783065,116786090,0,116786094,116786098,116786102,1,2,9,18,10,1,3025,-116786090,116786094,4,4,22,3059
2020,116783051,116783053,116783066,116783069,116783073,116783087,116783082,116786139,0,116786141,116786143,116786147,2,13,3,7,14,9,3057,-116786139,116786141,2,4,31,3096
2021,117094919,117094920,117094922,117094928,117094934,117094941,117094935,117098001,0,117098004,117098007,117098011,1,2,6,12,7,1,3066,-117098001,117098004,3,4,16,3092
2022,118541961,118541963,118541965,118541971,118541979,118541990,118541979,118544974,0,118544977,118544980,118544986,2,2,6,14,11,0,2995,-118544974,118544977,3,6,18,3025
2023,118558801,118558802,118558804,118558807,118558811,118558822,118558814,118561250,0,118561254,118561256,118561260,1,2,3,7,11,3,2436,-118561250,118561254,2,4,13,2459
2024,118669260,118669262,118669264,118669267,118669271,118669282,118669274,118672248,0,118672252,118672254,118672258,2,2,3,7,11,3,2974,-118672248,118672252,2,4,14,2998
2025,118934528,118934531,118934533,118934539,118934546,118934553,118934547,118937873,0,118937876,118937880,118937883,3,2,6,13,7,1,3326,-118937873,118937876,4,3,19,3355
2026,118934557,118934558,118934560,118934562,118934566,118934583,118934569,118938024,0,118938025,118938027,118938033,1,2,2,6,17,3,3455,-118938024,118938025,2,6,12,3476
2027,118949986,118949987,118949990,118949994,118949999,118950009,118950000,118952601,0,118952604,118952606,118952610,1,3,4,9,10,1,2601,-118952601,118952604,2,4,14,2624
2028,119107798,119107799,119107801,119107806,119107811,119107821,119107813,119110794,0,119110796,119110799,119110804,1,2,5,10,10,2,2981,-119110794,119110796,3,5,15,3006
2029,119759060,119759061,119759063,119759068,119759078,119759085,119759076,119762572,0,119762576,119762578,119762582,1,2,5,15,7,-2,3496,-119762572,119762576,2,4,16,3522
2030,120507231,120507232,120507234,120507239,120507247,120507258,120507247,120510855,0,120510858,120510863,120510867,1,2,5,13,11,0,3608,-120510855,120510858,5,4,16,3636
2031,121126430,121126431,121126433,121126440,121126450,121126451,121126447,121129923,0,121129926,121129929,121129934,1,2,7,17,1,-3,3476,-121129923,121129926,3,5,17,3504
2032,122295997,122295998,122296000,122296006,122296013,122296021,122296014,122298919,0,122298921,122298924,122298928,1,2,6,13,8,1,2905,-122298919,122298921,3,4,17,2931
2033,123838718,123838719,123838721,123838727,123838735,123838743,123838736,123841155,0,123841158,123841160,123841165,1,2,6,14,8,1,2419,-123841155,123841158,2,5,18,2447
2034,125636192,125636193,125636195,125636201,125636210,125636222,125636208,125639413,0,125639416,125639419,125639423,1,2,6,15,12,-2,3205,-125639413,125639416,3,4,16,3231
2035,125660173,125660174,125660176,125660180,125660186,125660187,125660186,125663487,0,125663490,125663492,125663497,1,2,4,10,1,0,3301,-125663487,125663490,2,5,13,3324
2036,125732601,125732602,125732604,125732609,125732616,125732617,125732616,125735806,0,125735808,125735811,125735815,1,2,5,12,1,0,3190,-125735806,125735808,3,4,15,3214
2037,126444934,126444935,126444937,126444945,126444955,126444966,126444952,126448230,0,126448233,126448238,126448242,1,2,8,18,11,-3,3278,-126448230,126448233,5,4,18,3308
2038,127537943,127537944,127537946,127537953,127537959,127537967,127537960,127540488,0,127540491,127540494,127540499,1,2,7,13,8,1,2528,-127540488,127540491,3,5,17,2556
2039,128598658,128598659,128598661,128598667,128598675,128598676,128598675,128602023,0,128602026,128602029,128602032,1,2,6,14,1,0,3348,-128602023,128602026,3,3,17,3374
2040,128652296,128652297,128652299,128652305,128652313,128652321,128652311,128655620,0,128655624,128655626,128655630,1,2,6,14,8,-2,3309,-128655620,128655624,2,4,15,3334
2041,128678355,128678357,128678359,128678362,128678369,128678379,128678369,128681625,0,128681627,128681630,128681634,2,2,3,10,10,0,3256,-128681625,128681627,3,4,14,3279
2042,128716488,128716489,128716490,128716496,128716505,128716506,128716502,128719774,0,128719777,128719780,128719785,1,1,6,15,1,-3,3272,-128719774,128719777,3,5,14,3297
2043,128720536,128720537,128720539,128720542,128720549,128720550,128720549,128723908,0,128723910,128723913,128723917,1,2,3,10,1,0,3359,-128723908,128723910,3,4,13,3381
2044,128752393,128752394,128752396,128752400,128752408,128752415,128752407,128755571,0,128755573,128755576,128755580,1,2,4,12,7,-1,3164,-128755571,128755573,3,4,14,3187
2045,129440958,129440959,129440960,129440965,129440973,129440981,129440972,129444307,0,129444310,129444314,129444318,1,1,5,13,8,-1,3335,-129444307,129444310,4,4,14,3360
2046,129445044,129445045,129445047,129445051,129445057,129445065,129445057,129448433,0,129448436,129448438,129448442,1,2,4,10,8,0,3376,-129448433,129448436,2,4,13,3398
2047,129597358,129597359,129597361,129597365,129597372,129597383,129597371,129600952,0,129600955,129600958,129600963,1,2,4,11,11,-1,3581,-129600952,129600955,3,5,13,3605
2048,131637098,131637099,131637101,131637107,131637117,131637118,131637115,131640507,0,131640510,131640513,131640517,1,2,6,16,1,-2,3392,-131640507,131640510,3,4,17,3419
2049,134118364,134118366,134118368,134118377,134118393,134118395,134118387,134121719,0,134121722,134121725,134121730,2,2,9,25,2,-6,3332,-134121719,134121722,3,5,23,3366
2050,134203394,134203395,134203397,134203401,134203409,134203409,134203408,134206691,0,134206695,134206698,134206703,1,2,4,12,0,-1,3283,-134206691,134206695,3,5,14,3309
2051,134706178,134706181,134706181,134706188,134706198,134706207,134706195,134710072,0,134710075,134710079,134710083,3,0,7,17,9,-3,3877,-134710072,134710075,4,4,17,3905
2052,136675635,136675636,136675638,136675643,136675651,136675661,136675652,136679071,0,136679073,136679076,136679081,1,2,5,13,10,1,3419,-136679071,136679073,3,5,17,3446
2053,137217292,137217293,137217295,137217302,137217310,137217319,137217311,137220651,0,137220654,137220658,137220662,1,2,7,15,9,1,3340,-137220651,137220654,4,4,19,3370
2054,137729585,137729586,137729588,137729597,137729606,137729615,137729604,137732967,0,137732969,137732972,137732976,1,2,9,18,9,-2,3363,-137732967,137732969,3,4,19,3391
2055,138476715,138476716,138476718,138476726,138476733,138476741,138476734,138479200,0,138479202,138479205,138479209,1,2,8,15,8,1,2466,-138479200,138479202,3,4,19,2494
2056,138514718,138514719,138514721,138514724,138514729,138514743,138514732,138517882,0,138517884,138517886,138517891,1,2,3,8,14,3,3150,-138517882,138517884,2,5,14,3173
2057,138548692,138548693,138548695,138548699,138548703,138548713,138548705,138552074,0,138552076,138552080,138552084,1,2,4,8,10,2,3369,-138552074,138552076,4,4,13,3392
2058,138683880,138683881,138683883,138683888,138683896,138683905,138683895,138687152,0,138687154,138687159,138687164,1,2,5,13,9,-1,3257,-138687152,138687154,5,5,15,3284
2059,138867298,138867299,138867301,138867308,138867317,138867326,138867315,138870571,0,138870573,138870576,138870580,1,2,7,16,9,-2,3256,-138870571,138870573,3,4,17,3282
2060,138872197,138872198,138872200,138872203,138872209,138872217,138872209,138875324,0,138875327,138875330,138875334,1,2,3,9,8,0,3115,-138875324,138875327,3,4,12,3137
2061,139709778,139709779,139709781,139709786,139709793,139709802,139709793,139713189,0,139713191,139713194,139713199,1,2,5,12,9,0,3396,-139713189,139713191,3,5,15,3421
2062,140086503,140086504,140086506,140086512,140086521,140086530,140086519,140089857,0,140089859,140089862,140089866,1,2,6,15,9,-2,3338,-140089857,140089859,3,4,16,3363
2063,140325674,140325675,140325677,140325683,140325693,140325694,140325690,140329178,0,140329181,140329185,140329189,1,2,6,16,1,-3,3488,-140329178,140329181,4,4,16,3515
2064,141880795,141880796,141880798,141880804,141880814,141880823,141880812,141884223,0,141884226,141884231,141884236,1,2,6,16,9,-2,3411,-141884223,141884226,5,5,17,3441
2065,142999759,142999762,142999765,142999771,142999779,142999796,142999783,143003196,0,143003199,143003202,143003206,3,3,6,14,17,4,3413,-143003196,143003199,3,4,24,3447
2066,143226359,143226362,143226363,143226370,143226379,143226387,143226377,143229782,0,143229785,143229788,143229792,3,1,7,16,8,-2,3405,-143229782,143229785,3,4,18,3433
2067,143246811,143246812,143246813,143246817,143246824,143246831,143246824,143250297,0,143250300,143250302,143250307,1,1,4,11,7,0,3473,-143250297,143250300,2,5,13,3496
2068,143922575,143922575,143922577,143922584,143922592,143922600,143922592,143926126,0,143926129,143926133,143926137,0,2,7,15,8,0,3534,-143926126,143926129,4,4,17,3562
2069,144715254,144715255,144715257,144715263,144715271,144715279,144715270,144719872,0,144719874,144719877,144719882,1,2,6,14,8,-1,4602,-144719872,144719874,3,5,16,4628
2070,145934954,145934957,145934960,145934965,145934974,145934981,145934974,145938475,0,145938478,145938481,145938485,3,3,5,14,7,0,3501,-145938475,145938478,3,4,20,3531
2071,146165766,146165767,146165769,146165776,146165785,146165786,146165784,146169117,0,146169120,146169123,146169128,1,2,7,16,1,-1,3333,-146169117,146169120,3,5,18,3362
2072,146170324,146170325,146170327,146170331,146170336,146170345,146170337,146173492,0,146173494,146173497,146173502,1,2,4,9,9,1,3155,-146173492,146173494,3,5,13,3178
2073,147728926,147728927,147728929,147728935,147728944,147728952,147728943,147732306,0,147732308,147732311,147732316,1,2,6,15,8,-1,3363,-147732306,147732308,3,5,17,3390
2074,153684868,153684870,153684872,153684884,153684898,153684900,153684895,153687794,0,153687797,153687803,153687807,2,2,12,26,2,-3,2899,-153687794,153687797,6,4,27,2939
2075,155076866,155076867,155076869,155076877,155076884,155076894,155076885,155079271,0,155079276,155079279,155079282,1,2,8,15,10,1,2386,-155079271,155079276,3,3,19,2416
2076,155106372,155106373,155106375,155106378,155106383,155106396,155106385,155108832,0,155108835,155108837,155108841,1,2,3,8,13,2,2447,-155108832,155108835,2,4,13,2469
2077,155110592,155110593,155110595,155110598,155110603,155110613,155110605,155112874,0,155112876,155112879,155112883,1,2,3,8,10,2,2269,-155112874,155112876,3,4,13,2291
2078,155186468,155186469,155186471,155186475,155186479,155186490,155186481,155189572,0,155189575,155189578,155189583,1,2,4,8,11,2,3091,-155189572,155189575,3,5,13,3115
2079,155205371,155205372,155205374,155205377,155205381,155205395,155205384,155207590,0,155207593,155207597,155207602,1,2,3,7,14,3,2206,-155207590,155207593,4,5,13,2231
2080,155528259,155528263,155528265,155528272,155528284,155528296,155528280,155531710,0,155531712,155531716,155531720,4,2,7,19,12,-4,3430,-155531710,155531712,4,4,21,3461
2081,155658586,155658587,155658589,155658595,155658602,155658609,155658603,155661840,0,155661843,155661846,155661850,1,2,6,13,7,1,3237,-155661840,155661843,3,4,17,3264
2082,155689941,155689943,155689944,155689948,155689953,155689970,155689956,155693482,0,155693485,155693488,155693491,2,1,4,9,17,3,3526,-155693482,155693485,3,3,15,3550
2083,155708376,155708377,155708379,155708382,155708390,155708400,155708392,155711260,0,155711262,155711265,155711270,1,2,3,11,10,2,2868,-155711260,155711262,3,5,16,2894
2084,155730237,155730238,155730240,155730244,155730248,155730265,155730252,155732513,0,155732515,155732518,155732522,1,2,4,8,17,4,2261,-155732513,155732515,3,4,15,2285
2085,155774417,155774418,155774420,155774424,155774429,155774440,155774431,155777379,0,155777381,155777384,155777391,1,2,4,9,11,2,2948,-155777379,155777381,3,7,14,2974
2086,155822432,155822433,155822435,155822439,155822443,155822454,155822448,155824903,0,155824905,155824908,155824912,1,2,4,8,11,5,2455,-155824903,155824905,3,4,16,2480
2087,155918227,155918228,155918229,155918233,155918239,155918249,155918240,155920553,0,155920557,155920559,155920564,1,1,4,10,10,1,2313,-155920553,155920557,2,5,13,2337
2088,155942270,155942271,155942273,155942276,155942280,155942298,155942283,155944639,0,155944641,155944643,155944648,1,2,3,7,18,3,2356,-155944639,155944641,2,5,13,2378
2089,156590420,156590422,156590424,156590429,156590435,156590444,156590436,156593339,0,156593341,156593347,156593352,2,2,5,11,9,1,2903,-156593339,156593341,6,5,16,2932
2090,156593710,156593711,156593713,156593716,156593720,156593730,156593723,156596245,0,156596247,156596250,156596255,1,2,3,7,10,3,2522,-156596245,156596247,3,5,13,2545
2091,156600678,156600679,156600681,156600684,156600687,156600697,156600689,156602995,0,156602999,156603002,156603006,1,2,3,6,10,2,2306,-156602995,156602999,3,4,11,2328
2092,157176478,157176478,157176480,157176488,157176498,157176499,157176496,157179954,0,157179957,157179960,157179964,0,2,8,18,1,-2,3458,-157179954,157179957,3,4,18,3486
2093,158137914,158137915,158137917,158137923,158137932,158137941,158137931,158141489,0,158141492,158141495,158141500,1,2,6,15,9,-1,3558,-158141489,158141492,3,5,17,3586
2094,158775691,158775692,158775694,158775701,158775710,158775718,158775708,158779035,0,158779037,158779041,158779045,1,2,7,16,8,-2,3327,-158779035,158779037,4,4,17,3354
2095,158846643,158846644,158846645,158846650,158846656,158846666,158846658,158849974,0,158849977,158849981,158849985,1,1,5,11,10,2,3316,-158849974,158849977,4,4,15,3342
2096,159514284,159514287,159514289,159514293,159514301,159514303,159514300,159517851,0,159517853,159517857,159517861,3,2,4,12,2,-1,3551,-159517851,159517853,4,4,16,3577
2097,161332842,161332843,161332845,161332851,161332859,161332860,161332859,161336147,0,161336150,161336153,161336157,1,2,6,14,1,0,3288,-161336147,161336150,3,4,17,3315
2098,162411435,162411436,162411438,162411444,162411453,162411465,162411455,162414917,0,162414920,162414923,162414927,1,2,6,15,12,2,3462,-162414917,162414920,3,4,20,3492
2099,163281496,163281497,163281499,163281505,163281512,163281523,163281511,163284957,0,163284960,163284963,163284968,1,2,6,13,11,-1,3446,-163284957,163284960,3,5,15,3472
2100,163803285,163803286,163803288,163803295,163803302,163803313,163803301,163805752,0,163805755,163805760,163805764,1,2,7,14,11,-1,2451,-163805752,163805755,5,4,16,2479
2101,164303016,164303017,164303019,164303023,164303028,164303039,164303030,164305329,0,164305332,164305335,164305339,1,2,4,9,11,2,2299,-164305329,164305332,3,4,14,2323
2102,164843553,164843554,164843556,164843562,164843571,164843580,164843570,164847087,0,164847090,164847092,164847096,1,2,6,15,9,-1,3517,-164847087,164847090,2,4,17,3543
2103,168454650,168454651,168454653,168454664,168454676,168454695,168454676,168457219,0,168457222,168457227,168457231,1,2,11,23,19,0,2543,-168457219,168457222,5,4,26,2581
2104,168454665,168454666,168454678,168454681,168454685,168454691,168454703,168457266,0,168457268,168457270,168457274,1,12,3,7,6,18,2563,-168457266,168457268,2,4,38,2609
2105,169279330,169279331,169279333,169279339,169279345,169279357,169279350,169282918,0,169282921,169282925,169282930,1,2,6,12,12,5,3568,-169282918,169282921,4,5,20,3600
2106,169279361,169279362,169279364,169279366,169279370,169279378,169279372,169282965,0,169282967,169282970,169282974,1,2,2,6,8,2,3593,-169282965,169282967,3,4,11,3613
2107,172076200,172076202,172076204,172076213,172076222,172076224,172076222,172078830,0,172078833,172078837,172078841,2,2,9,18,2,0,2608,-172078830,172078833,4,4,22,2641
2108,172350279,172350280,172350282,172350285,172350290,172350299,172350292,172352476,0,172352479,172352483,172352487,1,2,3,8,9,2,2184,-172352476,172352479,4,4,13,2208
2109,173946320,173946324,173946326,173946336,173946350,173946352,173946345,173949678,0,173949682,173949685,173949689,4,2,10,24,2,-5,3333,-173949678,173949682,3,4,25,3369
2110,173946938,173946939,173946941,173946944,173946951,173946959,173946952,173950066,0,173950068,173950070,173950075,1,2,3,10,8,1,3114,-173950066,173950068,2,5,14,3137
2111,174450652,174450655,174450657,174450662,174450669,174450676,174450668,174453936,0,174453939,174453942,174453946,3,2,5,12,7,-1,3268,-174453936,174453939,3,4,16,3294
2112,174698238,174698239,174698241,174698246,174698253,174698262,174698253,174700780,0,174700783,174700787,174700791,1,2,5,12,9,0,2527,-174700780,174700783,4,4,15,2553
2113,175696354,175696354,175696356,175696363,175696369,175696378,175696370,175698752,0,175698755,175698758,175698762,0,2,7,13,9,1,2382,-175698752,175698755,3,4,16,2408
2114,176083131,176083131,176083133,176083140,176083146,176083157,176083148,176085629,0,176085632,176085636,176085642,0,2,7,13,11,2,2481,-176085629,176085632,4,6,17,2511
2115,176187980,176187981,176187983,176187987,176187992,176188003,176187994,176190437,0,176190441,176190444,176190449,1,2,4,9,11,2,2443,-176190437,176190441,3,5,14,2469
2116,176203034,176203035,176203037,176203040,176203045,176203055,176203047,176206544,0,176206547,176206550,176206553,1,2,3,8,10,2,3497,-176206544,176206547,3,3,13,3519
2117,178385938,178385941,178385943,178385950,178385958,178385960,178385959,178388740,0,178388742,178388745,178388750,3,2,7,15,2,1,2781,-178388740,178388742,3,5,21,2812
2118,178536380,178536381,178536383,178536389,178536395,178536411,178536399,178538870,0,178538873,178538876,178538880,1,2,6,12,16,4,2471,-178538870,178538873,3,4,19,2500
2119,178980797,178980797,178980799,178980804,178980810,178980817,178980811,178983836,0,178983838,178983842,178983846,0,2,5,11,7,1,3025,-178983836,178983838,4,4,14,3049
2120,179152053,179152054,179152056,179152060,179152065,179152077,179152067,179155061,0,179155064,179155066,179155071,1,2,4,9,12,2,2994,-179155061,179155064,2,5,14,3018
2121,179555513,179555514,179555516,179555523,179555529,179555530,179555529,179558563,0,179558566,179558569,179558574,1,2,7,13,1,0,3034,-179558563,179558566,3,5,16,3061
2122,180111003,180111004,180111006,180111010,180111016,180111028,180111018,180113479,0,180113482,180113484,180113489,1,2,4,10,12,2,2461,-180113479,180113482,2,5,15,2486
2123,180350632,180350633,180350635,180350641,180350646,180350657,180350648,180353125,0,180353128,180353130,180353135,1,2,6,11,11,2,2477,-180353125,180353128,2,5,16,2503
2124,182654830,182654833,182654835,182654841,182654847,182654854,182654848,182658286,0,182658289,182658292,182658296,3,2,6,12,7,1,3438,-182658286,182658289,3,4,18,3466
2125,182733050,182733051,182733052,182733057,182733063,182733070,182733064,182736052,0,182736054,182736057,182736061,1,1,5,11,7,1,2988,-182736052,182736054,3,4,14,3011
2126,182736931,182736932,182736934,182736937,182736942,182736951,182736943,182739938,0,182739941,182739944,182739949,1,2,3,8,9,1,2995,-182739938,182739941,3,5,12,3018
2127,183219979,183219981,183219983,183219988,183219994,183220002,183219995,183222612,0,183222614,183222618,183222622,2,2,5,11,8,1,2617,-183222612,183222614,4,4,16,2643
2128,185473112,185473112,185473114,185473121,185473130,185473131,185473130,185475805,0,185475807,185475811,185475816,0,2,7,16,1,0,2675,-185475805,185475807,4,5,18,2704
2129,186429935,186429936,186429938,186429942,186429948,186429958,186429949,186432297,0,186432300,186432302,186432306,1,2,4,10,10,1,2348,-186432297,186432300,2,4,14,2371
2130,187202375,187202376,187202378,187202382,187202391,187202401,187202393,187204812,0,187204814,187204817,187204821,1,2,4,13,10,2,2419,-187204812,187204814,3,4,18,2446
2131,187678888,187678890,187678892,187678896,187678902,187678914,187678904,187682207,0,187682210,187682213,187682217,2,2,4,10,12,2,3303,-187682207,187682210,3,4,16,3329
2132,187684153,187684154,187684156,187684159,187684164,187684172,187684166,187686923,0,187686926,187686928,187686932,1,2,3,8,8,2,2757,-187686923,187686926,2,4,13,2779
2133,188557280,188557281,188557283,188557290,188557297,188557307,188557298,188559666,0,188559668,188559672,188559677,1,2,7,14,10,1,2368,-188559666,188559668,4,5,18,2397
2134,188819854,188819855,188819857,188819864,188819870,188819878,188819871,188822412,0,188822415,188822417,188822421,1,2,7,13,8,1,2541,-188822412,188822415,2,4,17,2567
2135,188819881,188819882,188819884,188819887,188819891,188819904,188819892,188822571,0,188822573,188822575,188822581,1,2,3,7,13,1,2679,-188822571,188822573,2,6,11,2700
2136,191580883,191580884,191580886,191580892,191580899,191580906,191580899,191583708,0,191583710,191583713,191583718,1,2,6,13,7,0,2809,-191583708,191583710,3,5,16,2835
2137,194162541,194162542,194162544,194162552,194162560,194162573,194162560,194164985,0,194164987,194164992,194164995,1,2,8,16,13,0,2425,-194164985,194164987,5,3,19,2454
2138,194469713,194469714,194469716,194469722,194469729,194469737,194469729,194473042,0,194473044,194473047,194473052,1,2,6,13,8,0,3313,-194473042,194473044,3,5,16,3339
2139,195048500,195048501,195048503,195048508,195048515,195048517,195048516,195051734,0,195051737,195051740,195051744,1,2,5,12,2,1,3218,-195051734,195051737,3,4,16,3244
2140,197627671,197627672,197627674,197627680,197627688,197627706,197627690,197631164,0,197631167,197631170,197631174,1,2,6,14,18,2,3474,-197631164,197631167,3,4,19,3503
2141,197711245,197711246,197711248,197711254,197711260,197711270,197711261,197713704,0,197713707,197713710,197713715,1,2,6,12,10,1,2443,-197713704,197713707,3,5,16,2470
2142,197814434,197814435,197814436,197814441,197814447,197814454,197814448,197817465,0,197817467,197817470,197817474,1,1,5,11,7,1,3017,-197817465,197817467,3,4,14,3040
2143,197815950,197815951,197815953,197815956,197815960,197815977,197815964,197818872,0,197818874,197818876,197818881,1,2,3,7,17,4,2908,-197818872,197818874,2,5,14,2931
2144,198202000,198202001,198202003,198202007,198202013,198202025,198202017,198204506,0,198204509,198204512,198204516,1,2,4,10,12,4,2489,-198204506,198204509,3,4,17,2516
2145,200173161,200173161,200173163,200173169,200173176,200173185,200173177,200176564,0,200176568,200176572,200176576,0,2,6,13,9,1,3387,-200176564,200176568,4,4,16,3415
2146,201182827,201182830,201182832,201182838,201182845,201182853,201182846,201185654,0,201185657,201185660,201185664,3,2,6,13,8,1,2808,-201185654,201185657,3,4,19,2837
2147,201249061,201249063,201249065,201249068,201249073,201249087,201249075,201251555,0,201251557,201251561,201251565,2,2,3,8,14,2,2480,-201251555,201251557,4,4,14,2504
2148,201260824,201260825,201260827,201260830,201260834,201260852,201260838,201263330,0,201263333,201263336,201263341,1,2,3,7,18,4,2492,-201263330,201263333,3,5,14,2517
2149,201264205,201264206,201264208,201264212,201264218,201264227,201264219,201266540,0,201266542,201266546,201266551,1,2,4,10,9,1,2321,-201266540,201266542,4,5,14,2346
2150,201729743,201729744,201729746,201729749,201729754,201729764,201729757,201732204,0,201732209,201732211,201732215,1,2,3,8,10,3,2447,-201732204,201732209,2,4,14,2472
2151,201739699,201739700,201739702,201739705,201739710,201739719,201739712,201742114,0,201742116,201742119,201742123,1,2,3,8,9,2,2402,-201742114,201742116,3,4,13,2424
2152,202070342,202070343,202070345,202070350,202070356,202070363,202070357,202073506,0,202073508,202073512,202073517,1,2,5,11,7,1,3149,-202073506,202073508,4,5,15,3175
2153,202477109,202477110,202477112,202477116,202477121,202477128,202477122,202479557,0,202479559,202479561,202479566,1,2,4,9,7,1,2435,-202479557,202479559,2,5,13,2457
2154,202478857,202478858,202478860,202478862,202478866,202478877,202478868,202481320,0,202481322,202481325,202481330,1,2,2,6,11,2,2452,-202481320,202481322,3,5,11,2473
2155,202482345,202482346,202482348,202482351,202482355,202482362,202482357,202485352,0,202485354,202485357,202485361,1,2,3,7,7,2,2995,-202485352,202485354,3,4,12,3016
2156,202581821,202581822,202581823,202581829,202581841,202581842,202581836,202584923,0,202584926,202584932,202584937,1,1,6,18,1,-5,3087,-202584923,202584926,6,5,15,3116
2157,203827141,203827144,203827146,203827151,203827158,203827166,203827159,203830941,0,203830943,203830946,203830950,3,2,5,12,8,1,3782,-203830941,203830943,3,4,18,3809
2158,203851297,203851298,203851301,203851305,203851310,203851327,203851314,203854844,0,203854846,203854849,203854853,1,3,4,9,17,4,3530,-203854844,203854846,3,4,17,3556
2159,203923801,203923802,203923804,203923808,203923814,203923821,203923815,203926165,0,203926167,203926170,203926175,1,2,4,10,7,1,2350,-203926165,203926167,3,5,14,2374
2160,204928253,204928254,204928256,204928261,204928268,204928278,204928269,204930744,0,204930747,204930751,204930755,1,2,5,12,10,1,2475,-204930744,204930747,4,4,16,2502
2161,204937403,204937404,204937405,204937409,204937414,204937431,204937417,204940350,0,204940352,204940355,204940360,1,1,4,9,17,3,2933,-204940350,204940352,3,5,14,2957
2162,208154591,208154593,208154595,208154603,208154610,208154622,208154611,208157069,0,208157072,208157075,208157078,2,2,8,15,12,1,2458,-208157069,208157072,3,3,20,2487
2163,208154597,208154598,208154612,208154615,208154620,208154657,208154644,208157223,0,208157225,208157227,208157233,1,14,3,8,37,24,2579,-208157223,208157225,2,6,47,2636
2164,208160943,208160944,208160946,208160949,208160954,208160971,208160957,208163419,0,208163421,208163423,208163428,1,2,3,8,17,3,2462,-208163419,208163421,2,5,14,2485
2165,210212395,210212396,210212398,210212404,210212411,210212413,210212411,210214985,0,210214987,210214991,210214996,1,2,6,13,2,0,2574,-210214985,210214987,4,5,16,2601
2166,211711025,211711026,211711028,211711032,211711038,211711047,211711039,211713375,0,211713377,211713380,211713384,1,2,4,10,9,1,2336,-211713375,211713377,3,4,14,2359
2167,212045394,212045394,212045396,212045402,212045407,212045418,212045409,212047863,0,212047865,212047870,212047875,0,2,6,11,11,2,2454,-212047863,212047865,5,5,15,2481
2168,212734669,212734669,212734671,212734676,212734682,212734695,212734686,212737166,0,212737168,212737171,212737176,0,2,5,11,13,4,2480,-212737166,212737168,3,5,17,2507
2169,212944444,212944447,212944449,212944456,212944463,212944472,212944463,212946787,0,212946789,212946792,212946796,3,2,7,14,9,0,2324,-212946787,212946789,3,4,19,2352
2170,213993481,213993482,213993484,213993491,213993503,213993504,213993498,213996961,0,213996964,213996967,213996971,1,2,7,19,1,-5,3463,-213996961,213996964,3,4,17,3490
2171,214184230,214184230,214184232,214184237,214184244,214184254,214184244,214186523,0,214186526,214186528,214186533,0,2,5,12,10,0,2279,-214186523,214186526,2,5,14,2303
2172,214208725,214208726,214208728,214208731,214208736,214208755,214208738,214211878,0,214211881,214211884,214211888,1,2,3,8,19,2,3140,-214211878,214211881,3,4,13,3163
2173,217727780,217727783,217727785,217727793,217727807,217727809,217727801,217732016,0,217732019,217732021,217732025,3,2,8,22,2,-6,4215,-217732016,217732019,2,4,21,4245
2174,218028261,218028262,218028264,218028271,218028278,218028289,218028277,218031262,0,218031264,218031268,218031273,1,2,7,14,11,-1,2985,-218031262,218031264,4,5,16,3012
2175,218033975,218033976,218033978,218033982,218033986,218033996,218033988,218036637,0,218036639,218036642,218036646,1,2,4,8,10,2,2649,-218036637,218036639,3,4,13,2671
2176,218041667,218041668,218041669,218041672,218041677,218041687,218041679,218044983,0,218044985,218044988,218044992,1,1,3,8,10,2,3304,-218044983,218044985,3,4,12,3325
2177,218047343,218047344,218047346,218047349,218047353,218047363,218047355,218049652,0,218049654,218049657,218049662,1,2,3,7,10,2,2297,-218049652,218049654,3,5,12,2319
2178,218055050,218055051,218055052,218055056,218055060,218055070,218055062,218058100,0,218058102,218058105,218058109,1,1,4,8,10,2,3038,-218058100,218058102,3,4,12,3059
2179,218064783,218064784,218064786,218064792,218064800,218064801,218064798,218067936,0,218067938,218067943,218067947,1,2,6,14,1,-2,3138,-218067936,218067938,5,4,15,3164
2180,218085918,218085919,218085921,218085924,218085929,218085938,218085931,218088671,0,218088673,218088676,218088680,1,2,3,8,9,2,2740,-218088671,218088673,3,4,13,2762
2181,218091568,218091569,218091571,218091574,218091578,218091588,218091581,218094023,0,218094026,218094029,218094033,1,2,3,7,10,3,2442,-218094023,218094026,3,4,13,2465
2182,218092153,218092153,218092155,218092159,218092167,218092174,218092165,218095554,0,218095556,218095558,218095562,0,2,4,12,7,-2,3389,-218095554,218095556,2,4,12,3409
2183,218101187,218101188,218101190,218101193,218101198,218101208,218101200,218103548,0,218103550,218103552,218103557,1,2,3,8,10,2,2348,-218103548,218103550,2,5,13,2370
2184,218236548,218236549,218236550,218236554,218236559,218236569,218236561,218239100,0,218239103,218239105,218239110,1,1,4,9,10,2,2539,-218239100,218239103,2,5,13,2562
2185,227540215,227540216,227540218,227540235,227540258,227540261,227540249,227543889,0,227543892,227543898,227543902,1,2,17,40,3,-9,3640,-227543889,227543892,6,4,34,3687
2186,228658124,228658125,228658127,228658134,228658143,228658153,228658143,228661682,0,228661685,228661688,228661693,1,2,7,16,10,0,3539,-228661682,228661685,3,5,19,3569
2187,228660255,228660256,228660258,228660266,228660276,228660278,228660273,228663641,0,228663644,228663647,228663652,1,2,8,18,2,-3,3368,-228663641,228663644,3,5,18,3397
2188,230115540,230115541,230115543,230115551,230115559,230115560,230115559,230119089,0,230119092,230119095,230119099,1,2,8,16,1,0,3530,-230119089,230119092,3,4,19,3559
2189,230239330,230239331,230239333,230239339,230239348,230239349,230239346,230242828,0,230242831,230242835,230242840,1,2,6,15,1,-2,3482,-230242828,230242831,4,5,16,3510
2190,230618297,230618298,230618300,230618306,230618315,230618322,230618312,230621750,0,230621753,230621756,230621760,1,2,6,15,7,-3,3438,-230621750,230621753,3,4,15,3463
2191,230622367,230622368,230622370,230622373,230622379,230622386,230622380,230625709,0,230625712,230625714,230625718,1,2,3,9,7,1,3329,-230625709,230625712,2,4,13,3351
2192,230631473,230631474,230631476,230631480,230631486,230631493,230631487,230634880,0,230634883,230634885,230634890,1,2,4,10,7,1,3393,-230634880,230634883,2,5,14,3417
2193,230647950,230647951,230647953,230647956,230647962,230647973,230647964,230651320,0,230651323,230651325,230651330,1,2,3,9,11,2,3356,-230651320,230651323,2,5,14,3380
2194,232011603,232011604,232011606,232011613,232011622,232011634,232011620,232015166,0,232015169,232015172,232015177,1,2,7,16,12,-2,3546,-232015166,232015169,3,5,17,3574
2195,232011607,232011608,232011628,232011631,232011636,232011657,232011645,232015447,0,232015453,232015455,232015461,1,20,3,8,21,9,3802,-232015447,232015453,2,6,38,3854
2196,232529210,232529211,232529213,232529218,232529225,232529231,232529226,232532679,0,232532682,232532685,232532689,1,2,5,12,6,1,3453,-232532679,232532682,3,4,16,3479
2197,233717787,233717790,233717792,233717800,233717810,233717818,233717808,233721068,0,233721071,233721074,233721078,3,2,8,18,8,-2,3260,-233721068,233721071,3,4,21,3291
2198,233753083,233753084,233753086,233753090,233753097,233753107,233753098,233756384,0,233756387,233756393,233756397,1,2,4,11,10,1,3286,-233756384,233756387,6,4,15,3314
2199,234053734,234053735,234053737,234053744,234053752,234053760,234053751,234057185,0,234057188,234057191,234057195,1,2,7,15,8,-1,3434,-234057185,234057188,3,4,17,3461
2200,234083368,234083369,234083371,234083374,234083381,234083395,234083381,234086624,0,234086627,234086629,234086633,1,2,3,10,14,0,3243,-234086624,234086627,2,4,13,3265
2201,234198878,234198879,234198881,234198884,234198891,234198898,234198891,234202273,0,234202276,234202279,234202283,1,2,3,10,7,0,3382,-234202273,234202276,3,4,13,3405
2202,236268890,236268892,236268894,236268900,236268909,236268910,236268909,236272251,0,236272254,236272257,236272261,2,2,6,15,1,0,3342,-236272251,236272254,3,4,19,3371
2203,238856459,238856460,238856462,238856470,238856482,238856484,238856478,238859963,0,238859966,238859970,238859974,1,2,8,20,2,-4,3485,-238859963,238859966,4,4,19,3515
2204,239821848,239821851,239821853,239821860,239821869,239821891,239821869,239825161,0,239825164,239825167,239825171,3,2,7,16,22,0,3292,-239825161,239825164,3,4,21,3323
2205,239873669,239873670,239873672,239873679,239873688,239873689,239873686,239876951,0,239876954,239876956,239876961,1,2,7,16,1,-2,3265,-239876951,239876954,2,5,17,3292
2206,239877244,239877245,239877247,239877250,239877256,239877267,239877258,239880390,0,239880393,239880396,239880401,1,2,3,9,11,2,3132,-239880390,239880393,3,5,14,3157
2207,240222186,240222187,240222189,240222196,240222202,240222212,240222202,240225345,0,240225347,240225352,240225357,1,2,7,13,10,0,3143,-240225345,240225347,5,5,16,3171
2208,241416150,241416151,241416152,241416157,241416163,241416173,241416164,241419522,0,241419525,241419528,241419531,1,1,5,11,10,1,3358,-241419522,241419525,3,3,14,3381
2209,242624116,242624117,242624119,242624125,242624133,242624134,242624133,242627132,0,242627135,242627139,242627144,1,2,6,14,1,0,2999,-242627132,242627135,4,5,17,3028
2210,242672021,242672022,242672024,242672028,242672032,242672041,242672035,242674913,0,242674916,242674918,242674923,1,2,4,8,9,3,2878,-242674913,242674916,2,5,14,2902
2211,242939117,242939118,242939121,242939128,242939138,242939146,242939136,242942579,0,242942581,242942584,242942588,1,3,7,17,8,-2,3443,-242942579,242942581,3,4,19,3471
2212,245305531,245305532,245305534,245305540,245305547,245305557,245305547,245308701,0,245308704,245308708,245308712,1,2,6,13,10,0,3154,-245308701,245308704,4,4,16,3181
2213,245917079,245917083,245917084,245917091,245917102,245917104,245917098,245920416,0,245920418,245920423,245920427,4,1,7,18,2,-4,3318,-245920416,245920418,5,4,19,3348
2214,245942166,245942167,245942169,245942173,245942179,245942190,245942181,245944540,0,245944542,245944546,245944551,1,2,4,10,11,2,2359,-245944540,245944542,4,5,15,2385
2215,248152790,248152792,248152794,248152801,248152811,248152813,248152810,248156187,0,248156190,248156194,248156198,2,2,7,17,2,-1,3377,-248156187,248156190,4,4,20,3408
2216,248237661,248237661,248237663,248237667,248237673,248237682,248237674,248240267,0,248240270,248240273,248240277,0,2,4,10,9,1,2593,-248240267,248240270,3,4,13,2616
2217,250056267,250056268,250056270,250056279,250056289,250056291,250056287,250059963,0,250059965,250059968,250059972,1,2,9,19,2,-2,3676,-250059963,250059965,3,4,20,3705
2218,250191190,250191191,250191193,250191201,250191208,250191225,250191210,250193689,0,250193692,250193694,250193698,1,2,8,15,17,2,2479,-250193689,250193692,2,4,20,2508
2219,255036813,255036814,255036816,255036828,255036839,255036842,255036838,255039201,0,255039204,255039209,255039214,1,2,12,23,3,-1,2363,-255039201,255039204,5,5,25,2401
2220,255044395,255044396,255044398,255044401,255044406,255044416,255044408,255046736,0,255046739,255046742,255046747,1,2,3,8,10,2,2328,-255046736,255046739,3,5,13,2352
2221,255311955,255311956,255311958,255311965,255311973,255311975,255311972,255314420,0,255314422,255314426,255314431,1,2,7,15,2,-1,2448,-255314420,255314422,4,5,17,2476
2222,255312363,255312364,255312366,255312369,255312373,255312381,255312374,255314628,0,255314630,255314633,255314637,1,2,3,7,8,1,2254,-255314628,255314630,3,4,11,2274
2223,257572698,257572700,257572721,257572723,257572727,257572731,257572742,257575154,0,257575156,257575158,257575163,2,21,2,6,4,15,2412,-257575154,257575156,2,5,44,2465
2224,257572698,257572699,257572701,257572710,257572719,257572735,257572718,257575105,0,257575108,257575111,257575116,1,2,9,18,16,-1,2387,-257575105,257575108,3,5,20,2418
2225,261731036,261731037,261731039,261731050,261731058,261731068,261731059,261733620,0,261733623,261733627,261733631,1,2,11,19,10,1,2561,-261733620,261733623,4,4,23,2595
2226,263298462,263298463,263298465,263298471,263298478,263298488,263298479,263301066,0,263301069,263301072,263301077,1,2,6,13,10,1,2587,-263301066,263301069,3,5,17,2615
2227,268617983,268617984,268617986,268617997,268618012,268618020,268618004,268621609,0,268621612,268621615,268621619,1,2,11,26,8,-8,3605,-268621609,268621612,3,4,21,3636
2228,269626524,269626525,269626527,269626533,269626540,269626549,269626540,269629869,0,269629872,269629875,269629878,1,2,6,13,9,0,3329,-269629869,269629872,3,3,16,3354
2229,275236137,275236138,275236140,275236153,275236168,275236171,275236164,275238601,0,275238604,275238610,275238615,1,2,13,28,3,-4,2437,-275238601,275238604,6,5,27,2478
2230,281734213,281734216,281734218,281734235,281734256,281734259,281734246,281737924,0,281737927,281737931,281737935,3,2,17,38,3,-10,3678,-281737924,281737927,4,4,33,3722
2231,289241418,289241419,289241421,289241438,289241461,289241464,289241451,289245094,0,289245098,289245103,289245108,1,2,17,40,3,-10,3643,-289245094,289245098,5,5,33,3690
2232,289482239,289482243,289482245,289482252,289482260,289482262,289482260,289485406,0,289485409,289485412,289485415,4,2,7,15,2,0,3146,-289485406,289485409,3,3,21,3176
2233,289482251,289482252,289482270,289482272,289482276,289482299,289482284,289485559,0,289485561,289485563,289485568,1,18,2,6,23,8,3275,-289485559,289485561,2,5,33,3317
2234,290102609,290102610,290102612,290102618,290102624,290102637,290102627,290105592,0,290105595,290105598,290105601,1,2,6,12,13,3,2965,-290105592,290105595,3,3,18,2992
2235,290102641,290102642,290102644,290102647,290102651,290102668,290102656,290105741,0,290105742,290105745,290105749,1,2,3,7,17,5,3085,-290105741,290105742,3,4,15,3108
2236,290102641,290102644,290102655,290102660,290102667,290102689,290102677,290106168,0,290106170,290106172,290106176,3,11,5,12,22,10,3491,-290106168,290106170,2,4,36,3535
2237,290591794,290591797,290591799,290591804,290591812,290591825,290591812,290595291,0,290595294,290595296,290595301,3,2,5,13,13,0,3479,-290595291,290595294,2,5,18,3507
2238,290760504,290760505,290760507,290760511,290760517,290760529,290760519,290763204,0,290763206,290763209,290763213,1,2,4,10,12,2,2685,-290763204,290763206,3,4,15,2709
2239,290760532,290760533,290760535,290760538,290760542,290760555,290760544,290763350,0,290763352,290763354,290763362,1,2,3,7,13,2,2806,-290763350,290763352,2,8,12,2830
2240,291535752,291535753,291535755,291535759,291535765,291535776,291535767,291538104,0,291538107,291538110,291538114,1,2,4,10,11,2,2337,-291538104,291538107,3,4,15,2362
2241,291535780,291535781,291535783,291535785,291535789,291535803,291535792,291538299,0,291538301,291538303,291538308,1,2,2,6,14,3,2507,-291538299,291538301,2,5,12,2528
2242,291538761,291538762,291538764,291538767,291538772,291538788,291538774,291541917,0,291541919,291541922,291541927,1,2,3,8,16,2,3143,-291541917,291541919,3,5,13,3166
2243,293585002,293585003,293585005,293585014,293585024,293585034,293585024,293588191,0,293588193,293588196,293588200,1,2,9,19,10,0,3167,-293588191,293588193,3,4,22,3198
2244,293737002,293737004,293737006,293737013,293737019,293737030,293737020,293739463,0,293739465,293739468,293739473,2,2,7,13,11,1,2443,-293739463,293739465,3,5,18,2471
2245,300247053,300247055,300247057,300247072,300247091,300247093,300247084,300250572,0,300250575,300250579,300250584,2,2,15,34,2,-7,3488,-300250572,300250575,4,5,31,3531
2246,313839188,313839189,313839191,313839208,313839226,313839228,313839220,313841614,0,313841617,313841623,313841627,1,2,17,35,2,-6,2394,-313841614,313841617,6,4,32,2439
2247,317147745,317147746,317147748,317147763,317147783,317147786,317147773,317151130,0,317151134,317151139,317151143,1,2,15,35,3,-10,3357,-317151130,317151134,5,4,28,3398
2248,320149049,320149050,320149052,320149066,320149079,320149081,320149078,320151543,0,320151546,320151551,320151556,1,2,14,27,2,-1,2465,-320151543,320151546,5,5,29,2507
2249,320152566,320152567,320152569,320152572,320152577,320152588,320152579,320155864,0,320155866,320155869,320155873,1,2,3,8,11,2,3285,-320155864,320155866,3,4,13,3307
2250,321292954,321292957,321292959,321292969,321292983,321292985,321292978,321296356,0,321296359,321296362,321296365,3,2,10,24,2,-5,3378,-321296356,321296359,3,3,24,3411
2251,323943596,323943600,323943602,323943611,323943624,323943625,323943621,323947115,0,323947118,323947121,323947125,4,2,9,22,1,-3,3494,-323947115,323947118,3,4,25,3529
2252,323967570,323967571,323967573,323967577,323967583,323967593,323967584,323970863,0,323970866,323970868,323970872,1,2,4,10,10,1,3279,-323970863,323970866,2,4,14,3302
2253,325178634,325178634,325178636,325178644,325178651,325178658,325178652,325181957,0,325181960,325181963,325181967,0,2,8,15,7,1,3305,-325181957,325181960,3,4,18,3333
2254,326472655,326472656,326472658,326472664,326472670,326472682,326472672,326475159,0,326475161,326475164,326475168,1,2,6,12,12,2,2487,-326475159,326475161,3,4,17,2513
2255,327950411,327950412,327950414,327950422,327950430,327950443,327950431,327953256,0,327953259,327953263,327953267,1,2,8,16,13,1,2825,-327953256,327953259,4,4,20,2856
2256,335624951,335624953,335624955,335624970,335624984,335624986,335624982,335628608,0,335628611,335628615,335628620,2,2,15,29,2,-2,3626,-335628608,335628611,4,5,31,3669
2257,335952956,335952956,335952959,335952964,335952971,335952979,335952972,335955589,0,335955592,335955594,335955598,0,3,5,12,8,1,2617,-335955589,335955592,2,4,16,2642
2258,338306039,338306042,338306043,338306053,338306068,338306070,338306061,338309430,0,338309432,338309437,338309441,3,1,10,25,2,-7,3369,-338309430,338309432,5,4,22,3402
2259,338657050,338657051,338657053,338657059,338657065,338657073,338657066,338659661,0,338659664,338659666,338659670,1,2,6,12,8,1,2595,-338659661,338659664,2,4,16,2620
2260,339960087,339960090,339960092,339960098,339960106,339960117,339960107,339962605,0,339962608,339962611,339962616,3,2,6,14,11,1,2498,-339962605,339962608,3,5,20,2529
2261,341383190,341383190,341383192,341383198,341383204,341383215,341383205,341385723,0,341385725,341385728,341385733,0,2,6,12,11,1,2518,-341385723,341385725,3,5,15,2543
2262,341387740,341387741,341387743,341387746,341387750,341387769,341387754,341390398,0,341390401,341390403,341390407,1,2,3,7,19,4,2644,-341390398,341390401,2,4,14,2667
2263,349625443,349625444,349625447,349625462,349625477,349625480,349625475,349628434,0,349628437,349628442,349628447,1,3,15,30,3,-2,2959,-349628434,349628437,5,5,32,3004
2264,349633309,349633310,349633312,349633315,349633320,349633331,349633322,349636131,0,349636133,349636136,349636140,1,2,3,8,11,2,2809,-349636131,349636133,3,4,13,2831
2265,349739288,349739289,349739291,349739300,349739314,349739315,349739307,349742678,0,349742681,349742685,349742689,1,2,9,23,1,-7,3371,-349742678,349742681,4,4,19,3401
2266,362055252,362055254,362055256,362055272,362055290,362055292,362055285,362057686,0,362057689,362057695,362057699,2,2,16,34,2,-5,2401,-362057686,362057689,6,4,33,2447
2267,362076340,362076341,362076343,362076346,362076352,362076361,362076353,362078704,0,362078706,362078709,362078713,1,2,3,9,9,1,2351,-362078704,362078706,3,4,13,2373
2268,362090510,362090511,362090513,362090516,362090521,362090534,362090526,362092857,0,362092859,362092862,362092866,1,2,3,8,13,5,2331,-362092857,362092859,3,4,16,2356
2269,362181032,362181033,362181035,362181039,362181044,362181053,362181046,362183380,0,362183382,362183385,362183392,1,2,4,9,9,2,2334,-362183380,362183382,3,7,14,2360
2270,362568236,362568237,362568239,362568246,362568252,362568261,362568253,362570658,0,362570661,362570666,362570670,1,2,7,13,9,1,2405,-362570658,362570661,5,4,17,2434
2271,363591664,363591665,363591667,363591671,363591676,363591687,363591678,363594171,0,363594173,363594176,363594181,1,2,4,9,11,2,2493,-363594171,363594173,3,5,14,2517
2272,363623536,363623537,363623539,363623542,363623547,363623556,363623549,363626850,0,363626854,363626856,363626860,1,2,3,8,9,2,3301,-363626850,363626854,2,4,13,3324
2273,363630465,363630466,363630468,363630470,363630475,363630484,363630476,363633874,0,363633876,363633878,363633883,1,2,2,7,9,1,3398,-363633874,363633876,2,5,11,3418
2274,365534843,365534844,365534846,365534852,365534857,365534867,365534859,365537820,0,365537822,365537825,365537830,1,2,6,11,10,2,2961,-365537820,365537822,3,5,16,2987
2275,365538641,365538642,365538644,365538647,365538652,365538662,365538654,365540891,0,365540893,365540896,365540900,1,2,3,8,10,2,2237,-365540891,365540893,3,4,13,2259
2276,365546923,365546924,365546925,365546928,365546933,365546942,365546934,365549223,0,365549226,365549229,365549233,1,1,3,8,9,1,2289,-365549223,365549226,3,4,11,2310
2277,368503040,368503044,368503045,368503054,368503062,368503064,368503061,368506625,0,368506627,368506630,368506634,4,1,9,17,2,-1,3564,-368506625,368506627,3,4,21,3594
2278,368551007,368551008,368551010,368551014,368551019,368551027,368551021,368553539,0,368553542,368553546,368553550,1,2,4,9,8,2,2518,-368553539,368553542,4,4,14,2543
2279,369878077,369878078,369878080,369878085,369878092,369878104,369878094,369880714,0,369880718,369880721,369880725,1,2,5,12,12,2,2620,-369880714,369880718,3,4,17,2648
2280,371627320,371627321,371627323,371627332,371627344,371627352,371627340,371630541,0,371630543,371630546,371630551,1,2,9,21,8,-4,3201,-371630541,371630543,3,5,20,3231
2281,371627342,371627344,371627353,371627356,371627362,371627376,371627364,371630931,0,371630933,371630935,371630939,2,9,3,9,14,2,3567,-371630931,371630933,2,4,22,3597
2282,371632554,371632555,371632557,371632561,371632567,371632577,371632568,371635641,0,371635643,371635645,371635650,1,2,4,10,10,1,3073,-371635641,371635643,2,5,14,3096
2283,371658642,371658643,371658645,371658649,371658655,371658661,371658655,371661877,0,371661880,371661883,371661888,1,2,4,10,6,0,3222,-371661877,371661880,3,5,13,3246
2284,371700057,371700058,371700060,371700063,371700070,371700071,371700070,371703456,0,371703459,371703463,371703467,1,2,3,10,1,0,3386,-371703456,371703459,4,4,13,3410
2285,372271580,372271581,372271583,372271588,372271595,372271602,372271596,372275215,0,372275217,372275220,372275224,1,2,5,12,7,1,3619,-372275215,372275217,3,4,16,3644
2286,372882173,372882173,372882175,372882180,372882186,372882193,372882187,372885660,0,372885662,372885665,372885669,0,2,5,11,7,1,3473,-372885660,372885662,3,4,14,3496
2287,373750205,373750206,373750208,373750213,373750220,373750228,373750221,373753580,0,373753583,373753585,373753590,1,2,5,12,8,1,3359,-373753580,373753583,2,5,16,3385
2288,374533936,374533937,374533939,374533948,374533960,374533962,374533955,374537487,0,374537490,374537494,374537498,1,2,9,21,2,-5,3532,-374537487,374537490,4,4,19,3562
2289,374685119,374685120,374685122,374685126,374685133,374685142,374685134,374688406,0,374688409,374688412,374688416,1,2,4,11,9,1,3272,-374688406,374688409,3,4,15,3297
2290,381787531,381787534,381787537,381787551,381787565,381787567,381787562,381790398,0,381790402,381790406,381790410,3,3,14,28,2,-3,2836,-381790398,381790402,4,4,31,2879
2291,383640926,383640927,383640929,383640940,383640950,383640952,383640949,383643397,0,383643400,383643404,383643409,1,2,11,21,2,-1,2448,-383643397,383643400,4,5,23,2483
2292,383803461,383803462,383803464,383803468,383803474,383803483,383803475,383806620,0,383806622,383806625,383806630,1,2,4,10,9,1,3145,-383806620,383806622,3,5,14,3169
2293,384071772,384071773,384071775,384071779,384071784,384071795,384071787,384074973,0,384074976,384074978,384074983,1,2,4,9,11,3,3186,-384074973,384074976,2,5,15,3211
2294,384237861,384237862,384237864,384237867,384237871,384237882,384237874,384240307,0,384240312,384240314,384240319,1,2,3,7,11,3,2433,-384240307,384240312,2,5,13,2458
2295,384734757,384734761,384734763,384734769,384734774,384734783,384734776,384737730,0,384737734,384737738,384737742,4,2,6,11,9,2,2954,-384737730,384737734,4,4,19,2985
2296,384736587,384736588,384736590,384736592,384736596,384736607,384736598,384739142,0,384739144,384739147,384739152,1,2,2,6,11,2,2544,-384739142,384739144,3,5,11,2565
2297,389455220,389455221,389455224,389455238,389455258,389455261,389455248,389458805,0,389458808,389458813,389458818,1,3,14,34,3,-10,3557,-389458805,389458808,5,5,28,3598
2298,392081743,392081744,392081746,392081756,392081767,392081769,392081766,392084449,0,392084453,392084457,392084461,1,2,10,21,2,-1,2683,-392084449,392084453,4,4,23,2718
2299,392087423,392087424,392087426,392087429,392087434,392087444,392087436,392090145,0,392090148,392090150,392090155,1,2,3,8,10,2,2709,-392090145,392090148,2,5,13,2732
2300,392096190,392096191,392096193,392096196,392096201,392096211,392096203,392098337,0,392098340,392098343,392098347,1,2,3,8,10,2,2134,-392098337,392098340,3,4,13,2157
2301,392104421,392104421,392104423,392104426,392104430,392104440,392104432,392107433,0,392107435,392107437,392107442,0,2,3,7,10,2,3001,-392107433,392107435,2,5,11,3021
2302,392108261,392108262,392108264,392108267,392108271,392108279,392108272,392110635,0,392110637,392110641,392110645,1,2,3,7,8,1,2363,-392110635,392110637,4,4,11,2384
2303,392221149,392221150,392221152,392221155,392221160,392221173,392221162,392223447,0,392223450,392223452,392223457,1,2,3,8,13,2,2285,-392223447,392223450,2,5,13,2308
2304,395917478,395917482,395917484,395917494,395917506,395917508,395917504,395919862,0,395919865,395919867,395919872,4,2,10,22,2,-2,2358,-395919862,395919865,2,5,26,2394
2305,401962325,401962327,401962329,401962345,401962364,401962366,401962355,401966262,0,401966265,401966270,401966275,2,2,16,35,2,-9,3907,-401966262,401966265,5,5,30,3950
2306,402004581,402004582,402004584,402004588,402004595,402004604,402004594,402007837,0,402007840,402007843,402007847,1,2,4,11,9,-1,3243,-402007837,402007840,3,4,13,3266
2307,402190878,402190879,402190880,402190884,402190891,402190900,402190890,402194391,0,402194394,402194396,402194401,1,1,4,11,9,-1,3501,-402194391,402194394,2,5,12,3523
2308,402597628,402597629,402597631,402597634,402597641,402597642,402597641,402601015,0,402601017,402601020,402601024,1,2,3,10,1,0,3374,-402601015,402601017,3,4,13,3396
2309,403942183,403942187,403942189,403942198,403942206,403942208,403942206,403944937,0,403944940,403944943,403944947,4,2,9,17,2,0,2731,-403944937,403944940,3,4,23,2764
2310,405574765,405574767,405574769,405574784,405574800,405574802,405574797,405577350,0,405577353,405577356,405577361,2,2,15,31,2,-3,2553,-405577350,405577353,3,5,32,2596
2311,405744647,405744648,405744650,405744665,405744684,405744686,405744675,405747972,0,405747975,405747978,405747983,1,2,15,34,2,-9,3297,-405747972,405747975,3,5,28,3336
2312,405877600,405877601,405877603,405877613,405877624,405877626,405877621,405881095,0,405881098,405881101,405881105,1,2,10,21,2,-3,3474,-405881095,405881098,3,4,21,3505
2313,407724332,407724333,407724335,407724351,407724371,407724373,407724364,407727880,0,407727884,407727887,407727892,1,2,16,36,2,-7,3516,-407727880,407727884,3,5,32,3560
2314,414002247,414002248,414002251,414002268,414002290,414002292,414002280,414005964,0,414005967,414005973,414005978,1,3,17,39,2,-10,3684,-414005964,414005967,6,5,33,3731
2315,414009110,414009111,414009113,414009117,414009124,414009133,414009125,414012349,0,414012351,414012354,414012358,1,2,4,11,9,1,3224,-414012349,414012351,3,4,15,3248
2316,417548382,417548385,417548388,417548403,417548414,417548416,417548412,417551736,0,417551739,417551743,417551747,3,3,15,26,2,-2,3324,-417551736,417551739,4,4,30,3365
2317,419664663,419664666,419664668,419664676,419664684,419664686,419664684,419667145,0,419667148,419667150,419667155,3,2,8,16,2,0,2461,-419667145,419667148,2,5,21,2492
2318,419688654,419688655,419688657,419688660,419688665,419688683,419688668,419690953,0,419690956,419690959,419690963,1,2,3,8,18,3,2285,-419690953,419690956,3,4,14,2309
2319,419784658,419784659,419784660,419784669,419784678,419784684,419784676,419787982,0,419787984,419787987,419787991,1,1,9,18,6,-2,3306,-419787982,419787984,3,4,18,3333
2320,419861811,419861812,419861814,419861817,419861822,419861838,419861825,419865126,0,419865129,419865132,419865136,1,2,3,8,16,3,3301,-419865126,419865129,3,4,14,3325
2321,420033448,420033449,420033451,420033458,420033470,420033482,420033466,420036936,0,420036939,420036943,420036947,1,2,7,19,12,-4,3470,-420036936,420036939,4,4,18,3499
2322,420101740,420101743,420101744,420101749,420101757,420101764,420101755,420105254,0,420105257,420105260,420105264,3,1,5,13,7,-2,3499,-420105254,420105257,3,4,15,3524
2323,422172562,422172563,422172565,422172572,422172579,422172590,422172581,422175983,0,422175985,422175989,422175994,1,2,7,14,11,2,3402,-422175983,422175985,4,5,19,3432
2324,422204770,422204772,422204774,422204778,422204786,422204795,422204785,422208293,0,422208296,422208299,422208303,2,2,4,12,9,-1,3508,-422208293,422208296,3,4,15,3533
2325,422228745,422228746,422228748,422228752,422228759,422228765,422228759,422232264,0,422232267,422232269,422232274,1,2,4,11,6,0,3505,-422232264,422232267,2,5,14,3529
2326,422290753,422290754,422290756,422290760,422290767,422290767,422290767,422294170,0,422294172,422294174,422294179,1,2,4,11,0,0,3403,-422294170,422294172,2,5,14,3426
2327,422425865,422425866,422425868,422425872,422425879,422425880,422425880,422429287,0,422429289,422429291,422429296,1,2,4,11,1,1,3407,-422429287,422429289,2,5,15,3431
2328,422441816,422441817,422441819,422441822,422441829,422441846,422441832,422445198,0,422445200,422445203,422445207,1,2,3,10,17,3,3366,-422445198,422445200,3,4,16,3391
2329,422449846,422449846,422449848,422449852,422449858,422449868,422449859,422453105,0,422453107,422453109,422453114,0,2,4,10,10,1,3246,-422453105,422453107,2,5,13,3268
2330,422782813,422782814,422782816,422782820,422782827,422782835,422782828,422786108,0,422786111,422786115,422786120,1,2,4,11,8,1,3280,-422786108,422786111,4,5,15,3307
2331,422815835,422815836,422815838,422815844,422815850,422815857,422815851,422819028,0,422819030,422819032,422819037,1,2,6,12,7,1,3177,-422819028,422819030,2,5,16,3202
2332,425385863,425385864,425385866,425385875,425385885,425385896,425385884,425389238,0,425389241,425389244,425389247,1,2,9,19,11,-1,3354,-425389238,425389241,3,3,21,3384
2333,425477329,425477330,425477332,425477336,425477343,425477352,425477346,425480437,0,425480440,425480442,425480447,1,2,4,11,9,3,3091,-425480437,425480440,2,5,17,3118
2334,425561365,425561366,425561368,425561373,425561380,425561387,425561381,425564611,0,425564614,425564617,425564622,1,2,5,12,7,1,3230,-425564611,425564614,3,5,16,3257
2335,425578317,425578318,425578320,425578324,425578330,425578336,425578330,425581579,0,425581581,425581583,425581588,1,2,4,10,6,0,3249,-425581579,425581581,2,5,13,3271
2336,427263085,427263086,427263088,427263093,427263101,427263102,427263101,427266570,0,427266572,427266576,427266581,1,2,5,13,1,0,3469,-427266570,427266572,4,5,16,3496
2337,432012940,432012942,432012944,432012955,432012970,432012972,432012965,432016595,0,432016598,432016601,432016606,2,2,11,26,2,-5,3630,-432016595,432016598,3,5,25,3666
2338,432244722,432244723,432244725,432244731,432244739,432244740,432244739,432247626,0,432247629,432247633,432247637,1,2,6,14,1,0,2887,-432247626,432247629,4,4,17,2915
2339,432744648,432744649,432744651,432744655,432744660,432744670,432744662,432747964,0,432747968,432747970,432747975,1,2,4,9,10,2,3302,-432747964,432747968,2,5,14,3327
2340,433236690,433236691,433236693,433236699,433236709,433236717,433236707,433240230,0,433240232,433240236,433240240,1,2,6,16,8,-2,3523,-433240230,433240232,4,4,17,3550
2341,437168232,437168235,437168237,437168246,437168258,437168260,437168255,437171893,0,437171896,437171900,437171905,3,2,9,21,2,-3,3638,-437171893,437171896,4,5,23,3673
2342,437390249,437390250,437390252,437390256,437390264,437390274,437390265,437393574,0,437393576,437393579,437393583,1,2,4,12,10,1,3309,-437393574,437393576,3,4,16,3334
2343,440384640,440384641,440384643,440384653,440384663,440384665,440384662,440387214,0,440387217,440387221,440387225,1,2,10,20,2,-1,2552,-440387214,440387217,4,4,22,2585
2344,440401681,440401682,440401684,440401687,440401692,440401703,440401694,440403990,0,440403993,440403996,440404000,1,2,3,8,11,2,2296,-440403990,440403993,3,4,13,2319
2345,440948111,440948111,440948114,440948119,440948124,440948135,440948126,440950502,0,440950505,440950507,440950512,0,3,5,10,11,2,2376,-440950502,440950505,2,5,15,2401
2346,443708839,443708840,443708842,443708848,443708856,443708865,443708856,443711378,0,443711380,443711384,443711392,1,2,6,14,9,0,2522,-443711378,443711380,4,8,17,2553
2347,446238437,446238438,446238441,446238446,446238453,446238465,446238455,446240848,0,446240851,446240854,446240859,1,3,5,12,12,2,2393,-446240848,446240851,3,5,18,2422
2348,447995212,447995217,447995219,447995228,447995237,447995246,447995236,447998570,0,447998573,447998576,447998580,5,2,9,18,9,-1,3334,-447998570,447998573,3,4,24,3368
2349,450533536,450533537,450533539,450533548,450533557,450533569,450533559,450536915,0,450536918,450536922,450536926,1,2,9,18,12,2,3356,-450536915,450536918,4,4,23,3390
2350,450533571,450533573,450533574,450533578,450533582,450533591,450533584,450536959,0,450536961,450536964,450536968,2,1,4,8,9,2,3375,-450536959,450536961,3,4,13,3397
2351,450666674,450666677,450666679,450666684,450666690,450666697,450666691,450669041,0,450669043,450669046,450669050,3,2,5,11,7,1,2350,-450669041,450669043,3,4,17,2376
2352,455610953,455610954,455610956,455610968,455610980,455610982,455610977,455613406,0,455613409,455613414,455613418,1,2,12,24,2,-3,2429,-455613406,455613409,5,4,24,2465
2353,456670202,456670203,456670205,456670212,456670219,456670230,456670221,456672891,0,456672894,456672898,456672903,1,2,7,14,11,2,2670,-456672891,456672894,4,5,19,2701
2354,458311743,458311744,458311746,458311751,458311758,458311770,458311761,458314310,0,458314313,458314316,458314320,1,2,5,12,12,3,2549,-458314310,458314313,3,4,18,2577
2355,459145999,459146000,459146002,459146010,459146023,459146024,459146017,459149404,0,459149407,459149410,459149415,1,2,8,21,1,-6,3387,-459149404,459149407,3,5,18,3416
2356,459150747,459150748,459150750,459150753,459150759,459150767,459150759,459154003,0,459154005,459154008,459154012,1,2,3,9,8,0,3244,-459154003,459154005,3,4,12,3265
2357,461411147,461411150,461411152,461411163,461411174,461411175,461411171,461414454,0,461414457,461414460,461414464,3,2,11,22,1,-3,3283,-461414454,461414457,3,4,24,3317
2358,465528236,465528238,465528240,465528250,465528260,465528262,465528259,465531301,0,465531304,465531307,465531312,2,2,10,20,2,-1,3042,-465531301,465531304,3,5,23,3076
2359,465548139,465548140,465548142,465548145,465548150,465548159,465548152,465550850,0,465550853,465550856,465550860,1,2,3,8,9,2,2698,-465550850,465550853,3,4,13,2721
2360,470596416,470596417,470596419,470596429,470596440,470596450,470596439,470598905,0,470598908,470598912,470598916,1,2,10,21,10,-1,2466,-470598905,470598908,4,4,23,2500
2361,470596429,470596430,470596442,470596445,470596449,470596461,470596456,470598954,0,470598956,470598958,470598962,1,12,3,7,12,7,2498,-470598954,470598956,2,4,27,2533
2362,471755231,471755234,471755236,471755245,471755253,471755263,471755253,471758268,0,471758271,471758274,471758278,3,2,9,17,10,0,3015,-471758268,471758271,3,4,22,3047
2363,471773391,471773392,471773394,471773398,471773402,471773420,471773406,471775847,0,471775850,471775852,471775857,1,2,4,8,18,4,2441,-471775847,471775850,2,5,15,2466
2364,471775928,471775929,471775932,471775935,471775940,471775957,471775947,471778324,0,471778327,471778330,471778335,1,3,3,8,17,7,2377,-471778324,471778327,3,5,19,2407
2365,473197410,473197411,473197413,473197419,473197426,473197435,473197427,473200267,0,473200270,473200272,473200276,1,2,6,13,9,1,2840,-473200267,473200270,2,4,17,2866
2366,473221386,473221389,473221391,473221394,473221399,473221416,473221401,473223809,0,473223812,473223815,473223819,3,2,3,8,17,2,2408,-473223809,473223812,3,4,15,2433
2367,480234349,480234353,480234356,480234372,480234395,480234398,480234385,480237882,0,480237885,480237889,480237893,4,3,16,39,3,-10,3497,-480237882,480237885,4,4,36,3544
2368,484548468,484548471,484548473,484548486,484548501,484548503,484548495,484552022,0,484552025,484552029,484552033,3,2,13,28,2,-6,3527,-484552022,484552025,4,4,27,3565
2369,489039338,489039341,489039343,489039357,489039375,489039377,489039368,489042933,0,489042936,489042939,489042943,3,2,14,32,2,-7,3565,-489042933,489042936,3,4,30,3605
2370,490773717,490773720,490773722,490773729,490773737,490773738,490773737,490776254,0,490776258,490776261,490776265,3,2,7,15,1,0,2517,-490776254,490776258,3,4,20,2548
2371,491410096,491410097,491410098,491410104,491410109,491410118,491410111,491412522,0,491412526,491412528,491412532,1,1,6,11,9,2,2411,-491412522,491412526,2,4,15,2436
2372,493938576,493938577,493938580,493938588,493938595,493938609,493938597,493941141,0,493941144,493941146,493941150,1,3,8,15,14,2,2544,-493941141,493941144,2,4,21,2574
2373,496484642,496484643,496484645,496484653,496484660,496484673,496484662,496487175,0,496487178,496487181,496487186,1,2,8,15,13,2,2513,-496487175,496487178,3,5,20,2544
2374,499918455,499918456,499918458,499918467,499918476,499918477,499918476,499922113,0,499922116,499922119,499922123,1,2,9,18,1,0,3637,-499922113,499922116,3,4,21,3668
2375,500586405,500586406,500586407,500586416,500586427,500586434,500586423,500589969,0,500589973,500589976,500589980,1,1,9,20,7,-4,3546,-500589969,500589973,3,4,18,3575
2376,501357638,501357639,501357641,501357646,501357654,501357666,501357654,501361344,0,501361348,501361351,501361354,1,2,5,13,12,0,3690,-501361344,501361348,3,3,16,3716
2377,501357669,501357670,501357672,501357674,501357680,501357693,501357681,501361483,0,501361485,501361487,501361492,1,2,2,8,13,1,3802,-501361483,501361485,2,5,12,3823
2378,502908152,502908154,502908156,502908162,502908170,502908182,502908172,502911624,0,502911628,502911630,502911634,2,2,6,14,12,2,3452,-502911624,502911628,2,4,20,3482
2379,502908227,502908228,502908230,502908233,502908238,502908246,502908237,502911823,0,502911825,502911827,502911835,1,2,3,8,8,-1,3586,-502911823,502911825,2,8,10,3608
2380,503734589,503734590,503734592,503734602,503734612,503734619,503734610,503737985,0,503737989,503737992,503737995,1,2,10,20,7,-2,3375,-503737985,503737989,3,3,21,3406
2381,503835269,503835270,503835272,503835277,503835284,503835302,503835286,503838806,0,503838809,503838812,503838817,1,2,5,12,18,2,3520,-503838806,503838809,3,5,17,3548
2382,503835274,503835275,503835290,503835292,503835296,503835302,503835315,503838955,0,503838956,503838958,503838963,1,15,2,6,6,19,3640,-503838955,503838956,2,5,41,3689
2383,509507916,509507917,509507919,509507931,509507949,509507952,509507942,509511342,0,509511345,509511350,509511355,1,2,12,30,3,-7,3400,-509511342,509511345,5,5,26,3439
2384,509989180,509989182,509989184,509989192,509989204,509989206,509989201,509992533,0,509992536,509992539,509992543,2,2,8,20,2,-3,3332,-509992533,509992536,3,4,21,3363
2385,510006243,510006244,510006246,510006250,510006256,510006263,510006257,510009679,0,510009682,510009684,510009689,1,2,4,10,7,1,3422,-510009679,510009682,2,5,14,3446
2386,512164612,512164613,512164615,512164623,512164633,512164642,512164632,512167995,0,512167998,512168001,512168005,1,2,8,18,9,-1,3363,-512167995,512167998,3,4,20,3393
2387,512507878,512507879,512507881,512507885,512507893,512507903,512507893,512511247,0,512511250,512511254,512511259,1,2,4,12,10,0,3354,-512511247,512511250,4,5,15,3381
2388,512569380,512569381,512569383,512569392,512569399,512569411,512569401,512571983,0,512571985,512571988,512571992,1,2,9,16,12,2,2582,-512571983,512571985,3,4,21,2612
2389,512570856,512570862,512570864,512570867,512570871,512570886,512570873,512573775,0,512573778,512573780,512573784,6,2,3,7,15,2,2902,-512573775,512573778,2,4,17,2928
2390,512575080,512575081,512575083,512575086,512575090,512575101,512575092,512577411,0,512577413,512577417,512577421,1,2,3,7,11,2,2319,-512577411,512577413,4,4,12,2341
2391,512585915,512585916,512585918,512585921,512585925,512585942,512585928,512588750,0,512588753,512588756,512588761,1,2,3,7,17,3,2822,-512588750,512588753,3,5,13,2846
2392,512592010,512592013,512592015,512592017,512592021,512592037,512592024,512594184,0,512594186,512594189,512594193,3,2,2,6,16,3,2160,-512594184,512594186,3,4,14,2183
2393,517157641,517157643,517157645,517157663,517157684,517157686,517157676,517161093,0,517161097,517161101,517161105,2,2,18,39,2,-8,3417,-517161093,517161097,4,4,35,3464
2394,518593716,518593718,518593719,518593728,518593737,518593744,518593737,518597159,0,518597163,518597166,518597170,2,1,9,18,7,0,3422,-518597159,518597163,3,4,21,3454
2395,521985539,521985542,521985544,521985554,521985564,521985575,521985564,521987843,0,521987846,521987849,521987854,3,2,10,20,11,0,2279,-521987843,521987846,3,5,25,2315
2396,522401178,522401181,522401183,522401187,522401192,522401203,522401194,522403727,0,522403730,522403732,522403737,3,2,4,9,11,2,2533,-522403727,522403730,2,5,16,2559
2397,525226790,525226791,525226793,525226801,525226810,525226811,525226810,525230101,0,525230104,525230106,525230111,1,2,8,17,1,0,3291,-525230101,525230104,2,5,20,3321
2398,526387688,526387689,526387691,526387701,526387714,526387716,526387709,526391260,0,526391262,526391268,526391273,1,2,10,23,2,-5,3551,-526391260,526391262,6,5,21,3585
2399,526852586,526852587,526852589,526852596,526852605,526852606,526852603,526855928,0,526855931,526855933,526855937,1,2,7,16,1,-2,3325,-526855928,526855931,2,4,17,3351
2400,535457854,535457855,535457857,535457873,535457890,535457893,535457885,535460313,0,535460316,535460321,535460325,1,2,16,33,3,-5,2428,-535460313,535460316,5,4,31,2471
2401,535716287,535716290,535716290,535716294,535716299,535716308,535716301,535718753,0,535718756,535718759,535718764,3,0,4,9,9,2,2452,-535718753,535718756,3,5,14,2477
2402,536213019,536213020,536213022,536213027,536213033,536213042,536213034,536215691,0,536215694,536215698,536215703,1,2,5,11,9,1,2657,-536215691,536215694,4,5,15,2684
2403,542677637,542677640,542677642,542677657,542677679,542677681,542677668,542681245,0,542681249,542681253,542681257,3,2,15,37,2,-11,3577,-542681245,542681249,4,4,31,3620
2404,542880476,542880479,542880481,542880489,542880498,542880499,542880497,542883839,0,542883841,542883844,542883848,3,2,8,17,1,-1,3342,-542883839,542883841,3,4,21,3372
2405,546659390,546659391,546659394,546659405,546659422,546659425,546659415,546662923,0,546662926,546662931,546662936,1,3,11,28,3,-7,3508,-546662923,546662926,5,5,25,3546
2406,561950610,561950612,561950614,561950631,561950648,561950668,561950648,561953157,0,561953161,561953165,561953169,2,2,17,34,20,0,2509,-561953157,561953161,4,4,38,2559
2407,565860612,565860615,565860617,565860633,565860652,565860654,565860644,565864007,0,565864010,565864013,565864018,3,2,16,35,2,-8,3363,-565864007,565864010,3,5,32,3406
2408,567686526,567686527,567686529,567686540,567686552,567686554,567686549,567690060,0,567690063,567690066,567690071,1,2,11,23,2,-3,3511,-567690060,567690063,3,5,23,3545
2409,567686551,567686552,567686554,567686557,567686561,567686571,567686562,567690109,0,567690111,567690113,567690117,1,2,3,7,10,1,3547,-567690109,567690111,2,4,11,3566
2410,574328657,574328660,574328662,574328679,574328701,574328702,574328691,574332263,0,574332266,574332270,574332275,3,2,17,39,1,-10,3572,-574332263,574332266,4,5,34,3618
2411,574352646,574352648,574352650,574352654,574352660,574352670,574352661,574356215,0,574356217,574356219,574356224,2,2,4,10,10,1,3554,-574356215,574356217,2,5,15,3578
2412,574496652,574496653,574496655,574496659,574496665,574496676,574496666,574500241,0,574500243,574500246,574500250,1,2,4,10,11,1,3575,-574500241,574500243,3,4,14,3598
2413,579991179,579991180,579991182,579991196,579991211,579991213,579991208,579993490,0,579993493,579993497,579993501,1,2,14,29,2,-3,2282,-579993490,579993493,4,4,29,2322
2414,581193902,581193903,581193905,581193913,581193925,581193932,581193921,581197165,0,581197168,581197171,581197175,1,2,8,20,7,-4,3244,-581197165,581197168,3,4,19,3273
2415,581217876,581217877,581217879,581217883,581217890,581217900,581217891,581221067,0,581221069,581221072,581221076,1,2,4,11,10,1,3176,-581221067,581221069,3,4,15,3200
2416,581217881,581217882,581217895,581217897,581217903,581217928,581217917,581221176,0,581221178,581221180,581221184,1,13,2,8,25,14,3259,-581221176,581221178,2,4,36,3303
2417,581241874,581241875,581241877,581241881,581241887,581241897,581241888,581245079,0,581245082,581245084,581245089,1,2,4,10,10,1,3191,-581245079,581245082,2,5,14,3215
2418,581241879,581241880,581241892,581241894,581241899,581241923,581241911,581245213,0,581245215,581245217,581245221,1,12,2,7,24,12,3302,-581245213,581245215,2,4,32,3342
2419,581265884,581265885,581265887,581265891,581265897,581265908,581265899,581268942,0,581268945,581268947,581268951,1,2,4,10,11,2,3043,-581268942,581268945,2,4,15,3067
2420,583832159,583832159,583832161,583832169,583832177,583832179,583832178,583834507,0,583834511,583834514,583834518,0,2,8,16,2,1,2329,-583834507,583834511,3,4,19,2359
2421,583950203,583950205,583950207,583950212,583950220,583950227,583950221,583953451,0,583953454,583953456,583953461,2,2,5,13,7,1,3230,-583953451,583953454,2,5,18,3258
2422,583950213,583950214,583950227,583950229,583950234,583950255,583950240,583953584,0,583953586,583953587,583953591,1,13,2,7,21,6,3344,-583953584,583953586,1,4,27,3378
2423,586962792,586962793,586962795,586962803,586962814,586962824,586962812,586966291,0,586966294,586966297,586966302,1,2,8,19,10,-2,3479,-586966291,586966294,3,5,20,3510
2424,587541945,587541948,587541950,587541957,587541965,587541976,587541964,587545236,0,587545238,587545241,587545245,3,2,7,15,11,-1,3272,-587545236,587545238,3,4,19,3300
2425,587854507,587854508,587854510,587854515,587854522,587854529,587854521,587857809,0,587857812,587857814,587857818,1,2,5,12,7,-1,3288,-587857809,587857812,2,4,14,3311
2426,587854554,587854554,587854556,587854559,587854564,587854574,587854564,587857932,0,587857937,587857938,587857944,0,2,3,8,10,0,3368,-587857932,587857937,1,6,10,3390
2427,588867418,588867418,588867420,588867426,588867436,588867448,588867435,588870780,0,588870782,588870785,588870788,0,2,6,16,12,-1,3345,-588870780,588870782,3,3,17,3370
2428,588867437,588867438,588867443,588867445,588867451,588867472,588867459,588870731,0,588870734,588870736,588870740,1,5,2,8,21,8,3272,-588870731,588870734,2,4,22,3303
2429,590504489,590504490,590504492,590504498,590504507,590504519,590504506,590507721,0,590507724,590507727,590507731,1,2,6,15,12,-1,3215,-590507721,590507724,3,4,17,3242
2430,590504508,590504509,590504514,590504517,590504522,590504544,590504533,590507920,0,590507921,590507923,590507928,1,5,3,8,22,11,3387,-590507920,590507921,2,5,25,3420
2431,593519277,593519279,593519281,593519288,593519299,593519301,593519297,593522549,0,593522551,593522554,593522558,2,2,7,18,2,-2,3252,-593522549,593522551,3,4,20,3281
2432,593519288,593519290,593519307,593519309,593519315,593519322,593519329,593522836,0,593522838,593522840,593522847,2,17,2,8,7,14,3507,-593522836,593522838,2,7,41,3559
2433,594389779,594389780,594389782,594389790,594389799,594389810,594389798,594392439,0,594392441,594392446,594392449,1,2,8,17,11,-1,2641,-594392439,594392441,5,3,19,2670
2434,596451985,596451988,596451990,596451997,596452009,596452023,596452007,596455420,0,596455424,596455426,596455430,3,2,7,19,14,-2,3413,-596455420,596455424,2,4,22,3445
2435,596451997,596452000,596452018,596452020,596452026,596452048,596452035,596455827,0,596455829,596455831,596455837,3,18,2,8,22,9,3792,-596455827,596455829,2,6,38,3840
2436,596459080,596459081,596459083,596459087,596459093,596459100,596459094,596462384,0,596462387,596462392,596462396,1,2,4,10,7,1,3290,-596462384,596462387,5,4,14,3316
2437,596471018,596471021,596471022,596471026,596471032,596471043,596471033,596474425,0,596474427,596474429,596474435,3,1,4,10,11,1,3392,-596474425,596474427,2,6,15,3417
2438,596477667,596477668,596477670,596477679,596477689,596477691,596477686,596481197,0,596481199,596481202,596481207,1,2,9,19,2,-3,3511,-596481197,596481199,3,5,19,3540
2439,597593819,597593820,597593822,597593830,597593838,597593839,597593836,597596200,0,597596202,597596208,597596212,1,2,8,16,1,-2,2364,-597596200,597596202,6,4,17,2393
2440,597613078,597613079,597613081,597613084,597613089,597613099,597613091,597615998,0,597616001,597616004,597616008,1,2,3,8,10,2,2907,-597615998,597616001,3,4,13,2930
2441,599929612,599929613,599929615,599929624,599929633,599929635,599929632,599932082,0,599932084,599932088,599932092,1,2,9,18,2,-1,2450,-599932082,599932084,4,4,20,2480
2442,599933565,599933566,599933568,599933571,599933577,599933587,599933578,599935926,0,599935929,599935931,599935936,1,2,3,9,10,1,2348,-599935926,599935929,2,5,13,2371
2443,599958310,599958312,599958314,599958319,599958324,599958335,599958326,599961598,0,599961601,599961603,599961607,2,2,5,10,11,2,3272,-599961598,599961601,2,4,16,3297
2444,600257623,600257625,600257627,600257632,600257642,600257650,600257639,600261379,0,600261382,600261386,600261393,2,2,5,15,8,-3,3740,-600261379,600261382,4,7,16,3770
2445,600797591,600797592,600797594,600797600,600797609,600797616,600797608,600801068,0,600801070,600801074,600801078,1,2,6,15,7,-1,3460,-600801068,600801070,4,4,17,3487
2446,600821619,600821620,600821622,600821626,600821632,600821639,600821633,600825028,0,600825031,600825034,600825039,1,2,4,10,7,1,3395,-600825028,600825031,3,5,14,3420
2447,601311691,601311692,601311694,601311700,601311709,601311709,601311708,601315177,0,601315180,601315184,601315189,1,2,6,15,0,-1,3469,-601315177,601315180,4,5,17,3498
2448,602847479,602847479,602847481,602847487,602847494,602847501,602847495,602850706,0,602850709,602850712,602850716,0,2,6,13,7,1,3211,-602850706,602850709,3,4,16,3237
2449,607487305,607487307,607487309,607487320,607487336,607487338,607487332,607490935,0,607490938,607490942,607490946,2,2,11,27,2,-4,3603,-607490935,607490938,4,4,27,3641
2450,607487317,607487318,607487345,607487348,607487354,607487375,607487363,607491111,0,607491113,607491115,607491122,1,27,3,9,21,9,3748,-607491111,607491113,2,7,46,3805
2451,608654987,608654988,608654990,608654999,608655009,608655017,608655006,608658376,0,608658379,608658381,608658386,1,2,9,19,8,-3,3370,-608658376,608658379,2,5,19,3399
2452,609655255,609655257,609655259,609655264,609655271,609655279,609655272,609658662,0,609658665,609658667,609658671,2,2,5,12,8,1,3390,-609658662,609658665,2,4,17,3416
2453,609655283,609655284,609655286,609655289,609655294,609655305,609655293,609658755,0,609658760,609658761,609658766,1,2,3,8,11,-1,3462,-609658755,609658760,1,5,10,3483
2454,611318086,611318088,611318090,611318098,611318107,611318119,611318106,611320531,0,611320534,611320538,611320542,2,2,8,17,12,-1,2425,-611320531,611320534,4,4,20,2456
2455,611484997,611484998,611485000,611485006,611485016,611485023,611485012,611488501,0,611488503,611488506,611488510,1,2,6,16,7,-4,3489,-611488501,611488503,3,4,15,3513
2456,611508984,611508985,611508987,611508994,611509002,611509009,611509001,611512521,0,611512524,611512527,611512531,1,2,7,15,7,-1,3520,-611512521,611512524,3,4,17,3547
2457,611514153,611514154,611514156,611514159,611514165,611514176,611514167,611517585,0,611517588,611517591,611517594,1,2,3,9,11,2,3418,-611517585,611517588,3,3,14,3441
2458,611518141,611518142,611518144,611518147,611518153,611518169,611518155,611521365,0,611521368,611521370,611521374,1,2,3,9,16,2,3210,-611521365,611521368,2,4,14,3233
2459,611849432,611849433,611849435,611849441,611849447,611849456,611849448,611851733,0,611851736,611851740,611851744,1,2,6,12,9,1,2285,-611851733,611851736,4,4,16,2312
2460,613883895,613883896,613883898,613883905,613883911,613883922,613883913,613886325,0,613886328,613886331,613886336,1,2,7,13,11,2,2412,-613886325,613886328,3,5,18,2441
2461,614592992,614592993,614592995,614593001,614593010,614593012,614593008,614596782,0,614596785,614596788,614596793,1,2,6,15,2,-2,3774,-614596782,614596785,3,5,16,3801
2462,617313522,617313524,617313526,617313535,617313546,617313554,617313543,617316767,0,617316770,617316772,617316777,2,2,9,20,8,-3,3224,-617316767,617316770,2,5,21,3255
2463,617313532,617313533,617313553,617313556,617313562,617313582,617313567,617316912,0,617316916,617316918,617316923,1,20,3,9,20,5,3345,-617316912,617316916,2,5,35,3391
2464,617500614,617500616,617500618,617500624,617500631,617500637,617500631,617503605,0,617503607,617503610,617503614,2,2,6,13,6,0,2974,-617503605,617503607,3,4,17,3000
2465,617501503,617501504,617501506,617501509,617501514,617501524,617501515,617504660,0,617504662,617504664,617504668,1,2,3,8,10,1,3145,-617504660,617504662,2,4,12,3165
2466,617526887,617526888,617526890,617526895,617526903,617526911,617526905,617530299,0,617530302,617530304,617530309,1,2,5,13,8,2,3394,-617530299,617530302,2,5,18,3422
2467,619164276,619164278,619164280,619164287,619164297,619164305,619164295,619167719,0,619167722,619167725,619167729,2,2,7,17,8,-2,3424,-619167719,619167722,3,4,19,3453
2468,619461546,619461547,619461549,619461552,619461559,619461576,619461558,619464878,0,619464882,619464885,619464889,1,2,3,10,17,-1,3320,-619464878,619464882,3,4,12,3343
2469,619461561,619461562,619461564,619461566,619461572,619461576,619461585,619465134,0,619465136,619465138,619465142,1,2,2,8,4,13,3549,-619465134,619465136,2,4,24,3581
2470,622372061,622372062,622372064,622372072,622372082,622372084,622372080,622374394,0,622374397,622374401,622374405,1,2,8,18,2,-2,2314,-622374394,622374397,4,4,19,2344
2471,626694906,626694907,626694909,626694918,626694928,626694929,626694926,626697311,0,626697314,626697317,626697321,1,2,9,19,1,-2,2385,-626697311,626697314,3,4,20,2415
2472,627079695,627079699,627079702,627079708,627079715,627079722,627079715,627082171,0,627082174,627082177,627082182,4,3,6,13,7,0,2456,-627082171,627082174,3,5,20,2487
2473,627079854,627079855,627079857,627079861,627079867,627079875,627079866,627082300,0,627082302,627082305,627082310,1,2,4,10,8,-1,2434,-627082300,627082302,3,5,12,2456
2474,627082834,627082835,627082837,627082843,627082848,627082864,627082850,627086195,0,627086198,627086200,627086204,1,2,6,11,16,2,3345,-627086195,627086198,2,4,16,3370
2475,627086379,627086380,627086382,627086385,627086393,627086408,627086395,627089457,0,627089460,627089462,627089466,1,2,3,11,15,2,3062,-627089457,627089460,2,4,16,3087
2476,628028300,628028303,628028306,628028310,628028316,628028328,628028318,628031374,0,628031376,628031379,628031383,3,3,4,10,12,2,3056,-628031374,628031376,3,4,18,3083
2477,629268040,629268042,629268044,629268052,629268061,629268071,629268059,629270663,0,629270667,629270670,629270675,2,2,8,17,10,-2,2604,-629270663,629270667,3,5,19,2635
2478,629268073,629268074,629268076,629268079,629268084,629268090,629268084,629270712,0,629270714,629270717,629270721,1,2,3,8,6,0,2628,-629270712,629270714,3,4,11,2648
2479,648272734,648272737,648272739,648272755,648272773,648272775,648272771,648275719,0,648275723,648275728,648275733,3,2,16,34,2,-2,2948,-648275719,648275723,5,5,37,2999
2480,648717253,648717254,648717256,648717262,648717274,648717281,648717269,648720934,0,648720937,648720940,648720944,1,2,6,18,7,-5,3665,-648720934,648720937,3,4,16,3691
2481,654172439,654172442,654172444,654172458,654172475,654172476,654172466,654175956,0,654175959,654175962,654175967,3,2,14,31,1,-9,3490,-654175956,654175959,3,5,27,3528
2482,654365748,654365749,654365751,654365755,654365762,654365773,654365764,654369159,0,654369161,654369164,654369168,1,2,4,11,11,2,3395,-654369159,654369161,3,4,16,3420
2483,654365777,654365778,654365780,654365783,654365788,654365794,654365789,654369344,0,654369346,654369348,654369352,1,2,3,8,6,1,3555,-654369344,654369346,2,4,12,3575
2484,654365777,654365780,654365793,654365795,654365801,654365819,654365807,654369567,0,654369569,654369571,654369579,3,13,2,8,18,6,3760,-654369567,654369569,2,8,30,3802
2485,654365960,654365961,654365963,654365966,654365970,654365976,654365971,654369573,0,654369577,654369579,654369585,1,2,3,7,6,1,3602,-654369573,654369577,2,6,11,3625
2486,654369401,654369402,654369403,654369406,654369412,654369425,654369415,654373105,0,654373107,654373109,654373114,1,1,3,9,13,3,3690,-654373105,654373107,2,5,14,3713
2487,654369454,654369455,654369457,654369459,654369464,654369478,654369467,654373219,0,654373221,654373223,654373227,1,2,2,7,14,3,3752,-654373219,654373221,2,4,13,3773
2488,654418283,654418284,654418286,654418290,654418295,654418311,654418297,654421622,0,654421625,654421628,654421632,1,2,4,9,16,2,3325,-654421622,654421625,3,4,14,3349
2489,654418467,654418468,654418471,654418473,654418478,654418485,654418479,654421829,0,654421831,654421833,654421837,1,3,2,7,7,1,3350,-654421829,654421831,2,4,12,3370
2490,654421848,654421848,654421850,654421853,654421859,654421860,654421859,654425423,0,654425427,654425430,654425434,0,2,3,9,1,0,3564,-654425423,654425427,3,4,11,3586
2491,654443689,654443690,654443692,654443695,654443700,654443710,654443702,654447273,0,654447276,654447278,654447282,1,2,3,8,10,2,3571,-654447273,654447276,2,4,13,3593
2492,654443695,654443696,654443704,654443706,654443711,654443735,654443724,654447469,0,654447472,654447473,654447478,1,8,2,7,24,13,3745,-654447469,654447472,1,5,29,3783
2493,654456451,654456452,654456454,654456458,654456463,654456473,654456464,654459721,0,654459723,654459728,654459733,1,2,4,9,10,1,3257,-654459721,654459723,5,5,13,3282
2494,661576944,661576947,661576949,661576966,661576985,661576987,661576977,661580192,0,661580195,661580199,661580203,3,2,17,36,2,-8,3215,-661580192,661580195,4,4,33,3259
2495,668655782,668655786,668655788,668655805,668655827,668655830,668655817,668659066,0,668659070,668659073,668659078,4,2,17,39,3,-10,3249,-668659066,668659070,3,5,35,3296
2496,679072476,679072477,679072480,679072495,679072511,679072513,679072507,679074916,0,679074920,679074924,679074929,1,3,15,31,2,-4,2409,-679074916,679074920,4,5,31,2453
2497,679084111,679084114,679084116,679084119,679084124,679084142,679084127,679087328,0,679087331,679087333,679087338,3,2,3,8,18,3,3201,-679087328,679087331,2,5,16,3227
2498,679117615,679117616,679117618,679117621,679117625,679117642,679117628,679120039,0,679120042,679120044,679120048,1,2,3,7,17,3,2411,-679120039,679120042,2,4,13,2433
2499,682981498,682981500,682981503,682981513,682981523,682981537,682981525,682983867,0,682983870,682983873,682983878,2,3,10,20,14,2,2342,-682983867,682983870,3,5,27,2380
2500,690927654,690927655,690927657,690927673,690927689,690927691,690927685,690930978,0,690930982,690930986,690930997,1,2,16,32,2,-4,3293,-690930978,690930982,4,11,31,3343
2501,692418006,692418007,692418009,692418017,692418026,692418034,692418027,692420552,0,692420555,692420558,692420564,1,2,8,17,8,1,2525,-692420552,692420555,3,6,21,2558
2502,694115982,694115982,694115984,694115991,694115999,694116007,694116000,694118466,0,694118468,694118471,694118475,0,2,7,15,8,1,2466,-694118466,694118468,3,4,18,2493
2503,694537102,694537103,694537105,694537108,694537113,694537121,694537115,694540797,0,694540800,694540802,694540807,1,2,3,8,8,2,3682,-694540797,694540800,2,5,13,3705
2504,698302258,698302259,698302261,698302271,698302282,698302284,698302281,698304976,0,698304979,698304982,698304986,1,2,10,21,2,-1,2695,-698304976,698304979,3,4,23,2728
2505,698981208,698981209,698981211,698981216,698981223,698981231,698981224,698983633,0,698983636,698983639,698983643,1,2,5,12,8,1,2409,-698983633,698983636,3,4,16,2435
2506,701507759,701507760,701507762,701507767,701507774,701507786,701507775,701510231,0,701510234,701510236,701510241,1,2,5,12,12,1,2456,-701510231,701510234,2,5,16,2482
2507,702586870,702586870,702586872,702586878,702586884,702586895,702586885,702590029,0,702590031,702590034,702590038,0,2,6,12,11,1,3144,-702590029,702590031,3,4,15,3168
2508,708889014,708889018,708889020,708889033,708889047,708889050,708889044,708892600,0,708892604,708892607,708892612,4,2,13,27,3,-3,3556,-708892600,708892604,3,5,30,3598
2509,708889023,708889024,708889057,708889060,708889064,708889095,708889070,708892744,0,708892746,708892748,708892752,1,33,3,7,31,6,3674,-708892744,708892746,2,4,47,3729
2510,709409034,709409035,709409036,709409043,709409049,709409057,709409050,709412175,0,709412178,709412180,709412184,1,1,7,13,8,1,3125,-709412175,709412178,2,4,16,3150
2511,716130233,716130236,716130238,716130253,716130273,716130290,716130264,716133806,0,716133809,716133813,716133817,3,2,15,35,17,-9,3542,-716133806,716133809,4,4,31,3584
2512,716130244,716130245,716130283,716130286,716130292,716130315,716130302,716133973,0,716133975,716133976,716133983,1,38,3,9,23,10,3671,-716133973,716133975,1,7,58,3739
2513,716208355,716208356,716208358,716208367,716208378,716208392,716208373,716211761,0,716211764,716211768,716211772,1,2,9,20,14,-5,3388,-716211761,716211764,4,4,18,3417
2514,716461245,716461246,716461248,716461255,716461264,716461276,716461263,716464689,0,716464692,716464694,716464698,1,2,7,16,12,-1,3426,-716464689,716464692,2,4,18,3453
2515,716461255,716461256,716461270,716461273,716461279,716461313,716461287,716464871,0,716464873,716464875,716464882,1,14,3,9,34,8,3584,-716464871,716464873,2,7,32,3627
2516,716461255,716461256,716461284,716461286,716461292,716461313,716461295,716464876,0,716464880,716464882,716464888,1,28,2,8,21,3,3581,-716464876,716464880,2,6,40,3633
2517,716485234,716485235,716485237,716485241,716485247,716485257,716485248,716488700,0,716488702,716488705,716488709,1,2,4,10,10,1,3452,-716488700,716488702,3,4,14,3475
2518,716485239,716485240,716485252,716485255,716485260,716485294,716485272,716488849,0,716488851,716488853,716488857,1,12,3,8,34,12,3577,-716488849,716488851,2,4,33,3618
2519,716485261,716485264,716485268,716485271,716485276,716485294,716485278,716488940,0,716488941,716488943,716488949,3,4,3,8,18,2,3662,-716488940,716488941,2,6,17,3688
2520,720526631,720526633,720526635,720526649,720526666,720526669,720526660,720530103,0,720530106,720530109,720530113,2,2,14,31,3,-6,3443,-720530103,720530106,3,4,29,3482
2521,721091390,721091391,721091393,721091398,721091406,721091418,721091406,721094808,0,721094810,721094813,721094817,1,2,5,13,12,0,3402,-721094808,721094810,3,4,16,3427
2522,729197586,729197589,729197591,729197607,729197623,729197625,729197619,729199888,0,729199891,729199895,729199899,3,2,16,32,2,-4,2269,-729199888,729199891,4,4,33,2313
2523,734174278,734174279,734174281,734174297,734174316,734174318,734174307,734177796,0,734177799,734177803,734177807,1,2,16,35,2,-9,3489,-734177796,734177799,4,4,29,3529
2524,734581849,734581850,734581852,734581860,734581869,734581876,734581867,734585353,0,734585356,734585359,734585362,1,2,8,17,7,-2,3486,-734585353,734585356,3,3,18,3513
2525,734581860,734581860,734581877,734581880,734581885,734581900,734581887,734585770,0,734585772,734585774,734585780,0,17,3,8,15,2,3883,-734585770,734585772,2,6,27,3920
2526,734592455,734592456,734592458,734592463,734592469,734592476,734592469,734595756,0,734595759,734595761,734595765,1,2,5,11,7,0,3287,-734595756,734595759,2,4,14,3310
2527,734605837,734605838,734605840,734605844,734605850,734605851,734605850,734609263,0,734609266,734609269,734609274,1,2,4,10,1,0,3413,-734609263,734609266,3,5,13,3437
2528,734653830,734653832,734653834,734653838,734653845,734653852,734653844,734657058,0,734657062,734657065,734657068,2,2,4,11,7,-1,3214,-734657058,734657062,3,3,14,3238
2529,740087335,740087336,740087338,740087353,740087372,740087374,740087364,740090842,0,740090845,740090850,740090855,1,2,15,34,2,-8,3478,-740090842,740090845,5,5,29,3520
2530,740143011,740143014,740143016,740143023,740143031,740143039,740143031,740146177,0,740146179,740146182,740146186,3,2,7,15,8,0,3146,-740146177,740146179,3,4,20,3175
2531,740209973,740209974,740209976,740209980,740209988,740209997,740209987,740213371,0,740213373,740213376,740213380,1,2,4,12,9,-1,3384,-740213371,740213373,3,4,14,3407
2532,740217696,740217697,740217699,740217703,740217709,740217718,740217709,740220917,0,740220921,740220923,740220927,1,2,4,10,9,0,3208,-740220917,740220921,2,4,13,3231
2533,740334855,740334856,740334858,740334864,740334871,740334878,740334872,740337866,0,740337869,740337871,740337875,1,2,6,13,7,1,2994,-740337866,740337869,2,4,17,3020
2534,740595014,740595015,740595017,740595021,740595026,740595044,740595030,740597542,0,740597545,740597547,740597551,1,2,4,9,18,4,2512,-740597542,740597545,2,4,16,2537
2535,746208684,746208686,746208688,746208700,746208713,746208715,746208710,746211097,0,746211099,746211104,746211109,2,2,12,25,2,-3,2387,-746211097,746211099,5,5,26,2425
2536,752005593,752005596,752005598,752005614,752005635,752005637,752005625,752009151,0,752009155,752009158,752009163,3,2,16,37,2,-10,3526,-752009151,752009155,3,5,32,3570
2537,752240176,752240177,752240179,752240187,752240195,752240207,752240195,752243356,0,752243359,752243362,752243367,1,2,8,16,12,0,3161,-752243356,752243359,3,5,19,3191
2538,752709670,752709671,752709673,752709677,752709683,752709694,752709686,752712369,0,752712372,752712374,752712379,1,2,4,10,11,3,2683,-752712369,752712372,2,5,16,2709
2539,754748678,754748679,754748681,754748687,754748695,754748696,754748695,754751176,0,754751179,754751182,754751187,1,2,6,14,1,0,2481,-754751176,754751179,3,5,17,2509
2540,755319261,755319262,755319264,755319272,755319281,755319283,755319280,755321614,0,755321617,755321620,755321624,1,2,8,17,2,-1,2334,-755321614,755321617,3,4,19,2363
2541,755319266,755319267,755319284,755319286,755319290,755319304,755319300,755321661,0,755321663,755321665,755321669,1,17,2,6,14,10,2361,-755321661,755321663,2,4,34,2403
2542,764290978,764290981,764290983,764290998,764291015,764291017,764291010,764293865,0,764293868,764293873,764293878,3,2,15,32,2,-5,2855,-764293865,764293868,5,5,32,2900
2543,766526015,766526016,766526018,766526030,766526041,766526044,766526039,766528379,0,766528381,766528385,766528393,1,2,12,23,3,-2,2340,-766528379,766528381,4,8,24,2378
2544,769278054,769278055,769278058,769278070,769278081,769278097,769278085,769281162,0,769281165,769281169,769281174,1,3,12,23,16,4,3077,-769281162,769281165,4,5,31,3120
2545,769278058,769278059,769278084,769278090,769278096,769278124,769278105,769281209,0,769281211,769281214,769281218,1,25,6,12,28,9,3104,-769281209,769281211,3,4,47,3160
2546,769278066,769278067,769278099,769278103,769278108,769278120,769278108,769281331,0,769281334,769281337,769281343,1,32,4,9,12,0,3223,-769281331,769281334,3,6,42,3277
2547,769278069,769278071,769278109,769278115,769278119,769278153,769278133,769281335,0,769281337,769281339,769281346,2,38,6,10,34,14,3202,-769281335,769281337,2,7,64,3277
2548,769278073,769278073,769278121,769278125,769278131,769278149,769278136,769281337,0,769281339,769281342,769281348,0,48,4,10,18,5,3201,-769281337,769281339,3,6,63,3275
2549,769281256,769281257,769281259,769281264,769281270,769281280,769281269,769283721,0,769283723,769283726,769283730,1,2,5,11,10,-1,2452,-769283721,769283723,3,4,13,2474
2550,769281263,769281264,769281272,769281274,769281278,769281292,769281288,769283774,0,769283776,769283778,769283783,1,8,2,6,14,10,2486,-769283774,769283776,2,5,25,2520
2551,770363067,770363068,770363070,770363078,770363085,770363088,770363086,770366559,0,770366562,770366566,770366569,1,2,8,15,3,1,3473,-770366559,770366562,4,3,19,3502
2552,772819408,772819412,772819414,772819420,772819428,772819437,772819429,772821923,0,772821926,772821929,772821933,4,2,6,14,9,1,2494,-772821923,772821926,3,4,21,2525
2553,772869775,772869776,772869778,772869782,772869786,772869795,772869789,772873078,0,772873080,772873085,772873088,1,2,4,8,9,3,3289,-772873078,772873080,5,3,14,3313
2554,776775105,776775106,776775109,776775118,776775128,776775144,776775128,776777393,0,776777395,776777399,776777403,1,3,9,19,16,0,2265,-776777393,776777395,4,4,23,2298
2555,776775643,776775644,776775646,776775649,776775653,776775670,776775656,776777905,0,776777908,776777910,776777914,1,2,3,7,17,3,2249,-776777905,776777908,2,4,13,2271
2556,776831787,776831788,776831790,776831794,776831798,776831812,776831800,776834206,0,776834208,776834211,776834215,1,2,4,8,14,2,2406,-776834206,776834208,3,4,13,2428
2557,780006319,780006322,780006324,780006334,780006345,780006347,780006344,780009780,0,780009783,780009787,780009792,3,2,10,21,2,-1,3436,-780009780,780009783,4,5,25,3473
2558,780006329,780006329,780006355,780006357,780006361,780006384,780006372,780009930,0,780009932,780009934,780009938,0,26,2,6,23,11,3558,-780009930,780009932,2,4,43,3609
2559,780107548,780107548,780107550,780107554,780107560,780107580,780107563,780110841,0,780110844,780110846,780110851,0,2,4,10,20,3,3278,-780110841,780110844,2,5,15,3303
2560,780107552,780107556,780107565,780107567,780107571,780107580,780107592,780111001,0,780111003,780111005,780111010,4,9,2,6,9,21,3409,-780111001,780111003,2,5,40,3458
2561,780107584,780107587,780107591,780107594,780107598,780107620,780107599,780111118,0,780111119,780111121,780111127,3,4,3,7,22,1,3519,-780111118,780111119,2,6,15,3543
2562,780107584,780107587,780107602,780107604,780107608,780107620,780107631,780111123,0,780111125,780111126,780111133,3,15,2,6,12,23,3492,-780111123,780111125,1,7,47,3549
2563,781217899,781217901,781217903,781217910,781217919,781217931,781217918,781220317,0,781220319,781220323,781220327,2,2,7,16,12,-1,2399,-781220317,781220319,4,4,19,2428
2564,788995193,788995196,788995198,788995216,788995239,788995241,788995229,788998545,0,788998549,788998553,788998557,3,2,18,41,2,-10,3316,-788998545,788998549,4,4,36,3364
2565,799673685,799673686,799673688,799673706,799673730,799673732,799673718,799677150,0,799677153,799677159,799677163,1,2,18,42,2,-12,3432,-799677150,799677153,6,4,33,3478
2566,799680479,799680480,799680482,799680486,799680493,799680502,799680492,799683804,0,799683806,799683809,799683813,1,2,4,11,9,-1,3312,-799683804,799683806,3,4,13,3334
2567,799685115,799685116,799685118,799685121,799685127,799685135,799685128,799688396,0,799688398,799688401,799688404,1,2,3,9,8,1,3268,-799688396,799688398,3,3,13,3289
2568,799690464,799690465,799690467,799690470,799690476,799690485,799690477,799693739,0,799693742,799693745,799693749,1,2,3,9,9,1,3262,-799693739,799693742,3,4,13,3285
2569,799696187,799696188,799696190,799696193,799696199,799696208,799696200,799699395,0,799699398,799699400,799699405,1,2,3,9,9,1,3195,-799699395,799699398,2,5,13,3218
2570,799701631,799701632,799701634,799701637,799701643,799701652,799701644,799704915,0,799704918,799704921,799704925,1,2,3,9,9,1,3271,-799704915,799704918,3,4,13,3294
2571,799939588,799939589,799939591,799939595,799939601,799939602,799939601,799942934,0,799942937,799942939,799942943,1,2,4,10,1,0,3333,-799942934,799942937,2,4,13,3355
2572,805165622,805165625,805165627,805165641,805165655,805165657,805165651,805167888,0,805167891,805167895,805167900,3,2,14,28,2,-4,2237,-805167888,805167891,4,5,29,2278
2573,820495875,820495876,820495878,820495895,820495913,820495916,820495909,820498333,0,820498337,820498342,820498347,1,2,17,35,3,-4,2424,-820498333,820498337,5,5,34,2472
2574,833489296,833489297,833489299,833489316,833489335,833489338,833489330,833491765,0,833491769,833491774,833491778,1,2,17,36,3,-5,2435,-833491765,833491769,5,4,34,2482
2575,833489304,833489306,833489339,833489342,833489347,833489353,833489366,833491812,0,833491814,833491816,833491820,2,33,3,8,6,19,2446,-833491812,833491814,2,4,62,2516
2576,837443748,837443752,837443754,837443770,837443790,837443792,837443780,837447287,0,837447290,837447294,837447298,4,2,16,36,2,-10,3507,-837447287,837447290,4,4,32,3550
2577,837600190,837600191,837600192,837600197,837600204,837600213,837600203,837603640,0,837603643,837603645,837603650,1,1,5,12,9,-1,3437,-837603640,837603643,2,5,13,3460
2578,837600847,837600851,837600853,837600856,837600862,837600872,837600861,837604084,0,837604086,837604088,837604092,4,2,3,9,10,-1,3223,-837604084,837604086,2,4,14,3245
2579,839776455,839776458,839776461,839776470,839776481,839776489,839776478,839779736,0,839779738,839779742,839779746,3,3,9,20,8,-3,3258,-839779736,839779738,4,4,23,3291
2580,839776469,839776470,839776490,839776492,839776497,839776519,839776504,839779922,0,839779924,839779926,839779930,1,20,2,7,22,7,3418,-839779922,839779924,2,4,35,3461
2581,839776956,839776957,839776960,839776962,839776968,839776974,839776969,839780307,0,839780309,839780311,839780314,1,3,2,8,6,1,3338,-839780307,839780309,2,3,13,3358
2582,845637413,845637414,845637416,845637430,845637448,845637449,845637441,845640756,0,845640759,845640763,845640768,1,2,14,32,1,-7,3315,-845640756,845640759,4,5,28,3355
2583,846615283,846615284,846615287,846615293,846615302,846615310,846615300,846618696,0,846618699,846618701,846618706,1,3,6,15,8,-2,3396,-846618696,846618699,2,5,17,3423
2584,846616414,846616415,846616417,846616420,846616425,846616437,846616427,846619776,0,846619778,846619780,846619784,1,2,3,8,12,2,3349,-846619776,846619778,2,4,13,3370
2585,846934918,846934919,846934921,846934925,846934932,846934939,846934932,846938483,0,846938485,846938488,846938492,1,2,4,11,7,0,3551,-846938483,846938485,3,4,14,3574
2586,846934925,846934926,846934938,846934940,846934945,846934981,846934953,846938608,0,846938610,846938612,846938616,1,12,2,7,36,8,3655,-846938608,846938610,2,4,28,3691
2587,846934943,846934944,846934950,846934952,846934957,846934981,846934960,846938677,0,846938679,846938681,846938685,1,6,2,7,24,3,3717,-846938677,846938679,2,4,17,3742
2588,849449534,849449539,849449541,849449549,849449562,849449575,849449560,849452927,0,849452929,849452932,849452936,5,2,8,21,13,-2,3367,-849452927,849452929,3,4,26,3402
2589,849449548,849449549,849449569,849449572,849449577,849449598,849449587,849453068,0,849453070,849453072,849453076,1,20,3,8,21,10,3481,-849453068,849453070,2,4,39,3528
2590,849476734,849476735,849476737,849476744,849476752,849476763,849476750,849480017,0,849480019,849480024,849480029,1,2,7,15,11,-2,3267,-849480017,849480019,5,5,16,3295
2591,849518747,849518749,849518751,849518754,849518762,849518769,849518761,849521916,0,849521919,849521921,849521925,2,2,3,11,7,-1,3155,-849521916,849521919,2,4,14,3178
2592,849522300,849522301,849522303,849522307,849522313,849522329,849522312,849525612,0,849525615,849525619,849525624,1,2,4,10,16,-1,3300,-849525612,849525615,4,5,12,3324
2593,849648998,849649000,849649002,849649006,849649012,849649018,849649012,849652275,0,849652277,849652281,849652286,2,2,4,10,6,0,3263,-849652275,849652277,4,5,14,3288
2594,849750537,849750539,849750541,849750544,849750550,849750560,849750550,849754020,0,849754023,849754027,849754032,2,2,3,9,10,0,3470,-849754020,849754023,4,5,13,3495
2595,857622443,857622444,857622447,857622463,857622484,857622487,857622476,857625814,0,857625817,857625821,857625826,1,3,16,37,3,-8,3338,-857625814,857625817,4,5,33,3383
2596,875252368,875252370,875252373,875252390,875252409,875252411,875252400,875255710,0,875255714,875255717,875255721,2,3,17,36,2,-9,3310,-875255710,875255714,3,4,32,3353
2597,875255750,875255751,875255753,875255757,875255764,875255764,875255764,875259128,0,875259130,875259132,875259137,1,2,4,11,0,0,3364,-875259128,875259130,2,5,14,3387
2598,875732025,875732026,875732028,875732037,875732046,875732053,875732045,875735578,0,875735581,875735584,875735588,1,2,9,18,7,-1,3533,-875735578,875735581,3,4,20,3563
2599,875732428,875732429,875732431,875732434,875732440,875732446,875732440,875735742,0,875735744,875735746,875735750,1,2,3,9,6,0,3302,-875735742,875735744,2,4,12,3322
2600,875745375,875745376,875745378,875745381,875745390,875745401,875745392,875748764,0,875748767,875748770,875748775,1,2,3,12,11,2,3372,-875748764,875748767,3,5,17,3400
2601,878310258,878310259,878310261,878310271,878310280,878310282,878310279,878312788,0,878312792,878312796,878312801,1,2,10,19,2,-1,2509,-878312788,878312792,4,5,21,2543
2602,879688972,879688973,879688975,879688984,879688995,879688997,879688991,879692324,0,879692327,879692330,879692335,1,2,9,20,2,-4,3333,-879692324,879692327,3,5,19,3363
2603,881525759,881525760,881525762,881525770,881525780,881525787,881525778,881530129,0,881530132,881530134,881530138,1,2,8,18,7,-2,4351,-881530129,881530132,2,4,19,4379
2604,893203070,893203071,893203073,893203088,893203106,893203108,893203098,893206526,0,893206530,893206534,893206539,1,2,15,33,2,-8,3428,-893206526,893206530,4,5,28,3469
2605,894043763,894043766,894043768,894043778,894043788,894043790,894043786,894046842,0,894046844,894046848,894046852,3,2,10,20,2,-2,3056,-894046842,894046844,4,4,23,3089
2606,899563217,899563220,899563222,899563236,899563247,899563249,899563244,899565617,0,899565621,899565624,899565628,3,2,14,25,2,-3,2373,-899565617,899565621,3,4,27,2411
2607,899566374,899566375,899566376,899566380,899566384,899566406,899566390,899569332,0,899569334,899569337,899569341,1,1,4,8,22,6,2942,-899569332,899569334,3,4,16,2967
2608,899580677,899580678,899580680,899580683,899580688,899580699,899580690,899583197,0,899583199,899583202,899583206,1,2,3,8,11,2,2507,-899583197,899583199,3,4,13,2529
2609,900179185,900179186,900179188,900179196,900179208,900179216,900179205,900182701,0,900182703,900182706,900182710,1,2,8,20,8,-3,3496,-900182701,900182703,3,4,20,3525
2610,900179197,900179198,900179215,900179218,900179222,900179260,900179230,900182648,0,900182651,900182654,900182657,1,17,3,7,38,8,3418,-900182648,900182651,3,3,33,3460
2611,900179208,900179209,900179227,900179229,900179233,900179260,900179239,900182944,0,900182946,900182948,900182955,1,18,2,6,27,6,3705,-900182944,900182946,2,7,31,3747
2612,932723572,932723573,932723575,932723595,932723620,932723623,932723609,932727150,0,932727153,932727159,932727164,1,2,20,45,3,-11,3541,-932727150,932727153,6,5,37,3592
2613,933956144,933956145,933956147,933956154,933956163,933956174,933956163,933959767,0,933959769,933959773,933959777,1,2,7,16,11,0,3604,-933959767,933959769,4,4,19,3633
2614,938016602,938016602,938016604,938016616,938016632,938016634,938016625,938020118,0,938020121,938020125,938020130,0,2,12,28,2,-7,3493,-938020118,938020121,4,5,23,3528
2615,938048798,938048799,938048801,938048805,938048812,938048822,938048813,938052149,0,938052152,938052154,938052159,1,2,4,11,10,1,3336,-938052149,938052152,2,5,15,3361
2616,942111637,942111638,942111641,942111652,942111665,942111667,942111662,942114039,0,942114041,942114046,942114051,1,3,11,24,2,-3,2377,-942114039,942114041,5,5,25,2414
2617,942111641,942111642,942111668,942111670,942111675,942111679,942111689,942114087,0,942114089,942114091,942114095,1,26,2,7,4,14,2398,-942114087,942114089,2,4,48,2454
2618,963140195,963140197,963140199,963140215,963140233,963140236,963140228,963142582,0,963142586,963142590,963142594,2,2,16,34,3,-5,2354,-963142582,963142586,4,4,33,2399
2619,967293017,967293020,967293022,967293038,967293057,967293059,967293048,967296581,0,967296584,967296589,967296593,3,2,16,35,2,-9,3533,-967296581,967296584,5,4,31,3576
2620,971090798,971090801,971090803,971090815,971090827,971090829,971090826,971093687,0,971093690,971093694,971093698,3,2,12,24,2,-1,2861,-971093687,971093690,4,4,28,2900
2621,983750223,983750225,983750227,983750245,983750270,983750274,983750258,983753612,0,983753616,983753621,983753626,2,2,18,43,4,-12,3354,-983753612,983753616,5,5,35,3403
2622,994843169,994843172,994843174,994843190,994843207,994843210,994843205,994845648,0,994845651,994845654,994845659,3,2,16,33,3,-2,2443,-994845648,994845651,3,5,36,2490
2623,994843270,994843271,994843273,994843276,994843281,994843291,994843281,994845766,0,994845768,994845770,994845774,1,2,3,8,10,0,2485,-994845766,994845768,2,4,11,2504
2624,995214048,995214049,995214051,995214055,995214061,995214072,995214062,995216571,0,995216573,995216576,995216580,1,2,4,10,11,1,2509,-995216571,995216573,3,4,14,2532
2625,2207300,2207302,2207304,2207321,2207343,2207346,2207332,2210890,0,2210893,2210899,2210904,2,2,17,39,3,-11,3558,-2210890,2210893,6,5,32,3604
2626,2748292,2748293,2748295,2748302,2748312,2748325,2748310,2751816,0,2751819,2751823,2751827,1,2,7,17,13,-2,3506,-2751816,2751819,4,4,18,3535
2627,8302538,8302541,8302543,8302561,8302577,8302579,8302574,8306033,0,8306037,8306041,8306046,3,2,18,34,2,-3,3459,-8306033,8306037,4,5,36,3508
2628,8842046,8842047,8842049,8842054,8842059,8842078,8842062,8844618,0,8844621,8844624,8844629,1,2,5,10,19,3,2556,-8844618,8844621,3,5,16,2583
2629,10755454,10755455,10755457,10755467,10755481,10755483,10755474,10758948,0,10758951,10758955,10758959,1,2,10,24,2,-7,3474,-10758948,10758951,4,4,20,3505
2630,10796564,10796565,10796567,10796571,10796578,10796587,10796578,10799866,0,10799869,10799871,10799876,1,2,4,11,9,0,3288,-10799866,10799869,2,5,14,3312
2631,10856386,10856389,10856391,10856395,10856400,10856408,10856401,10858884,0,10858886,10858889,10858893,3,2,4,9,8,1,2483,-10858884,10858886,3,4,15,2507
2632,15415930,15415931,15415933,15415944,15415959,15415961,15415953,15419403,0,15419406,15419410,15419414,1,2,11,26,2,-6,3450,-15419403,15419406,4,4,23,3484
2633,16309368,16309370,16309372,16309380,16309394,16309396,16309391,16312793,0,16312796,16312799,16312804,2,2,8,22,2,-3,3402,-16312793,16312796,3,5,23,3436
2634,17761513,17761514,17761517,17761525,17761536,17761538,17761532,17765144,0,17765146,17765150,17765154,1,3,8,19,2,-4,3612,-17765144,17765146,4,4,19,3641
2635,18543991,18543992,18543994,18544002,18544010,18544018,18544010,18546571,0,18546574,18546577,18546582,1,2,8,16,8,0,2561,-18546571,18546574,3,5,19,2591
2636,18567984,18567985,18567987,18567990,18567995,18568012,18567998,18570498,0,18570501,18570504,18570509,1,2,3,8,17,3,2500,-18570498,18570501,3,5,14,2525
2637,19639474,19639474,19639476,19639483,19639494,19639495,19639490,19643071,0,19643074,19643078,19643083,0,2,7,18,1,-4,3581,-19643071,19643074,4,5,16,3609
2638,19643889,19643889,19643891,19643895,19643902,19643911,19643901,19647288,0,19647291,19647294,19647297,0,2,4,11,9,-1,3387,-19647288,19647291,3,3,12,3408
2639,19647663,19647664,19647666,19647670,19647675,19647684,19647676,19650956,0,19650958,19650961,19650965,1,2,4,9,9,1,3280,-19650956,19650958,3,4,13,3302
2640,19760401,19760402,19760403,19760407,19760413,19760421,19760413,19763733,0,19763735,19763738,19763742,1,1,4,10,8,0,3320,-19763733,19763735,3,4,12,3341
2641,19784020,19784021,19784023,19784026,19784032,19784040,19784033,19787334,0,19787338,19787341,19787346,1,2,3,9,8,1,3301,-19787334,19787338,3,5,13,3326
2642,19828284,19828285,19828287,19828292,19828298,19828305,19828299,19831475,0,19831477,19831481,19831485,1,2,5,11,7,1,3176,-19831475,19831477,4,4,15,3201
2643,20096033,20096034,20096036,20096042,20096051,20096052,20096049,20099650,0,20099652,20099656,20099661,1,2,6,15,1,-2,3601,-20099650,20099652,4,5,16,3628
2644,20156007,20156008,20156010,20156014,20156020,20156031,20156022,20159468,0,20159471,20159473,20159478,1,2,4,10,11,2,3446,-20159468,20159471,2,5,15,3471
2645,22215947,22215950,22215952,22215959,22215969,22215977,22215968,22219429,0,22219432,22219435,22219438,3,2,7,17,8,-1,3461,-22219429,22219432,3,3,21,3491
2646,22233101,22233102,22233104,22233109,22233116,22233134,22233119,22236624,0,22236626,22236629,22236633,1,2,5,12,18,3,3505,-22236624,22236626,3,4,18,3532
2647,31709445,31709448,31709450,31709467,31709490,31709492,31709479,31712833,0,31712837,31712841,31712846,3,2,17,40,2,-11,3354,-31712833,31712837,4,5,34,3401
2648,31951435,31951436,31951438,31951443,31951451,31951461,31951450,31955004,0,31955007,31955009,31955013,1,2,5,13,10,-1,3554,-31955004,31955007,2,4,15,3578
2649,31975420,31975421,31975423,31975426,31975432,31975443,31975434,31979156,0,31979158,31979161,31979166,1,2,3,9,11,2,3722,-31979156,31979158,3,5,14,3746
2650,39951157,39951159,39951162,39951179,39951200,39951203,39951191,39954615,0,39954618,39954623,39954627,2,3,17,38,3,-9,3424,-39954615,39954618,5,4,34,3470
2651,39963726,39963727,39963729,39963733,39963740,39963750,39963741,39967069,0,39967072,39967074,39967079,1,2,4,11,10,1,3328,-39967069,39967072,2,5,15,3353
2652,40762208,40762212,40762214,40762221,40762231,40762232,40762230,40766054,0,40766057,40766060,40766065,4,2,7,17,1,-1,3824,-40766054,40766057,3,5,22,3857
2653,41067839,41067840,41067842,41067851,41067863,41067864,41067858,41071204,0,41071206,41071210,41071214,1,2,9,21,1,-5,3346,-41071204,41071206,4,4,19,3375
2654,41188682,41188686,41188688,41188692,41188700,41188707,41188699,41192215,0,41192218,41192221,41192225,4,2,4,12,7,-1,3516,-41192215,41192218,3,4,17,3543
2655,41853160,41853160,41853163,41853168,41853175,41853183,41853176,41856962,0,41856965,41856969,41856973,0,3,5,12,8,1,3786,-41856962,41856965,4,4,16,3813
2656,44015288,44015289,44015291,44015299,44015307,44015319,44015308,44017765,0,44017768,44017771,44017775,1,2,8,16,12,1,2457,-44017765,44017768,3,4,20,2487
2657,44015297,44015298,44015314,44015317,44015321,44015341,44015330,44017895,0,44017897,44017899,44017904,1,16,3,7,20,9,2565,-44017895,44017897,2,5,33,2607
2658,44016213,44016214,44016216,44016219,44016222,44016239,44016225,44018578,0,44018580,44018582,44018585,1,2,3,6,17,3,2353,-44018578,44018580,2,3,12,2372
2659,45758535,45758538,45758540,45758545,45758551,45758581,45758555,45761154,0,45761157,45761160,45761164,3,2,5,11,30,4,2599,-45761154,45761157,3,4,20,2629
2660,45758547,45758547,45758557,45758559,45758563,45758581,45758564,45761311,0,45761313,45761315,45761321,0,10,2,6,18,1,2747,-45761311,45761313,2,6,17,2774
2661,45758585,45758586,45758588,45758591,45758594,45758601,45758595,45761317,0,45761318,45761320,45761326,1,2,3,6,7,1,2722,-45761317,45761318,2,6,10,2741
2662,48966975,48966976,48966978,48966988,48966997,48967011,48966997,48969487,0,48969490,48969493,48969498,1,2,10,19,14,0,2490,-48969487,48969490,3,5,22,2523
2663,49460827,49460830,49460832,49460837,49460844,49460851,49460845,49464040,0,49464043,49464046,49464050,3,2,5,12,7,1,3195,-49464040,49464043,3,4,18,3223
2664,49460855,49460857,49460859,49460861,49460865,49460879,49460866,49464240,0,49464242,49464244,49464252,2,2,2,6,14,1,3374,-49464240,49464242,2,8,11,3397
2665,49532281,49532282,49532284,49532288,49532293,49532309,49532295,49534622,0,49534625,49534627,49534632,1,2,4,9,16,2,2327,-49534622,49534625,2,5,14,2351
2666,50401654,50401655,50401657,50401662,50401668,50401684,50401671,50404409,0,50404412,50404414,50404418,1,2,5,11,16,3,2738,-50404409,50404412,2,4,17,2764
2667,50417011,50417012,50417014,50417017,50417022,50417030,50417024,50419594,0,50419596,50419599,50419603,1,2,3,8,8,2,2570,-50419594,50419596,3,4,13,2592
2668,50418430,50418431,50418433,50418435,50418439,50418454,50418441,50420678,0,50420680,50420682,50420687,1,2,2,6,15,2,2237,-50420678,50420680,2,5,11,2257
2669,50419706,50419707,50419709,50419711,50419715,50419722,50419717,50422097,0,50422099,50422101,50422105,1,2,2,6,7,2,2380,-50422097,50422099,2,4,11,2399
2670,62394704,62394708,62394711,62394727,62394745,62394747,62394743,62398330,0,62398334,62398338,62398342,4,3,16,34,2,-2,3587,-62398330,62398334,4,4,39,3638
2671,62394712,62394713,62394757,62394759,62394763,62394769,62394781,62398512,0,62398514,62398516,62398520,1,44,2,6,6,18,3731,-62398512,62398514,2,4,69,3808
2672,62414870,62414871,62414873,62414876,62414881,62414897,62414883,62417487,0,62417490,62417492,62417497,1,2,3,8,16,2,2604,-62417487,62417490,2,5,13,2627
2673,64641055,64641056,64641058,64641066,64641074,64641076,64641075,64643602,0,64643605,64643608,64643613,1,2,8,16,2,1,2527,-64643602,64643605,3,5,20,2558
2674,65267949,65267950,65267952,65267960,65267968,65267969,65267968,65271206,0,65271208,65271212,65271217,1,2,8,16,1,0,3238,-65271206,65271208,4,5,19,3268
2675,67319776,67319777,67319779,67319786,67319794,67319807,67319797,67322263,0,67322265,67322269,67322273,1,2,7,15,13,3,2466,-67322263,67322265,4,4,21,2497
2676,68207742,68207745,68207747,68207753,68207761,68207763,68207761,68210229,0,68210231,68210235,68210239,3,2,6,14,2,0,2468,-68210229,68210231,4,4,19,2497
2677,70146918,70146919,70146921,70146927,70146933,70146954,70146936,70149428,0,70149430,70149433,70149437,1,2,6,12,21,3,2492,-70149428,70149430,3,4,18,2519
2678,70146923,70146924,70146940,70146942,70146946,70146954,70146969,70149612,0,70149614,70149616,70149622,1,16,2,6,8,23,2643,-70149612,70149614,2,6,46,2699
2679,70146983,70146985,70146986,70146989,70146992,70147002,70146994,70149618,0,70149619,70149621,70149628,2,1,3,6,10,2,2624,-70149618,70149619,2,7,11,2645
2680,70233996,70233997,70233999,70234002,70234007,70234018,70234009,70236567,0,70236569,70236572,70236576,1,2,3,8,11,2,2558,-70236567,70236569,3,4,13,2580
2681,70234033,70234034,70234036,70234038,70234042,70234050,70234043,70236737,0,70236739,70236741,70236744,1,2,2,6,8,1,2694,-70236737,70236739,2,3,10,2711
2682,70234088,70234088,70234090,70234092,70234096,70234104,70234098,70236852,0,70236854,70236855,70236860,0,2,2,6,8,2,2754,-70236852,70236854,1,5,10,2772
2683,70577449,70577450,70577452,70577456,70577462,70577470,70577464,70580114,0,70580117,70580119,70580124,1,2,4,10,8,2,2650,-70580114,70580117,2,5,15,2675
2684,72580193,72580194,72580197,72580201,72580208,72580219,72580210,72582755,0,72582758,72582760,72582765,1,3,4,11,11,2,2545,-72582755,72582758,2,5,17,2572
2685,72580223,72580224,72580226,72580229,72580233,72580247,72580235,72582911,0,72582912,72582914,72582921,1,2,3,7,14,2,2676,-72582911,72582912,2,7,12,2698
2686,73714331,73714333,73714337,73714345,73714352,73714371,73714356,73717797,0,73717800,73717802,73717806,2,4,8,15,19,4,3441,-73717797,73717800,2,4,25,3475
2687,83446114,83446117,83446120,83446135,83446152,83446154,83446147,83449204,0,83449208,83449211,83449215,3,3,15,32,2,-5,3057,-83449204,83449208,3,4,33,3101
2688,83446124,83446125,83446164,83446166,83446170,83446212,83446182,83449363,0,83449365,83449367,83449373,1,39,2,6,42,12,3181,-83449363,83449365,2,6,58,3249
2689,83446132,83446132,83446175,83446177,83446180,83446212,83446193,83449368,0,83449370,83449371,83449378,0,43,2,5,32,13,3175,-83449368,83449370,1,7,61,3246
2690,83811120,83811121,83811122,83811126,83811131,83811150,83811134,83813750,0,83813753,83813755,83813759,1,1,4,9,19,3,2616,-83813750,83813753,2,4,14,2639
2691,83811125,83811126,83811136,83811138,83811141,83811150,83811163,83813898,0,83813900,83813902,83813912,1,10,2,5,9,22,2735,-83813898,83813900,2,10,38,2787
2692,85539122,85539123,85539125,85539134,85539142,85539154,85539144,85541825,0,85541828,85541831,85541836,1,2,9,17,12,2,2681,-85541825,85541828,3,5,22,2714
2693,85539126,85539127,85539149,85539151,85539155,85539178,85539167,85541976,0,85541979,85541981,85541986,1,22,2,6,23,12,2809,-85541976,85541979,2,5,41,2860
2694,85539407,85539408,85539410,85539413,85539416,85539427,85539418,85542044,0,85542046,85542048,85542052,1,2,3,6,11,2,2626,-85542044,85542046,2,4,11,2645
2695,86777247,86777250,86777252,86777258,86777264,86777276,86777266,86779853,0,86779855,86779858,86779862,3,2,6,12,12,2,2587,-86779853,86779855,3,4,19,2615
2696,86777398,86777399,86777401,86777404,86777408,86777423,86777410,86780027,0,86780029,86780031,86780043,1,2,3,7,15,2,2617,-86780027,86780029,2,12,12,2645
2697,86777449,86777451,86777452,86777455,86777459,86777468,86777460,86780035,0,86780037,86780039,86780048,2,1,3,7,9,1,2575,-86780035,86780037,2,9,11,2599
2698,87271168,87271169,87271170,87271179,87271190,87271196,87271186,87274720,0,87274723,87274726,87274730,1,1,9,20,6,-4,3534,-87274720,87274723,3,4,18,3562
2699,87289829,87289832,87289834,87289837,87289843,87289850,87289844,87293488,0,87293492,87293494,87293499,3,2,3,9,7,1,3644,-87293488,87293492,2,5,15,3670
2700,88568099,88568101,88568103,88568110,88568117,88568126,88568118,88570594,0,88570597,88570599,88570604,2,2,7,14,9,1,2476,-88570594,88570597,2,5,19,2505
2701,88568965,88568966,88568968,88568971,88568975,88568985,88568976,88571349,0,88571351,88571353,88571357,1,2,3,7,10,1,2373,-88571349,88571351,2,4,11,2392
2702,88809269,88809270,88809272,88809277,88809283,88809290,88809284,88811798,0,88811801,88811804,88811807,1,2,5,11,7,1,2514,-88811798,88811801,3,3,15,2538
2703,88881258,88881259,88881261,88881266,88881271,88881290,88881273,88883605,0,88883608,88883610,88883614,1,2,5,10,19,2,2332,-88883605,88883608,2,4,15,2356
2704,89600486,89600488,89600490,89600496,89600507,89600508,89600504,89603993,0,89603996,89603998,89604003,2,2,6,17,1,-3,3489,-89603993,89603996,2,5,18,3517
2705,90530834,90530837,90530839,90530845,90530853,90530866,90530853,90534782,0,90534785,90534788,90534793,3,2,6,14,13,0,3929,-90534782,90534785,3,5,19,3959
2706,90530845,90530846,90530860,90530862,90530868,90530889,90530876,90534973,0,90534975,90534977,90534984,1,14,2,8,21,8,4097,-90534973,90534975,2,7,31,4139
2707,90531018,90531019,90531021,90531024,90531029,90531039,90531031,90535045,0,90535047,90535049,90535053,1,2,3,8,10,2,4014,-90535045,90535047,2,4,13,4035
2708,91703150,91703150,91703152,91703159,91703166,91703177,91703167,91705778,0,91705781,91705783,91705788,0,2,7,14,11,1,2611,-91705778,91705781,2,5,17,2638
2709,91759827,91759828,91759830,91759833,91759838,91759855,91759840,91763012,0,91763015,91763017,91763022,1,2,3,8,17,2,3172,-91763012,91763015,2,5,13,3195
2710,91850720,91850721,91850723,91850729,91850736,91850737,91850736,91853310,0,91853315,91853318,91853323,1,2,6,13,1,0,2574,-91853310,91853315,3,5,16,2603
2711,92679734,92679735,92679737,92679741,92679746,92679755,92679747,92683299,0,92683302,92683305,92683309,1,2,4,9,9,1,3552,-92683299,92683302,3,4,13,3575
2712,93525013,93525014,93525016,93525022,93525031,93525039,93525029,93528577,0,93528580,93528583,93528587,1,2,6,15,8,-2,3548,-93528577,93528580,3,4,16,3574
2713,94603398,94603399,94603401,94603407,94603414,94603421,94603414,94605981,0,94605984,94605986,94605991,1,2,6,13,7,0,2567,-94605981,94605984,2,5,16,2593
2714,94604153,94604154,94604156,94604158,94604162,94604170,94604164,94606642,0,94606644,94606646,94606651,1,2,2,6,8,2,2478,-94606642,94606644,2,5,11,2498
2715,102374396,102374397,102374399,102374413,102374428,102374430,102374425,102377583,0,102377586,102377590,102377594,1,2,14,29,2,-3,3158,-102377583,102377586,4,4,29,3198
2716,104376383,104376384,104376386,104376401,104376412,104376414,104376409,104379064,0,104379067,104379071,104379076,1,2,15,26,2,-3,2655,-104379064,104379067,4,5,26,2693
2717,104376389,104376390,104376415,104376417,104376422,104376426,104376438,104379125,0,104379127,104379129,104379134,1,25,2,7,4,16,2687,-104379125,104379127,2,5,49,2745
2718,105516907,105516911,105516913,105516921,105516934,105516935,105516930,105520613,0,105520616,105520619,105520624,4,2,8,21,1,-4,3683,-105520613,105520616,3,5,23,3717
2719,105516915,105516915,105516942,105516945,105516951,105516970,105516955,105520777,0,105520779,105520781,105520786,0,27,3,9,19,4,3822,-105520777,105520779,2,5,40,3871
2720,109684666,109684667,109684670,109684681,109684693,109684695,109684691,109687280,0,109687284,109687287,109687290,1,3,11,23,2,-2,2589,-109687280,109687284,3,3,25,2624
2721,111002671,111002672,111002674,111002682,111002689,111002696,111002690,111006177,0,111006181,111006184,111006189,1,2,8,15,7,1,3487,-111006177,111006181,3,5,19,3518
2722,124245547,124245550,124245588,124245591,124245595,124245604,124245615,124247974,0,124247976,124247979,124247983,3,38,3,7,9,20,2359,-124247974,124247976,3,4,68,2436
2723,124245548,124245549,124245551,124245567,124245585,124245587,124245580,124247926,0,124247929,124247935,124247940,1,2,16,34,2,-5,2346,-124247926,124247929,6,5,32,2392
2724,129269211,129269214,129269216,129269230,129269243,129269246,129269240,129271747,0,129271750,129271755,129271760,3,2,14,27,3,-3,2507,-129271747,129271750,5,5,29,2549
2725,129272379,129272380,129272382,129272385,129272393,129272406,129272395,129275008,0,129275011,129275013,129275018,1,2,3,11,13,2,2613,-129275008,129275011,2,5,16,2639
2726,129272610,129272611,129272613,129272615,129272620,129272634,129272622,129275155,0,129275156,129275158,129275165,1,2,2,7,14,2,2533,-129275155,129275156,2,7,12,2555
2727,129287564,129287565,129287567,129287570,129287575,129287593,129287578,129290151,0,129290153,129290157,129290162,1,2,3,8,18,3,2573,-129290151,129290153,4,5,14,2598
2728,129287597,129287598,129287600,129287603,129287606,129287616,129287608,129290279,0,129290281,129290283,129290287,1,2,3,6,10,2,2671,-129290279,129290281,2,4,11,2690
2729,130217044,130217045,130217047,130217055,130217069,130217071,130217063,130220360,0,130220363,130220367,130220371,1,2,8,22,2,-6,3297,-130220360,130220363,4,4,19,3327
2730,134537757,134537758,134537761,134537775,134537786,134537788,134537784,134540477,0,134540480,134540484,134540488,1,3,14,25,2,-2,2693,-134540477,134540480,4,4,27,2731
2731,142200135,142200139,142200141,142200155,142200170,142200173,142200171,142202621,0,142202624,142202628,142202632,4,2,14,29,3,1,2450,-142202621,142202624,4,4,36,2497
2732,142216930,142216931,142216933,142216936,142216941,142216958,142216944,142219326,0,142219329,142219332,142219336,1,2,3,8,17,3,2382,-142219326,142219329,3,4,14,2406
2733,143953806,143953807,143953809,143953819,143953833,143953840,143953828,143957376,0,143957380,143957383,143957391,1,2,10,24,7,-5,3548,-143957376,143957380,3,8,22,3585
2734,145159781,145159783,145159785,145159792,145159801,145159813,145159800,145162246,0,145162249,145162252,145162257,2,2,7,16,12,-1,2446,-145162246,145162249,3,5,19,2476
2735,153875385,153875390,153875392,153875408,153875424,153875426,153875421,153877902,0,153877906,153877910,153877915,5,2,16,32,2,-3,2481,-153877902,153877906,4,5,36,2530
2736,169211649,169211650,169211652,169211669,169211686,169211688,169211681,169214137,0,169214141,169214145,169214149,1,2,17,34,2,-5,2456,-169214137,169214141,4,4,32,2500
2737,181262376,181262379,181262381,181262402,181262426,181262428,181262415,181266015,0,181266018,181266022,181266026,3,2,21,45,2,-11,3600,-181266015,181266018,4,4,39,3650
2738,181454305,181454305,181454307,181454313,181454321,181454322,181454321,181457775,0,181457778,181457780,181457785,0,2,6,14,1,0,3454,-181457775,181457778,2,5,16,3480
2739,181723181,181723182,181723183,181723188,181723195,181723206,181723197,181726616,0,181726618,181726621,181726625,1,1,5,12,11,2,3419,-181726616,181726618,3,4,16,3444
2740,185834025,185834028,185834030,185834040,185834051,185834053,185834050,185836518,0,185836520,185836524,185836529,3,2,10,21,2,-1,2468,-185836518,185836520,4,5,25,2504
2741,193501525,193501528,193501530,193501545,193501560,193501562,193501557,193504045,0,193504048,193504052,193504056,3,2,15,30,2,-3,2488,-193504045,193504048,4,4,32,2531
2742,193721211,193721212,193721213,193721219,193721226,193721233,193721227,193723619,0,193723621,193723624,193723628,1,1,6,13,7,1,2392,-193723619,193723621,3,4,16,2417
2743,193721953,193721954,193721956,193721959,193721963,193721979,193721966,193725108,0,193725110,193725112,193725116,1,2,3,7,16,3,3142,-193725108,193725110,2,4,13,3163
2744,194166694,194166694,194166696,194166701,194166706,194166717,194166708,194170377,0,194170380,194170383,194170390,0,2,5,10,11,2,3669,-194170377,194170380,3,7,14,3696
2745,209066712,209066713,209066715,209066731,209066749,209066752,209066744,209070088,0,209070091,209070097,209070101,1,2,16,34,3,-5,3344,-209070088,209070091,6,4,32,3389
2746,211582243,211582246,211582248,211582260,211582272,211582274,211582269,211584801,0,211584804,211584808,211584813,3,2,12,24,2,-3,2532,-211584801,211584804,4,5,26,2570
2747,213695290,213695293,213695295,213695304,213695313,213695314,213695313,213698441,0,213698444,213698447,213698451,3,2,9,18,1,0,3128,-213698441,213698444,3,4,23,3161
2748,219624980,219624982,219624984,219624999,219625020,219625022,219625010,219628499,0,219628502,219628507,219628512,2,2,15,36,2,-10,3489,-219628499,219628502,5,5,30,3532
2749,226072597,226072598,226072600,226072614,226072628,226072644,226072627,226075645,0,226075649,226075654,226075658,1,2,14,28,16,-1,3018,-226075645,226075649,5,4,30,3061
2750,249906779,249906780,249906783,249906802,249906826,249906828,249906815,249910384,0,249910387,249910396,249910400,1,3,19,43,2,-11,3569,-249910384,249910387,9,4,36,3621
2751,256372714,256372715,256372717,256372736,256372759,256372762,256372748,256376232,0,256376236,256376241,256376247,1,2,19,42,3,-11,3484,-256376232,256376236,5,6,34,3533
2752,257136333,257136334,257136336,257136347,257136359,257136361,257136355,257139744,0,257139747,257139751,257139755,1,2,11,23,2,-4,3389,-257139744,257139747,4,4,22,3422
2753,257142741,257142741,257142743,257142747,257142754,257142764,257142754,257145924,0,257145926,257145929,257145933,0,2,4,11,10,0,3170,-257145924,257145926,3,4,13,3192
2754,257299778,257299778,257299780,257299785,257299793,257299801,257299790,257302929,0,257302931,257302934,257302939,0,2,5,13,8,-3,3139,-257302929,257302931,3,5,12,3161
2755,257801284,257801285,257801287,257801292,257801300,257801301,257801299,257804484,0,257804486,257804490,257804495,1,2,5,13,1,-1,3185,-257804484,257804486,4,5,15,3211
2756,264700412,264700414,264700417,264700430,264700448,264700450,264700440,264703651,0,264703654,264703658,264703662,2,3,13,31,2,-8,3211,-264703651,264703654,4,4,28,3250
2757,287399696,287399697,287399700,287399717,287399741,287399743,287399730,287403164,0,287403168,287403172,287403177,1,3,17,41,2,-11,3434,-287403164,287403168,4,5,34,3481
2758,309463404,309463405,309463407,309463426,309463450,309463452,309463438,309466870,0,309466873,309466878,309466882,1,2,19,43,2,-12,3432,-309466870,309466873,5,4,34,3478
2759,319410460,319410462,319410464,319410482,319410499,319410501,319410495,319412717,0,319412721,319412725,319412729,2,2,18,35,2,-4,2222,-319412717,319412721,4,4,35,2269
2760,319601197,319601198,319601200,319601205,319601211,319601222,319601213,319603609,0,319603612,319603614,319603618,1,2,5,11,11,2,2396,-319603609,319603612,2,4,16,2421
2761,337683317,337683320,337683322,337683341,337683363,337683366,337683354,337686853,0,337686857,337686861,337686865,3,2,19,41,3,-9,3499,-337686853,337686857,4,4,37,3548
2762,337683329,337683330,337683375,337683378,337683384,337683415,337683404,337687140,0,337687142,337687144,337687148,1,45,3,9,31,20,3736,-337687140,337687142,2,4,75,3819
2763,368609575,368609578,368609580,368609597,368609614,368609617,368609609,368612086,0,368612090,368612094,368612098,3,2,17,34,3,-5,2477,-368612086,368612090,4,4,34,2523
2764,373604647,373604648,373604650,373604664,373604677,373604680,373604675,373607903,0,373607907,373607911,373607916,1,2,14,27,3,-2,3228,-373607903,373607907,4,5,28,3269
2765,376624965,376624966,376624968,376624979,376624990,376625001,376624988,376628250,0,376628253,376628256,376628261,1,2,11,22,11,-2,3262,-376628250,376628253,3,5,23,3296
2766,383162764,383162765,383162767,383162781,383162795,383162797,383162792,383165198,0,383165202,383165205,383165210,1,2,14,28,2,-3,2406,-383165198,383165202,3,5,28,2446
2767,399854273,399854274,399854276,399854291,399854309,399854313,399854303,399856971,0,399856975,399856980,399856985,1,2,15,33,4,-6,2668,-399856971,399856975,5,5,30,2712
2768,407166562,407166565,407166567,407166582,407166599,407166601,407166593,407169004,0,407169008,407169012,407169017,3,2,15,32,2,-6,2411,-407169004,407169008,4,5,31,2455
2769,410260322,410260324,410260326,410260338,410260350,410260365,410260348,410262716,0,410262719,410262724,410262728,2,2,12,24,15,-2,2368,-410262716,410262719,5,4,26,2406
2770,417968837,417968840,417968842,417968857,417968873,417968876,417968869,417971412,0,417971415,417971419,417971424,3,2,15,31,3,-4,2543,-417971412,417971415,4,5,32,2587
2771,420867998,420868001,420868003,420868012,420868022,420868031,420868021,420871119,0,420871121,420871124,420871129,3,2,9,19,9,-1,3098,-420871119,420871121,3,5,23,3131
2772,433331256,433331257,433331259,433331275,433331292,433331295,433331287,433334788,0,433334791,433334796,433334800,1,2,16,33,3,-5,3501,-433334788,433334791,5,4,31,3544
2773,433362032,433362033,433362035,433362039,433362044,433362054,433362046,433364483,0,433364485,433364488,433364492,1,2,4,9,10,2,2437,-433364483,433364485,3,4,14,2460
2774,433366643,433366644,433366646,433366648,433366653,433366666,433366658,433368992,0,433368994,433368996,433369001,1,2,2,7,13,5,2334,-433368992,433368994,2,5,15,2358
2775,435851004,435851007,435851009,435851018,435851026,435851036,435851026,435853681,0,435853684,435853687,435853697,3,2,9,17,10,0,2655,-435853681,435853684,3,10,22,2693
2776,436259574,436259576,436259578,436259584,436259591,436259598,436259592,436261871,0,436261874,436261877,436261881,2,2,6,13,7,1,2279,-436261871,436261874,3,4,18,2307
2777,436588723,436588724,436588727,436588738,436588748,436588762,436588747,436591153,0,436591156,436591159,436591164,1,3,11,21,14,-1,2406,-436591153,436591156,3,5,24,2441
2778,436725902,436725904,436725906,436725910,436725916,436725924,436725917,436729613,0,436729615,436729618,436729622,2,2,4,10,8,1,3696,-436729613,436729615,3,4,15,3720
2779,436990327,436990328,436990330,436990334,436990339,436990357,436990343,436992839,0,436992841,436992844,436992848,1,2,4,9,18,4,2496,-436992839,436992841,3,4,16,2521
2780,442819608,442819612,442819614,442819624,442819634,442819649,442819633,442822128,0,442822131,442822134,442822139,4,2,10,20,15,-1,2495,-442822128,442822131,3,5,25,2531
2781,442851830,442851831,442851833,442851840,442851846,442851853,442851847,442854175,0,442854177,442854180,442854184,1,2,7,13,7,1,2328,-442854175,442854177,3,4,17,2354
2782,443835084,443835085,443835087,443835097,443835112,443835114,443835105,443838736,0,443838738,443838742,443838746,1,2,10,25,2,-7,3631,-443838736,443838738,4,4,21,3662
2783,444846516,444846517,444846519,444846523,444846531,444846539,444846530,444849992,0,444849995,444849997,444850001,1,2,4,12,8,-1,3462,-444849992,444849995,2,4,14,3485
2784,478164041,478164042,478164045,478164063,478164087,478164090,478164077,478167841,0,478167844,478167849,478167854,1,3,18,42,3,-10,3764,-478167841,478167844,5,5,36,3813
2785,478547275,478547275,478547277,478547282,478547289,478547299,478547288,478550768,0,478550771,478550775,478550779,0,2,5,12,10,-1,3480,-478550768,478550771,4,4,13,3504
2786,481480639,481480640,481480642,481480651,481480662,481480663,481480659,481483874,0,481483877,481483881,481483888,1,2,9,20,1,-3,3215,-481483874,481483877,4,7,20,3249
2787,484588033,484588034,484588036,484588046,484588059,484588061,484588056,484591585,0,484591587,484591591,484591595,1,2,10,23,2,-3,3529,-484591585,484591587,4,4,23,3562
2788,485154052,485154053,485154055,485154064,485154074,485154082,485154072,485157879,0,485157881,485157884,485157888,1,2,9,19,8,-2,3807,-485157879,485157881,3,4,20,3836
2789,486333088,486333091,486333093,486333098,486333108,486333109,486333106,486336722,0,486336725,486336727,486336732,3,2,5,15,1,-2,3616,-486336722,486336725,2,5,18,3644
2790,489088247,489088248,489088250,489088260,489088273,489088285,489088269,489091831,0,489091834,489091838,489091842,1,2,10,23,12,-4,3562,-489091831,489091834,4,4,22,3595
2791,493096814,493096815,493096817,493096828,493096839,493096842,493096837,493099146,0,493099149,493099154,493099158,1,2,11,22,3,-2,2309,-493099146,493099149,5,4,23,2344
2792,493096828,493096829,493096842,493096847,493096854,493096873,493096864,493099245,0,493099247,493099250,493099255,1,13,5,12,19,10,2381,-493099245,493099247,3,5,36,2427
2793,493096857,493096858,493096860,493096865,493096870,493096935,493096906,493099307,0,493099309,493099311,493099315,1,2,5,10,65,36,2401,-493099307,493099309,2,4,49,2458
2794,493096892,493096895,493096896,493096901,493096906,493096930,493096909,493099357,0,493099359,493099362,493099365,3,1,5,10,24,3,2448,-493099357,493099359,3,3,17,2473
2795,493096898,493096899,493096908,493096912,493096916,493096926,493096944,493099405,0,493099406,493099409,493099413,1,9,4,8,10,28,2461,-493099405,493099406,3,4,46,2515
2796,493099584,493099585,493099587,493099592,493099599,493099600,493099599,493101965,0,493101967,493101971,493101975,1,2,5,12,1,0,2366,-493101965,493101967,4,4,15,2391
2797,493099592,493099593,493099601,493099603,493099607,493099616,493099608,493102013,0,493102014,493102016,493102021,1,8,2,6,9,1,2405,-493102013,493102014,2,5,16,2429
2798,493507414,493507419,493507421,493507429,493507440,493507448,493507436,493510906,0,493510909,493510912,493510916,5,2,8,19,8,-4,3470,-493510906,493510909,3,4,22,3502
2799,495132638,495132641,495132643,495132652,495132662,495132670,495132660,495136193,0,495136196,495136199,495136203,3,2,9,19,8,-2,3533,-495136193,495136196,3,4,22,3565
2800,496427271,496427273,496427275,496427282,496427293,496427295,496427290,496431212,0,496431215,496431218,496431228,2,2,7,18,2,-3,3922,-496431212,496431215,3,10,19,3957
2801,496585367,496585371,496585372,496585378,496585387,496585399,496585385,496588789,0,496588791,496588794,496588799,4,1,6,15,12,-2,3404,-496588789,496588791,3,5,18,3432
2802,497012678,497012679,497012681,497012688,497012697,497012698,497012695,497016035,0,497016038,497016040,497016044,1,2,7,16,1,-2,3340,-497016035,497016038,2,4,17,3366
2803,497608547,497608547,497608549,497608557,497608566,497608568,497608564,497612001,0,497612003,497612007,497612012,0,2,8,17,2,-2,3437,-497612001,497612003,4,5,17,3465
2804,497690098,497690099,497690101,497690106,497690114,497690120,497690112,497693624,0,497693627,497693631,497693635,1,2,5,13,6,-2,3512,-497693624,497693627,4,4,14,3537
2805,498018782,498018783,498018785,498018791,498018799,498018809,498018798,498022159,0,498022161,498022164,498022168,1,2,6,14,10,-1,3361,-498022159,498022161,3,4,16,3386
2806,498933098,498933099,498933101,498933107,498933116,498933124,498933114,498936663,0,498936667,498936669,498936673,1,2,6,15,8,-2,3549,-498936663,498936667,2,4,16,3575
2807,499515671,499515672,499515674,499515679,499515687,499515688,499515687,499519256,0,499519259,499519262,499519266,1,2,5,13,1,0,3569,-499519256,499519259,3,4,16,3595
2808,499642520,499642522,499642524,499642529,499642536,499642544,499642535,499645756,0,499645758,499645762,499645767,2,2,5,12,8,-1,3221,-499645756,499645758,4,5,15,3247
2809,499646994,499646995,499646997,499647000,499647006,499647016,499647007,499654229,0,499654232,499654234,499654238,1,2,3,9,10,1,7222,-499654229,499654232,2,4,13,7244
2810,499835242,499835243,499835245,499835249,499835256,499835273,499835256,499838703,0,499838705,499838708,499838712,1,2,4,11,17,0,3447,-499838703,499838705,3,4,14,3470
2811,499836521,499836522,499836524,499836527,499836533,499836548,499836535,499839920,0,499839922,499839924,499839929,1,2,3,9,15,2,3385,-499839920,499839922,2,5,14,3408
2812,500923437,500923438,500923440,500923448,500923457,500923458,500923455,500927024,0,500927027,500927030,500927033,1,2,8,17,1,-2,3569,-500927024,500927027,3,3,18,3596
2813,501620637,501620638,501620640,501620645,501620653,501620661,501620653,501624166,0,501624168,501624171,501624175,1,2,5,13,8,0,3513,-501624166,501624168,3,4,16,3538
2814,501620711,501620712,501620714,501620718,501620724,501620733,501620723,501624300,0,501624302,501624305,501624309,1,2,4,10,9,-1,3577,-501624300,501624302,3,4,12,3598
2815,501621526,501621527,501621529,501621532,501621537,501621552,501621538,501624975,0,501624978,501624980,501624984,1,2,3,8,15,1,3437,-501624975,501624978,2,4,12,3458
2816,502987481,502987483,502987485,502987491,502987500,502987511,502987499,502991048,0,502991051,502991054,502991058,2,2,6,15,11,-1,3549,-502991048,502991051,3,4,18,3577
2817,503627593,503627597,503627598,503627603,503627609,503627621,503627609,503631005,0,503631008,503631011,503631016,4,1,5,11,12,0,3396,-503631005,503631008,3,5,16,3423
2818,507159475,507159479,507159481,507159489,507159500,507159501,507159498,507161993,0,507161996,507161999,507162003,4,2,8,19,1,-2,2495,-507161993,507161996,3,4,23,2528
2819,507683971,507683974,507683976,507683982,507683989,507683996,507683988,507687429,0,507687432,507687434,507687438,3,2,6,13,7,-1,3441,-507687429,507687432,2,4,17,3467
2820,508174952,508174953,508174955,508174962,508174973,508174975,508174970,508178482,0,508178485,508178488,508178493,1,2,7,18,2,-3,3512,-508178482,508178485,3,5,18,3541
2821,509521318,509521319,509521321,509521328,509521338,509521339,509521336,509524599,0,509524601,509524604,509524609,1,2,7,17,1,-2,3263,-509524599,509524601,3,5,18,3291
2822,510233309,510233310,510233312,510233317,510233325,510233337,510233325,510236726,0,510236729,510236732,510236736,1,2,5,13,12,0,3401,-510236726,510236729,3,4,16,3427
2823,510263310,510263311,510263314,510263318,510263324,510263325,510263324,510266817,0,510266820,510266822,510266826,1,3,4,10,1,0,3493,-510266817,510266820,2,4,14,3516
2824,518173323,518173327,518173330,518173345,518173366,518173369,518173357,518176959,0,518176963,518176967,518176971,4,3,15,36,3,-9,3602,-518176959,518176963,4,4,34,3648
2825,523476861,523476864,523476866,523476879,523476892,523476903,523476889,523479409,0,523479412,523479415,523479419,3,2,13,26,11,-3,2520,-523479409,523479412,3,4,28,2558
2826,544523992,544523995,544523997,544524015,544524033,544524035,544524028,544527294,0,544527298,544527302,544527306,3,2,18,36,2,-5,3266,-544527294,544527298,4,4,36,3314
2827,545125049,545125051,545125053,545125059,545125066,545125074,545125067,545127530,0,545127532,545127535,545127540,2,2,6,13,8,1,2463,-545127530,545127532,3,5,18,2491
2828,554389554,554389558,554389560,554389577,554389601,554389603,554389591,554392938,0,554392942,554392946,554392951,4,2,17,41,2,-10,3347,-554392938,554392942,4,5,37,3397
2829,556478862,556478863,556478865,556478876,556478891,556478893,556478884,556482347,0,556482350,556482354,556482358,1,2,11,26,2,-7,3463,-556482347,556482350,4,4,22,3496
2830,557486239,557486240,557486242,557486247,557486254,557486262,557486254,557489722,0,557489726,557489729,557489733,1,2,5,12,8,0,3468,-557489722,557489726,3,4,15,3494
2831,559404167,559404170,559404172,559404181,559404191,559404200,559404189,559406855,0,559406859,559406862,559406866,3,2,9,19,9,-2,2666,-559406855,559406859,3,4,22,2699
2832,559404181,559404182,559404201,559404203,559404207,559404235,559404220,559407008,0,559407010,559407012,559407016,1,19,2,6,28,13,2788,-559407008,559407010,2,4,39,2835
2833,582749201,582749204,582749206,582749224,582749248,582749251,582749237,582752576,0,582752579,582752584,582752589,3,2,18,42,3,-11,3339,-582752576,582752579,5,5,36,3388
2834,582773190,582773193,582773195,582773199,582773205,582773212,582773206,582776672,0,582776674,582776677,582776681,3,2,4,10,7,1,3466,-582776672,582776674,3,4,16,3491
2835,594361872,594361876,594361878,594361898,594361922,594361924,594361911,594365395,0,594365398,594365402,594365407,4,2,20,44,2,-11,3484,-594365395,594365398,4,5,39,3535
2836,594364903,594364904,594364906,594364909,594364916,594364926,594364917,594368190,0,594368193,594368196,594368200,1,2,3,10,10,1,3273,-594368190,594368193,3,4,14,3297
2837,594366265,594366266,594366268,594366272,594366278,594366279,594366278,594369431,0,594369433,594369435,594369440,1,2,4,10,1,0,3153,-594369431,594369433,2,5,13,3175
2838,594403116,594403117,594403119,594403123,594403129,594403139,594403130,594406290,0,594406293,594406295,594406299,1,2,4,10,10,1,3160,-594406290,594406293,2,4,14,3183
2839,595297363,595297364,595297366,595297372,595297380,595297381,595297380,595300799,0,595300801,595300804,595300809,1,2,6,14,1,0,3419,-595300799,595300801,3,5,17,3446
2840,595299714,595299715,595299717,595299723,595299731,595299742,595299729,595301861,0,595301864,595301869,595301874,1,2,6,14,11,-2,2132,-595301861,595301864,5,5,15,2160
2841,598041267,598041268,598041270,598041280,598041292,598041293,598041289,598044645,0,598044648,598044651,598044657,1,2,10,22,1,-3,3356,-598044645,598044648,3,6,22,3390
2842,598046973,598046974,598046976,598046979,598046986,598046994,598046986,598050076,0,598050079,598050081,598050085,1,2,3,10,8,0,3090,-598050076,598050079,2,4,13,3112
2843,598480815,598480816,598480818,598480825,598480833,598480841,598480834,598483691,0,598483693,598483696,598483700,1,2,7,15,8,1,2857,-598483691,598483693,3,4,19,2885
2844,598484849,598484850,598484852,598484855,598484860,598484871,598484861,598487155,0,598487158,598487160,598487164,1,2,3,8,11,1,2294,-598487155,598487158,2,4,12,2315
2845,600282196,600282197,600282199,600282205,600282215,600282216,600282213,600285580,0,600285584,600285587,600285591,1,2,6,16,1,-2,3367,-600285580,600285584,3,4,17,3395
2846,600332620,600332621,600332623,600332627,600332633,600332634,600332633,600335910,0,600335912,600335914,600335919,1,2,4,10,1,0,3277,-600335910,600335912,2,5,13,3299
2847,600338447,600338448,600338450,600338453,600338459,600338467,600338460,600341864,0,600341867,600341872,600341877,1,2,3,9,8,1,3404,-600341864,600341867,5,5,13,3430
2848,600628822,600628823,600628825,600628829,600628835,600628844,600628836,600632196,0,600632199,600632202,600632206,1,2,4,10,9,1,3360,-600632196,600632199,3,4,14,3384
2849,600694380,600694381,600694383,600694389,600694396,600694405,600694396,600697860,0,600697862,600697865,600697869,1,2,6,13,9,0,3464,-600697860,600697862,3,4,16,3489
2850,600775431,600775432,600775433,600775437,600775444,600775445,600775444,600779045,0,600779047,600779050,600779054,1,1,4,11,1,0,3601,-600779045,600779047,3,4,13,3623
2851,600849293,600849294,600849296,600849300,600849307,600849317,600849307,600852666,0,600852668,600852671,600852675,1,2,4,11,10,0,3359,-600852666,600852668,3,4,14,3382
2852,600956968,600956969,600956971,600956975,600956980,600956989,600956981,600960476,0,600960478,600960481,600960486,1,2,4,9,9,1,3495,-600960476,600960478,3,5,13,3518
2853,601690254,601690255,601690257,601690262,601690270,601690283,601690269,601693683,0,601693686,601693689,601693693,1,2,5,13,13,-1,3414,-601693683,601693686,3,4,15,3439
2854,601778684,601778685,601778687,601778691,601778697,601778708,601778700,601781837,0,601781839,601781842,601781846,1,2,4,10,11,3,3137,-601781837,601781839,3,4,16,3162
2855,608890106,608890107,608890109,608890126,608890148,608890151,608890139,608893611,0,608893614,608893620,608893624,1,2,17,39,3,-9,3472,-608893611,608893614,6,4,33,3518
2856,618432041,618432043,618432045,618432062,618432078,618432080,618432074,618434454,0,618434457,618434462,618434467,2,2,17,33,2,-4,2380,-618434454,618434457,5,5,33,2426
2857,619821426,619821428,619821430,619821439,619821447,619821449,619821447,619823850,0,619823853,619823857,619823862,2,2,9,17,2,0,2403,-619823850,619823853,4,5,21,2436
2858,619825228,619825229,619825231,619825234,619825239,619825248,619825241,619828730,0,619828733,619828736,619828740,1,2,3,8,9,2,3489,-619828730,619828733,3,4,13,3512
2859,620033114,620033115,620033117,620033121,620033126,620033136,620033128,620035525,0,620035527,620035530,620035534,1,2,4,9,10,2,2397,-620035525,620035527,3,4,14,2420
2860,628321242,628321243,628321245,628321259,628321274,628321277,628321270,628323635,0,628323639,628323643,628323647,1,2,14,29,3,-4,2365,-628323635,628323639,4,4,28,2405
2861,631351719,631351721,631351723,631351731,631351740,631351753,631351741,631354137,0,631354140,631354143,631354147,2,2,8,17,13,1,2396,-631354137,631354140,3,4,22,2428
2862,631384964,631384965,631384967,631384970,631384975,631384986,631384977,631387396,0,631387399,631387401,631387406,1,2,3,8,11,2,2419,-631387396,631387399,2,5,13,2442
2863,631855735,631855736,631855738,631855742,631855748,631855768,631855751,631858097,0,631858100,631858103,631858107,1,2,4,10,20,3,2346,-631858097,631858100,3,4,16,2372
2864,631855739,631855740,631855753,631855755,631855759,631855768,631855780,631858254,0,631858256,631858258,631858262,1,13,2,6,9,21,2474,-631858254,631858256,2,4,41,2523
2865,633940742,633940743,633940744,633940750,633940756,633940768,633940758,633943089,0,633943092,633943094,633943098,1,1,6,12,12,2,2331,-633943089,633943092,2,4,16,2356
2866,634550083,634550084,634550086,634550090,634550096,634550115,634550100,634552744,0,634552747,634552749,634552754,1,2,4,10,19,4,2644,-634552744,634552747,2,5,17,2671
2867,634562312,634562313,634562315,634562318,634562323,634562339,634562325,634565104,0,634565107,634565109,634565114,1,2,3,8,16,2,2779,-634565104,634565107,2,5,13,2802
2868,637981678,637981680,637981682,637981689,637981697,637981711,637981699,637984109,0,637984113,637984116,637984121,2,2,7,15,14,2,2410,-637984109,637984113,3,5,21,2443
2869,638293808,638293809,638293811,638293818,638293825,638293837,638293825,638297460,0,638297462,638297468,638297472,1,2,7,14,12,0,3635,-638297460,638297462,6,4,17,3664
2870,638855954,638855955,638855957,638855961,638855967,638855976,638855969,638858353,0,638858356,638858359,638858363,1,2,4,10,9,2,2384,-638858353,638858356,3,4,15,2409
2871,643635397,643635398,643635400,643635409,643635420,643635421,643635418,643637771,0,643637775,643637778,643637783,1,2,9,20,1,-2,2353,-643637771,643637775,3,5,21,2386
2872,646420825,646420826,646420828,646420839,646420854,646420856,646420846,646424427,0,646424431,646424434,646424438,1,2,11,26,2,-8,3581,-646424427,646424431,3,4,21,3613
2873,648518709,648518710,648518713,648518722,648518733,648518742,648518731,648521242,0,648521245,648521248,648521253,1,3,9,20,9,-2,2511,-648521242,648521245,3,5,22,2544
2874,648573266,648573267,648573269,648573274,648573284,648573291,648573281,648576724,0,648576726,648576729,648576734,1,2,5,15,7,-3,3443,-648576724,648576726,3,5,15,3468
2875,649698884,649698885,649698887,649698894,649698902,649698903,649698902,649701275,0,649701277,649701280,649701284,1,2,7,15,1,0,2373,-649701275,649701277,3,4,18,2400
2876,651310130,651310131,651310133,651310140,651310148,651310149,651310148,651312601,0,651312604,651312608,651312612,1,2,7,15,1,0,2453,-651312601,651312604,4,4,18,2482
2877,652514470,652514471,652514472,652514477,652514483,652514493,652514485,652516840,0,652516843,652516846,652516849,1,1,5,11,10,2,2355,-652516840,652516843,3,3,15,2379
2878,656815080,656815081,656815083,656815091,656815105,656815114,656815099,656818455,0,656818458,656818461,656818466,1,2,8,22,9,-6,3356,-656818455,656818458,3,5,19,3386
2879,657107920,657107923,657107925,657107932,657107940,657107941,657107940,657111227,0,657111230,657111233,657111237,3,2,7,15,1,0,3287,-657111227,657111230,3,4,20,3317
2880,657290660,657290661,657290663,657290667,657290675,657290684,657290674,657294057,0,657294060,657294063,657294067,1,2,4,12,9,-1,3383,-657294057,657294060,3,4,14,3407
2881,657317764,657317765,657317767,657317770,657317776,657317786,657317777,657321114,0,657321117,657321119,657321123,1,2,3,9,10,1,3337,-657321114,657321117,2,4,13,3359
2882,658519484,658519485,658519487,658519493,658519501,658519512,658519505,658523040,0,658523042,658523045,658523049,1,2,6,14,11,4,3535,-658523040,658523042,3,4,21,3565
2883,661441372,661441373,661441375,661441382,661441393,661441404,661441394,661444465,0,661444468,661444472,661444476,1,2,7,18,11,1,3071,-661444465,661444468,4,4,22,3104
2884,661530086,661530089,661530091,661530095,661530100,661530111,661530102,661532919,0,661532922,661532924,661532928,3,2,4,9,11,2,2817,-661532919,661532922,2,4,16,2842
2885,661722498,661722499,661722501,661722505,661722510,661722520,661722512,661725606,0,661725609,661725612,661725617,1,2,4,9,10,2,3094,-661725606,661725609,3,5,14,3119
2886,662625355,662625356,662625358,662625364,662625376,662625385,662625372,662628668,0,662628671,662628675,662628680,1,2,6,18,9,-4,3296,-662628668,662628671,4,5,17,3325
2887,662629587,662629588,662629590,662629593,662629600,662629608,662629599,662632780,0,662632783,662632786,662632790,1,2,3,10,8,-1,3181,-662632780,662632783,3,4,12,3203
2888,662813532,662813533,662813535,662813540,662813546,662813555,662813547,662816939,0,662816941,662816944,662816948,1,2,5,11,9,1,3392,-662816939,662816941,3,4,15,3416
2889,663320350,663320351,663320353,663320358,663320365,663320375,663320365,663323897,0,663323900,663323903,663323907,1,2,5,12,10,0,3532,-663323897,663323900,3,4,15,3557
2890,663748145,663748146,663748148,663748152,663748158,663748167,663748158,663751544,0,663751547,663751550,663751554,1,2,4,10,9,0,3386,-663751544,663751547,3,4,13,3409
2891,664138952,664138952,664138954,664138959,664138968,664138969,664138966,664142430,0,664142433,664142437,664142441,0,2,5,14,1,-2,3464,-664142430,664142433,4,4,14,3489
2892,664143435,664143436,664143438,664143442,664143447,664143456,664143448,664146637,0,664146639,664146642,664146646,1,2,4,9,9,1,3189,-664146637,664146639,3,4,13,3211
2893,664446813,664446814,664446816,664446820,664446826,664446836,664446828,664449185,0,664449188,664449191,664449196,1,2,4,10,10,2,2357,-664449185,664449188,3,5,15,2383
2894,670675000,670675001,670675003,670675012,670675021,670675029,670675020,670677878,0,670677881,670677884,670677889,1,2,9,18,8,-1,2858,-670677878,670677881,3,5,20,2889
2895,670833194,670833194,670833196,670833200,670833204,670833214,670833206,670835515,0,670835517,670835519,670835523,0,2,4,8,10,2,2309,-670835515,670835517,2,4,12,2329
2896,685928778,685928780,685928782,685928798,685928814,685928817,685928811,685931244,0,685931248,685931254,685931259,2,2,16,32,3,-3,2433,-685931244,685931248,6,5,33,2481
2897,690992998,690993002,690993004,690993019,690993033,690993035,690993029,690995431,0,690995435,690995439,690995443,4,2,15,29,2,-4,2402,-690995431,690995435,4,4,31,2445
2898,698941320,698941324,698941326,698941341,698941357,698941360,698941355,698943670,0,698943673,698943678,698943683,4,2,15,31,3,-2,2315,-698943670,698943673,5,5,35,2363
2899,721487559,721487562,721487565,721487580,721487597,721487599,721487593,721490072,0,721490076,721490082,721490086,3,3,15,32,2,-4,2479,-721490072,721490076,6,4,34,2527
2900,721487565,721487566,721487601,721487604,721487609,721487618,721487630,721491106,0,721491108,721491111,721491115,1,35,3,8,9,21,3476,-721491106,721491108,3,4,65,3550
2901,721487900,721487906,721487923,721487928,721487934,721487975,721487947,721491255,0,721491257,721491260,721491265,6,17,5,11,41,13,3308,-721491255,721491257,3,5,47,3365
2902,721487904,721487905,721487907,721487913,721487921,721487922,721487921,721491152,0,721491154,721491158,721491162,1,2,6,14,1,0,3231,-721491152,721491154,4,4,17,3258
2903,721487909,721487911,721487948,721487953,721487958,721487967,721487988,721491326,0,721491328,721491331,721491335,2,37,5,10,9,30,3338,-721491326,721491328,3,4,79,3426
2904,721487909,721487910,721487936,721487941,721487947,721487972,721487951,721491259,0,721491260,721491263,721491268,1,26,5,11,25,4,3308,-721491259,721491260,3,5,42,3359
2905,721487940,721487941,721487959,721487963,721487968,721488000,721487991,721491329,0,721491331,721491334,721491338,1,18,4,9,32,23,3338,-721491329,721491331,3,4,51,3398
2906,724131557,724131558,724131560,724131568,724131577,724131587,724131578,724134135,0,724134137,724134142,724134145,1,2,8,17,10,1,2557,-724134135,724134137,5,3,21,2588
2907,724131561,724131562,724131579,724131581,724131585,724131599,724131595,724134187,0,724134190,724134192,724134196,1,17,2,6,14,10,2592,-724134187,724134190,2,4,34,2635
2908,724131896,724131897,724131899,724131903,724131909,724131910,724131909,724134231,0,724134234,724134237,724134242,1,2,4,10,1,0,2322,-724134231,724134234,3,5,13,2346
2909,724131903,724131904,724131910,724131914,724131918,724131952,724131925,724135515,0,724135518,724135520,724135524,1,6,4,8,34,7,3590,-724135515,724135518,2,4,22,3621
2910,724131913,724131916,724131920,724131924,724131928,724131948,724131928,724135558,0,724135560,724135563,724135567,3,4,4,8,20,0,3630,-724135558,724135560,3,4,15,3654
2911,724131917,724131918,724131929,724131933,724131938,724131944,724131973,724135631,0,724135633,724135636,724135640,1,11,4,9,6,35,3658,-724135631,724135633,3,4,56,3723
2912,724131964,724131967,724131969,724131972,724131976,724131985,724131978,724135634,0,724135636,724135638,724135643,3,2,3,7,9,2,3656,-724135634,724135636,2,5,14,3679
2913,739171299,739171300,739171302,739171318,739171333,739171350,739171328,739174650,0,739174653,739174657,739174661,1,2,16,31,17,-5,3322,-739174650,739174653,4,4,29,3362
2914,739205659,739205661,739205663,739205667,739205672,739205680,739205674,739208165,0,739208167,739208169,739208174,2,2,4,9,8,2,2491,-739208165,739208167,2,5,15,2515
2915,739208548,739208549,739208550,739208554,739208559,739208570,739208560,739211851,0,739211854,739211856,739211861,1,1,4,9,11,1,3291,-739211851,739211854,2,5,12,3313
2916,739774754,739774754,739774757,739774763,739774769,739774777,739774770,739777786,0,739777788,739777791,739777796,0,3,6,12,8,1,3016,-739777786,739777788,3,5,16,3042
2917,771393519,771393520,771393522,771393542,771393566,771393569,771393555,771397094,0,771397097,771397103,771397108,1,2,20,44,3,-11,3539,-771397094,771397097,6,5,36,3589
2918,773768393,773768395,773768397,773768409,773768423,773768426,773768417,773771963,0,773771966,773771971,773771976,2,2,12,26,3,-6,3546,-773771963,773771966,5,5,24,3583
2919,777338202,777338203,777338205,777338218,777338233,777338235,777338227,777341731,0,777341734,777341738,777341743,1,2,13,28,2,-6,3504,-777341731,777341734,4,5,25,3541
2920,777938537,777938538,777938540,777938544,777938552,777938559,777938553,777942016,0,777942018,777942021,777942026,1,2,4,12,7,1,3463,-777942016,777942018,3,5,16,3489
2921,779529755,779529755,779529757,779529764,779529774,779529784,779529773,779533167,0,779533170,779533173,779533178,0,2,7,17,10,-1,3394,-779533167,779533170,3,5,18,3423
2922,786624074,786624077,786624110,786624113,786624118,786624125,786624148,786626565,0,786626567,786626569,786626574,3,33,3,8,7,30,2417,-786626565,786626567,2,5,74,2500
2923,786624074,786624075,786624077,786624092,786624107,786624110,786624103,786626519,0,786626522,786626527,786626532,1,2,15,30,3,-4,2416,-786626519,786626522,5,5,29,2458
2924,789682594,789682596,789682598,789682608,789682619,789682631,789682618,789685507,0,789685510,789685514,789685519,2,2,10,21,12,-1,2889,-789685507,789685510,4,5,24,2925
2925,799229233,799229234,799229237,799229254,799229278,799229280,799229267,799232529,0,799232532,799232538,799232544,1,3,17,41,2,-11,3262,-799232529,799232532,6,6,34,3311
2926,800300366,800300369,800300371,800300382,800300397,800300400,800300393,800303942,0,800303945,800303948,800303952,3,2,11,26,3,-4,3549,-800303942,800303945,3,4,27,3586
2927,807190641,807190643,807190645,807190658,807190676,807190679,807190669,807194278,0,807194281,807194287,807194291,2,2,13,31,3,-7,3609,-807194278,807194281,6,4,28,3650
2928,807194624,807194625,807194627,807194631,807194638,807194638,807194638,807198107,0,807198109,807198112,807198116,1,2,4,11,0,0,3469,-807198107,807198109,3,4,14,3492
2929,810788026,810788028,810788030,810788040,810788053,810788055,810788048,810791594,0,810791597,810791600,810791605,2,2,10,23,2,-5,3546,-810791594,810791597,3,5,22,3579
2930,831693900,831693904,831693906,831693925,831693949,831693951,831693938,831697421,0,831697425,831697429,831697434,4,2,19,43,2,-11,3483,-831697421,831697425,4,5,38,3534
2931,841165096,841165097,841165100,841165114,841165133,841165135,841165127,841168688,0,841168691,841168696,841168701,1,3,14,33,2,-6,3561,-841168688,841168691,5,5,31,3605
2932,841169154,841169155,841169157,841169160,841169167,841169176,841169167,841172494,0,841172497,841172500,841172505,1,2,3,10,9,0,3327,-841172494,841172497,3,5,13,3351
2933,841173288,841173289,841173290,841173294,841173300,841173308,841173300,841176714,0,841176716,841176720,841176725,1,1,4,10,8,0,3414,-841176714,841176716,4,5,12,3437
2934,855514009,855514013,855514015,855514033,855514056,855514059,855514046,855517517,0,855517521,855517525,855517529,4,2,18,41,3,-10,3471,-855517517,855517521,4,4,37,3520
2935,858401423,858401426,858401428,858401442,858401455,858401458,858401452,858403946,0,858403949,858403954,858403959,3,2,14,27,3,-3,2494,-858403946,858403949,5,5,29,2536
2936,858401429,858401430,858401458,858401461,858401466,858401472,858401483,858403996,0,858403998,858404001,858404005,1,28,3,8,6,17,2513,-858403996,858403998,3,4,54,2576
2937,865751357,865751361,865751363,865751379,865751404,865751407,865751394,865754614,0,865754617,865754621,865754625,4,2,16,41,3,-10,3220,-865754614,865754617,4,4,37,3268
2938,865782410,865782411,865782413,865782417,865782424,865782434,865782425,865785629,0,865785632,865785634,865785638,1,2,4,11,10,1,3204,-865785629,865785632,2,4,15,3228
2939,868767446,868767449,868767451,868767463,868767474,868767483,868767471,868770045,0,868770048,868770052,868770057,3,2,12,23,9,-3,2574,-868770045,868770048,4,5,25,2611
2940,905516680,905516681,905516683,905516702,905516724,905516727,905516715,905520175,0,905520178,905520182,905520187,1,2,19,41,3,-9,3460,-905520175,905520178,4,5,35,3507
2941,907594703,907594708,907594710,907594719,907594730,907594738,907594730,907597306,0,907597310,907597313,907597318,5,2,9,20,8,0,2576,-907597306,907597310,3,5,27,2615
2942,907736433,907736434,907736436,907736444,907736453,907736464,907736453,907739824,0,907739827,907739830,907739835,1,2,8,17,11,0,3371,-907739824,907739827,3,5,20,3402
2943,907757685,907757686,907757688,907757691,907757698,907757699,907757698,907761135,0,907761139,907761141,907761146,1,2,3,10,1,0,3437,-907761135,907761139,2,5,13,3461
2944,909655798,909655799,909655801,909655808,909655815,909655816,909655815,909658329,0,909658332,909658335,909658340,1,2,7,14,1,0,2514,-909658329,909658332,3,5,17,2542
2945,919548355,919548357,919548359,919548374,919548392,919548395,919548385,919550855,0,919550858,919550862,919550866,2,2,15,33,3,-7,2470,-919550855,919550858,4,4,30,2511
2946,919548366,919548367,919548403,919548405,919548410,919548426,919548435,919551004,0,919551006,919551008,919551013,1,36,2,7,16,25,2569,-919551004,919551006,2,5,69,2647
2947,920455953,920455954,920455956,920455961,920455967,920455980,920455969,920458541,0,920458543,920458546,920458550,1,2,5,11,13,2,2572,-920458541,920458543,3,4,16,2597
2948,921910704,921910705,921910707,921910714,921910721,921910728,921910721,921913185,0,921913188,921913191,921913195,1,2,7,14,7,0,2464,-921913185,921913188,3,4,17,2491
2949,921910732,921910733,921910735,921910737,921910741,921910766,921910751,921913299,0,921913300,921913302,921913306,1,2,2,6,25,10,2548,-921913299,921913300,2,4,19,2574
2950,923499935,923499936,923499938,923499946,923499953,923499965,923499954,923502398,0,923502401,923502403,923502408,1,2,8,15,12,1,2444,-923502398,923502401,2,5,19,2473
2951,923640227,923640228,923640231,923640234,923640238,923640249,923640240,923642693,0,923642696,923642699,923642704,1,3,3,7,11,2,2453,-923642693,923642696,3,5,13,2477
2952,924364396,924364399,924364400,924364405,924364410,924364421,924364412,924366742,0,924366745,924366747,924366751,3,1,5,10,11,2,2330,-924366742,924366745,2,4,16,2355
2953,925985274,925985277,925985279,925985286,925985293,925985305,925985294,925987610,0,925987613,925987616,925987620,3,2,7,14,12,1,2316,-925987610,925987613,3,4,20,2346
2954,925985286,925985287,925985299,925985302,925985305,925985332,925985320,925988911,0,925988913,925988915,925988919,1,12,3,6,27,15,3591,-925988911,925988913,2,4,34,3633
2955,931788464,931788467,931788469,931788480,931788492,931788508,931788491,931790962,0,931790965,931790968,931790973,3,2,11,23,16,-1,2471,-931790962,931790965,3,5,27,2509
2956,931791948,931791949,931791951,931791954,931791958,931791976,931791962,931794495,0,931794498,931794500,931794505,1,2,3,7,18,4,2533,-931794495,931794498,2,5,14,2557
2957,938127668,938127671,938127673,938127685,938127699,938127702,938127695,938131135,0,938131138,938131142,938131147,3,2,12,26,3,-4,3440,-938131135,938131138,4,5,27,3479
2958,938159658,938159659,938159661,938159666,938159671,938159682,938159673,938162134,0,938162137,938162139,938162144,1,2,5,10,11,2,2461,-938162134,938162137,2,5,15,2486
2959,940947504,940947506,940947509,940947517,940947526,940947539,940947525,940949875,0,940949878,940949881,940949886,2,3,8,17,13,-1,2350,-940949875,940949878,3,5,21,2382
2960,941656707,941656709,941656712,941656719,941656726,941656733,941656727,941659101,0,941659104,941659107,941659111,2,3,7,14,7,1,2374,-941659101,941659104,3,4,20,2404
2961,942809821,942809821,942809824,942809829,942809834,942809846,942809836,942812557,0,942812559,942812562,942812566,0,3,5,10,12,2,2721,-942812557,942812559,3,4,15,2745
2962,942821651,942821652,942821654,942821657,942821661,942821672,942821663,942824073,0,942824076,942824078,942824083,1,2,3,7,11,2,2410,-942824073,942824076,2,5,12,2432
2963,959727578,959727580,959727582,959727600,959727624,959727626,959727612,959731326,0,959731329,959731336,959731341,2,2,18,42,2,-12,3714,-959731326,959731329,7,5,34,3763
2964,961506650,961506651,961506653,961506662,961506674,961506675,961506671,961510096,0,961510099,961510103,961510107,1,2,9,21,1,-3,3425,-961510096,961510099,4,4,21,3457
2965,961892743,961892744,961892746,961892750,961892758,961892759,961892758,961896171,0,961896174,961896176,961896182,1,2,4,12,1,0,3413,-961896171,961896174,2,6,15,3439
2966,962692582,962692583,962692585,962692590,962692597,962692607,962692596,962696138,0,962696140,962696143,962696148,1,2,5,12,10,-1,3542,-962696138,962696140,3,5,14,3566
2967,976341648,976341649,976341652,976341669,976341692,976341695,976341683,976345029,0,976345033,976345038,976345042,1,3,17,40,3,-9,3346,-976345029,976345033,5,4,35,3394
2968,976349277,976349279,976349281,976349286,976349293,976349302,976349292,976352702,0,976352705,976352707,976352712,2,2,5,12,9,-1,3410,-976352702,976352705,2,5,15,3435
2969,976357311,976357311,976357313,976357317,976357323,976357332,976357323,976360664,0,976360666,976360669,976360673,0,2,4,10,9,0,3341,-976360664,976360666,3,4,12,3362
2970,978355780,978355784,978355786,978355797,978355807,978355817,978355805,978358302,0,978358305,978358308,978358313,4,2,11,21,10,-2,2497,-978358302,978358305,3,5,25,2533
2971,980446032,980446035,980446037,980446045,980446051,980446064,980446053,980449310,0,980449312,980449315,980449319,3,2,8,14,13,2,3257,-980449310,980449312,3,4,21,3287
2972,981342072,981342072,981342074,981342079,981342085,981342097,981342086,981345234,0,981345236,981345239,981345243,0,2,5,11,12,1,3148,-981345234,981345236,3,4,14,3171
2973,983096133,983096136,983096138,983096143,983096150,983096161,983096151,983098732,0,983098735,983098738,983098742,3,2,5,12,11,1,2581,-983098732,983098735,3,4,18,2609
2974,988617326,988617327,988617329,988617341,988617354,988617356,988617352,988619737,0,988619740,988619744,988619749,1,2,12,25,2,-2,2385,-988619737,988619740,4,5,26,2423
2975,993253571,993253572,993253574,993253587,993253603,993253605,993253597,993257089,0,993257093,993257097,993257101,1,2,13,29,2,-6,3492,-993257089,993257093,4,4,26,3530
2976,7999431,7999432,7999434,7999450,7999468,7999470,7999466,8002002,0,8002005,8002012,8002016,1,2,16,34,2,-2,2536,-8002002,8002005,7,4,35,2585
2977,9105484,9105485,9105487,9105494,9105502,9105511,9105502,9108755,0,9108758,9108761,9108766,1,2,7,15,9,0,3253,-9108755,9108758,3,5,18,3282
2978,35664429,35664431,35664433,35664450,35664468,35664471,35664463,35668076,0,35668080,35668086,35668091,2,2,17,35,3,-5,3613,-35668076,35668080,6,5,34,3662
2979,42763070,42763074,42763076,42763095,42763118,42763121,42763107,42766546,0,42766550,42766554,42766559,4,2,19,42,3,-11,3439,-42766546,42766550,4,5,37,3489
2980,46706221,46706222,46706225,46706237,46706253,46706254,46706248,46709511,0,46709514,46709517,46709522,1,3,12,28,1,-5,3263,-46709511,46709514,3,5,27,3301
2981,46709905,46709906,46709908,46709911,46709918,46709928,46709918,46713161,0,46713164,46713166,46713170,1,2,3,10,10,0,3243,-46713161,46713164,2,4,13,3265
2982,53721450,53721452,53721454,53721466,53721479,53721481,53721476,53723757,0,53723760,53723765,53723769,2,2,12,25,2,-3,2281,-53723757,53723760,5,4,26,2319
2983,54639449,54639451,54639452,54639464,54639480,54639482,54639472,54642970,0,54642973,54642976,54642981,2,1,12,28,2,-8,3498,-54642970,54642973,3,5,23,3532
2984,56781693,56781694,56781696,56781704,56781716,56781717,56781713,56785353,0,56785355,56785358,56785364,1,2,8,20,1,-3,3640,-56785353,56785355,3,6,20,3671
2985,57454128,57454129,57454130,57454138,57454150,57454160,57454146,57457528,0,57457532,57457535,57457539,1,1,8,20,10,-4,3382,-57457528,57457532,3,4,18,3411
2986,57595720,57595722,57595724,57595733,57595742,57595750,57595741,57599248,0,57599251,57599254,57599259,2,2,9,18,8,-1,3507,-57599248,57599251,3,5,21,3539
2987,58888719,58888720,58888722,58888728,58888737,58888746,58888736,58892161,0,58892164,58892168,58892173,1,2,6,15,9,-1,3425,-58892161,58892164,4,5,17,3454
2988,58892713,58892714,58892716,58892720,58892726,58892733,58892726,58896248,0,58896250,58896255,58896259,1,2,4,10,7,0,3522,-58896248,58896250,5,4,13,3546
2989,58953125,58953128,58953147,58953149,58953154,58953165,58953161,58955652,0,58955654,58955657,58955661,3,19,2,7,11,7,2491,-58955652,58955654,3,4,36,2536
2990,58953126,58953127,58953129,58953137,58953145,58953154,58953143,58955604,0,58955606,58955609,58955614,1,2,8,16,9,-2,2461,-58955604,58955606,3,5,17,2488
2991,79811274,79811276,79811278,79811295,79811320,79811322,79811308,79814869,0,79814872,79814877,79814882,2,2,17,42,2,-12,3561,-79814869,79814872,5,5,34,3608
2992,81200309,81200313,81200315,81200326,81200340,81200342,81200334,81203745,0,81203748,81203751,81203755,4,2,11,25,2,-6,3411,-81203745,81203748,3,4,25,3446
2993,81312293,81312295,81312297,81312301,81312309,81312319,81312308,81315608,0,81315610,81315614,81315619,2,2,4,12,10,-1,3300,-81315608,81315610,4,5,15,3326
2994,82899414,82899415,82899417,82899423,82899433,82899441,82899432,82902919,0,82902923,82902927,82902931,1,2,6,16,8,-1,3487,-82902919,82902923,4,4,18,3517
2995,91678646,91678647,91678649,91678667,91678688,91678691,91678680,91682141,0,91682144,91682148,91682153,1,2,18,39,3,-8,3461,-91682141,91682144,4,5,34,3507
2996,138902059,138902062,138902064,138902084,138902108,138902111,138902097,138905612,0,138905615,138905620,138905625,3,2,20,44,3,-11,3515,-138905612,138905615,5,5,38,3566
2997,141857572,141857574,141857577,141857587,141857599,141857601,141857596,141861059,0,141861062,141861065,141861070,2,3,10,22,2,-3,3463,-141861059,141861062,3,5,24,3498
2998,161781475,161781476,161781479,161781498,161781522,161781524,161781513,161785086,0,161785089,161785096,161785100,1,3,19,43,2,-9,3573,-161785086,161785089,7,4,38,3625
2999,172866299,172866300,172866302,172866319,172866337,172866339,172866332,172868772,0,172868775,172868781,172868786,1,2,17,35,2,-5,2440,-172868772,172868775,6,5,33,2487
3000,176713771,176713771,176713774,176713785,176713797,176713799,176713795,176716120,0,176716123,176716129,176716133,0,3,11,23,2,-2,2325,-176716120,176716123,6,4,24,2362
3001,176714000,176714001,176714003,176714009,176714015,176714017,176714015,176716253,0,176716255,176716257,176716261,1,2,6,12,2,0,2238,-176716253,176716255,2,4,15,2261
3002,176716712,176716713,176716715,176716718,176716724,176716732,176716725,176718960,0,176718963,176718966,176718971,1,2,3,9,8,1,2235,-176718960,176718963,3,5,13,2259
3003,176790568,176790569,176790571,176790576,176790581,176790588,176790582,176793052,0,176793055,176793057,176793062,1,2,5,10,7,1,2470,-176793052,176793055,2,5,14,2494
3004,176937145,176937146,176937148,176937154,176937161,176937179,176937165,176940810,0,176940813,176940815,176940820,1,2,6,13,18,4,3645,-176940810,176940813,2,5,20,3675
3005,177544666,177544667,177544669,177544674,177544680,177544693,177544682,177547867,0,177547870,177547873,177547877,1,2,5,11,13,2,3185,-177547867,177547870,3,4,16,3211
3006,177552765,177552765,177552767,177552770,177552775,177552793,177552778,177555362,0,177555365,177555367,177555372,0,2,3,8,18,3,2584,-177555362,177555365,2,5,13,2607
3007,177695385,177695386,177695389,177695392,177695397,177695407,177695401,177697941,0,177697943,177697946,177697950,1,3,3,8,10,4,2540,-177697941,177697943,3,4,16,2565
3008,177698828,177698829,177698831,177698834,177698838,177698854,177698841,177701242,0,177701245,177701247,177701252,1,2,3,7,16,3,2401,-177701242,177701245,2,5,13,2424
3009,180219881,180219884,180219886,180219894,180219902,180219911,180219902,180223148,0,180223151,180223154,180223159,3,2,8,16,9,0,3246,-180223148,180223151,3,5,21,3278
3010,180339534,180339535,180339537,180339542,180339548,180339565,180339551,180342321,0,180342324,180342326,180342331,1,2,5,11,17,3,2770,-180342321,180342324,2,5,17,2797
3011,180353472,180353473,180353474,180353478,180353483,180353494,180353485,180355807,0,180355809,180355812,180355816,1,1,4,9,11,2,2322,-180355807,180355809,3,4,13,2344
3012,180363483,180363484,180363486,180363489,180363494,180363511,180363497,180365831,0,180365833,180365836,180365840,1,2,3,8,17,3,2334,-180365831,180365833,3,4,14,2357
3013,181108672,181108673,181108675,181108683,181108691,181108701,181108690,181111028,0,181111030,181111034,181111038,1,2,8,16,10,-1,2338,-181111028,181111030,4,4,18,2366
3014,181108704,181108705,181108707,181108710,181108715,181108722,181108715,181111084,0,181111086,181111088,181111093,1,2,3,8,7,0,2369,-181111084,181111086,2,5,11,2389
3015,186247789,186247792,186247795,186247804,186247815,186247826,186247814,186250149,0,186250152,186250154,186250158,3,3,9,20,11,-1,2335,-186250149,186250152,2,4,25,2369
3016,186247801,186247801,186247824,186247827,186247831,186247857,186247842,186250329,0,186250331,186250332,186250336,0,23,3,7,26,11,2487,-186250329,186250331,1,4,41,2535
3017,192012529,192012531,192012533,192012546,192012561,192012562,192012558,192015094,0,192015097,192015101,192015105,2,2,13,28,1,-3,2536,-192015094,192015097,4,4,29,2576
3018,192073055,192073056,192073059,192073062,192073068,192073076,192073070,192075541,0,192075543,192075546,192075550,1,3,3,9,8,2,2471,-192075541,192075543,3,4,15,2495
3019,192075750,192075751,192075753,192075756,192075761,192075771,192075762,192078119,0,192078122,192078124,192078128,1,2,3,8,10,1,2357,-192078119,192078122,2,4,12,2378
3020,192090780,192090781,192090783,192090786,192090790,192090809,192090794,192093521,0,192093526,192093528,192093533,1,2,3,7,19,4,2727,-192093521,192093526,2,5,14,2753
3021,192090813,192090815,192090816,192090819,192090823,192090833,192090824,192093653,0,192093655,192093656,192093660,2,1,3,7,10,1,2829,-192093653,192093655,1,4,11,2847
3022,192279911,192279912,192279914,192279921,192279928,192279930,192279928,192283167,0,192283170,192283174,192283180,1,2,7,14,2,0,3239,-192283167,192283170,4,6,17,3269
3023,193097922,193097923,193097925,193097932,193097938,193097947,193097939,193101057,0,193101060,193101063,193101067,1,2,7,13,9,1,3118,-193101057,193101060,3,4,17,3145
3024,193681672,193681673,193681675,193681681,193681687,193681697,193681691,193683992,0,193683995,193683997,193684002,1,2,6,12,10,4,2301,-193683992,193683995,2,5,19,2330
3025,193681701,193681703,193681709,193681711,193681715,193681724,193681715,193684112,0,193684114,193684115,193684119,2,6,2,6,9,0,2397,-193684112,193684114,1,4,14,2418
3026,195688321,195688323,195688326,195688332,195688339,195688351,195688340,195690699,0,195690702,195690705,195690709,2,3,6,13,12,1,2359,-195690699,195690702,3,4,19,2388
3027,198099393,198099394,198099396,198099404,198099412,198099424,198099413,198102963,0,198102967,198102972,198102976,1,2,8,16,12,1,3550,-198102963,198102967,5,4,20,3583
3028,205327543,205327547,205327549,205327563,205327576,205327579,205327574,205330033,0,205330037,205330041,205330045,4,2,14,27,3,-2,2459,-205330033,205330037,4,4,31,2502
3029,206613338,206613340,206613342,206613358,206613374,206613377,206613371,206615783,0,206615786,206615790,206615794,2,2,16,32,3,-3,2412,-206615783,206615786,4,4,33,2456
3030,223562530,223562533,223562536,223562553,223562571,223562573,223562566,223565978,0,223565981,223565985,223565989,3,3,17,35,2,-5,3412,-223565978,223565981,4,4,36,3459
3031,223562543,223562544,223562584,223562586,223562591,223562636,223562623,223566105,0,223566107,223566109,223566114,1,40,2,7,45,32,3482,-223566105,223566107,2,5,80,3571
3032,223842942,223842943,223842945,223842949,223842955,223842964,223842957,223845699,0,223845702,223845704,223845709,1,2,4,10,9,2,2742,-223845699,223845702,2,5,15,2767
3033,230832370,230832371,230832374,230832386,230832403,230832421,230832402,230834919,0,230834922,230834926,230834930,1,3,12,29,18,-1,2517,-230834919,230834922,4,4,32,2560
3034,230832391,230832392,230832413,230832416,230832420,230832447,230832435,230835032,0,230835034,230835036,230835039,1,21,3,7,27,15,2597,-230835032,230835034,2,3,44,2648
3035,231274144,231274145,231274147,231274151,231274156,231274166,231274159,231276843,0,231276845,231276847,231276852,1,2,4,9,10,3,2684,-231276843,231276845,2,5,15,2708
3036,233444197,233444198,233444200,233444206,233444213,233444231,233444217,233446558,0,233446561,233446563,233446567,1,2,6,13,18,4,2341,-233446558,233446561,2,4,20,2370
3037,233444237,233444239,233444240,233444243,233444247,233444263,233444250,233446675,0,233446677,233446678,233446683,2,1,3,7,16,3,2425,-233446675,233446677,1,5,13,2446
3038,245364560,245364561,245364564,245364579,245364595,245364597,245364590,245367063,0,245367066,245367072,245367076,1,3,15,31,2,-5,2473,-245367063,245367066,6,4,30,2516
3039,245364565,245364566,245364598,245364601,245364605,245364612,245364623,245367111,0,245367113,245367115,245367119,1,32,3,7,7,18,2488,-245367111,245367113,2,4,58,2554
3040,252125758,252125760,252125762,252125776,252125792,252125794,252125786,252128218,0,252128221,252128227,252128231,2,2,14,30,2,-6,2432,-252128218,252128221,6,4,28,2473
3041,252377742,252377743,252377745,252377752,252377760,252377769,252377760,252380117,0,252380119,252380122,252380126,1,2,7,15,9,0,2357,-252380117,252380119,3,4,18,2384
3042,253888168,253888169,253888171,253888180,253888190,253888201,253888189,253890702,0,253890705,253890709,253890714,1,2,9,19,11,-1,2513,-253890702,253890705,4,5,21,2546
3043,258150024,258150025,258150027,258150037,258150054,258150056,258150046,258153522,0,258153525,258153529,258153533,1,2,10,27,2,-8,3476,-258153522,258153525,4,4,22,3509
3044,273761199,273761201,273761203,273761220,273761237,273761239,273761233,273763673,0,273763677,273763681,273763686,2,2,17,34,2,-4,2440,-273763673,273763677,4,5,34,2487
3045,320292450,320292452,320292455,320292472,320292490,320292492,320292487,320294804,0,320294807,320294812,320294816,2,3,17,35,2,-3,2317,-320294804,320294807,5,4,37,2366
3046,325071229,325071233,325071235,325071248,325071261,325071264,325071259,325073704,0,325073707,325073711,325073715,4,2,13,26,3,-2,2445,-325073704,325073707,4,4,30,2486
3047,325074593,325074594,325074596,325074599,325074604,325074615,325074606,325077008,0,325077010,325077013,325077017,1,2,3,8,11,2,2402,-325077008,325077010,3,4,13,2424
3048,325078095,325078096,325078098,325078101,325078105,325078121,325078107,325080976,0,325080979,325080982,325080986,1,2,3,7,16,2,2869,-325080976,325080979,3,4,12,2891
3049,341989390,341989392,341989394,341989412,341989437,341989440,341989424,341993029,0,341993032,341993038,341993043,2,2,18,43,3,-13,3605,-341993029,341993032,6,5,34,3653
3050,346945495,346945499,346945534,346945537,346945541,346945547,346945566,346948038,0,346948040,346948042,346948047,4,35,3,7,6,25,2472,-346948038,346948040,2,5,71,2552
3051,346945496,346945497,346945499,346945515,346945531,346945533,346945526,346947989,0,346947993,346947998,346948002,1,2,16,32,2,-5,2463,-346947989,346947993,5,4,30,2506
3052,376869255,376869257,376869259,376869275,376869294,376869297,376869289,376871680,0,376871684,376871690,376871695,2,2,16,35,3,-5,2391,-376871680,376871684,6,5,34,2440
3053,387033341,387033344,387033346,387033363,387033380,387033383,387033375,387035793,0,387035797,387035802,387035807,3,2,17,34,3,-5,2418,-387035793,387035797,5,5,34,2466
3054,393402021,393402022,393402024,393402041,393402063,393402066,393402052,393405445,0,393405449,393405453,393405458,1,2,17,39,3,-11,3393,-393405445,393405449,4,5,31,3437
3055,406247842,406247843,406247845,406247862,406247881,406247884,406247876,406250256,0,406250260,406250266,406250271,1,2,17,36,3,-5,2380,-406250256,406250260,6,5,34,2429
3056,406247846,406247847,406247884,406247887,406247892,406247901,406247927,406250308,0,406250310,406250312,406250317,1,37,3,8,9,35,2381,-406250308,406250310,2,5,81,2471
3057,409860890,409860893,409860896,409860911,409860932,409860935,409860922,409864266,0,409864269,409864274,409864279,3,3,15,36,3,-10,3344,-409864266,409864269,5,5,32,3389
3058,410312899,410312900,410312902,410312907,410312914,410312923,410312914,410316295,0,410316298,410316302,410316306,1,2,5,12,9,0,3381,-410316295,410316298,4,4,15,3407
3059,411714949,411714950,411714952,411714959,411714970,411714971,411714968,411718449,0,411718451,411718454,411718458,1,2,7,18,1,-2,3481,-411718449,411718451,3,4,19,3509
3060,420889351,420889352,420889354,420889371,420889394,420889397,420889383,420892833,0,420892836,420892841,420892845,1,2,17,40,3,-11,3450,-420892833,420892836,5,4,32,3494
3061,421208959,421208960,421208962,421208966,421208974,421208982,421208975,421212395,0,421212398,421212401,421212405,1,2,4,12,8,1,3420,-421212395,421212398,3,4,16,3446
3062,451235328,451235329,451235331,451235349,451235373,451235377,451235362,451238894,0,451238897,451238903,451238908,1,2,18,42,4,-11,3532,-451238894,451238897,6,5,34,3580
3063,451480985,451480989,451480991,451480999,451481008,451481010,451481007,451483391,0,451483393,451483396,451483401,4,2,8,17,2,-1,2384,-451483391,451483393,3,5,22,2416
3064,451482301,451482301,451482304,451482307,451482311,451482321,451482312,451484620,0,451484622,451484624,451484629,0,3,3,7,10,1,2308,-451484620,451484622,2,5,11,2328
3065,454391340,454391341,454391343,454391353,454391364,454391365,454391362,454393735,0,454393738,454393743,454393748,1,2,10,21,1,-2,2373,-454393735,454393738,5,5,22,2408
3066,455396721,455396722,455396723,455396731,455396742,455396751,455396738,455400178,0,455400180,455400184,455400189,1,1,8,19,9,-4,3440,-455400178,455400180,4,5,17,3468
3067,456334741,456334744,456334746,456334754,456334761,456334769,456334762,456337112,0,456337114,456337117,456337121,3,2,8,15,8,1,2350,-456337112,456337114,3,4,21,2380
3068,471365035,471365037,471365039,471365055,471365072,471365075,471365068,471367428,0,471367432,471367438,471367442,2,2,16,33,3,-4,2360,-471367428,471367432,6,4,33,2407
3069,476308793,476308797,476308799,476308809,476308820,476308829,476308818,476312039,0,476312042,476312046,476312051,4,2,10,21,9,-2,3221,-476312039,476312042,4,5,25,3258
3070,483535882,483535883,483535885,483535899,483535915,483535918,483535911,483538531,0,483538535,483538539,483538543,1,2,14,30,3,-4,2620,-483538531,483538535,4,4,29,2661
3071,484052430,484052431,484052433,484052439,484052446,484052457,484052446,484055689,0,484055691,484055694,484055698,1,2,6,13,11,0,3243,-484055689,484055691,3,4,16,3268
3072,493595615,493595618,493595621,493595638,493595661,493595664,493595650,493599091,0,493599094,493599098,493599103,3,3,17,40,3,-11,3441,-493599091,493599094,4,5,35,3488
3073,493599896,493599897,493599899,493599903,493599910,493599917,493599910,493603171,0,493603174,493603176,493603180,1,2,4,11,7,0,3261,-493603171,493603174,2,4,14,3284
3074,499303845,499303846,499303848,499303862,499303877,499303879,499303873,499306355,0,499306358,499306363,499306368,1,2,14,29,2,-4,2482,-499306355,499306358,5,5,28,2523
3075,499669405,499669409,499669411,499669419,499669432,499669433,499669426,499672637,0,499672640,499672643,499672647,4,2,8,21,1,-6,3211,-499672637,499672640,3,4,21,3242
3076,508285065,508285066,508285068,508285084,508285105,508285106,508285095,508288576,0,508288579,508288583,508288588,1,2,16,37,1,-10,3481,-508288576,508288579,4,5,30,3523
3077,536469975,536469979,536469981,536470001,536470025,536470028,536470016,536473479,0,536473483,536473487,536473491,4,2,20,44,3,-9,3463,-536473479,536473483,4,4,41,3516
3078,536469987,536469988,536470038,536470041,536470047,536470070,536470058,536473598,0,536473600,536473602,536473606,1,50,3,9,23,11,3540,-536473598,536473600,2,4,71,3619
3079,536493964,536493965,536493967,536493970,536493976,536493992,536493978,536497417,0,536497420,536497422,536497427,1,2,3,9,16,2,3439,-536497417,536497420,2,5,14,3463
3080,536498471,536498472,536498474,536498477,536498483,536498495,536498485,536501697,0,536501700,536501703,536501707,1,2,3,9,12,2,3212,-536501697,536501700,3,4,14,3236
3081,537452336,537452337,537452339,537452347,537452355,537452367,537452355,537455829,0,537455832,537455836,537455840,1,2,8,16,12,0,3474,-537455829,537455832,4,4,19,3504
3082,538842742,538842743,538842745,538842752,538842759,538842769,538842760,538845672,0,538845674,538845678,538845683,1,2,7,14,10,1,2912,-538845672,538845674,4,5,18,2941
3083,538956281,538956282,538956284,538956288,538956293,538956303,538956294,538959469,0,538959471,538959475,538959480,1,2,4,9,10,1,3175,-538959469,538959471,4,5,13,3199
3084,539082991,539082992,539082994,539082997,539083002,539083012,539083004,539086064,0,539086067,539086070,539086075,1,2,3,8,10,2,3060,-539086064,539086067,3,5,13,3084
3085,539699609,539699610,539699612,539699616,539699621,539699631,539699623,539702518,0,539702521,539702524,539702528,1,2,4,9,10,2,2895,-539702518,539702521,3,4,14,2919
3086,540435274,540435275,540435277,540435281,540435286,540435297,540435288,540437667,0,540437670,540437672,540437677,1,2,4,9,11,2,2379,-540437667,540437670,2,5,14,2403
3087,543267127,543267131,543267132,543267142,543267156,543267165,543267153,543270534,0,543270537,543270541,543270545,4,1,10,24,9,-3,3381,-543270534,543270537,4,4,26,3418
3088,546425295,546425298,546425300,546425309,546425321,546425323,546425318,546428633,0,546428636,546428639,546428644,3,2,9,21,2,-3,3315,-546428633,546428636,3,5,23,3349
3089,546449285,546449286,546449288,546449292,546449299,546449309,546449299,546452465,0,546452468,546452470,546452475,1,2,4,11,10,0,3166,-546452465,546452468,2,5,14,3190
3090,589975880,589975882,589975884,589975901,589975920,589975923,589975915,589978371,0,589978375,589978381,589978385,2,2,17,36,3,-5,2456,-589978371,589978375,6,4,35,2505
3091,590091291,590091292,590091294,590091303,590091310,590091320,590091309,590093550,0,590093553,590093556,590093559,1,2,9,16,10,-1,2241,-590093550,590093553,3,3,18,2268
3092,590091302,590091303,590091320,590091322,590091327,590091345,590091330,590093801,0,590093803,590093805,590093809,1,17,2,7,18,3,2471,-590093801,590093803,2,4,28,2507
3093,597720423,597720427,597720429,597720444,597720460,597720462,597720456,597723575,0,597723578,597723582,597723587,4,2,15,31,2,-4,3119,-597723575,597723578,4,5,33,3164
3094,660875188,660875190,660875192,660875209,660875227,660875230,660875223,660877743,0,660877747,660877752,660877757,2,2,17,35,3,-4,2520,-660877743,660877747,5,5,35,2569
3095,700431925,700431928,700431930,700431946,700431967,700431969,700431958,700435648,0,700435651,700435655,700435659,3,2,16,37,2,-9,3690,-700435648,700435651,4,4,33,3734
3096,704584315,704584316,704584318,704584331,704584347,704584349,704584341,704587770,0,704587773,704587777,704587782,1,2,13,29,2,-6,3429,-704587770,704587773,4,5,26,3467
3097,736031251,736031252,736031254,736031274,736031298,736031301,736031287,736034815,0,736034819,736034825,736034829,1,2,20,44,3,-11,3528,-736034815,736034819,6,4,36,3578
3098,736433130,736433130,736433132,736433138,736433146,736433147,736433146,736436617,0,736436619,736436622,736436626,0,2,6,14,1,0,3471,-736436617,736436619,3,4,16,3496
3099,736668612,736668613,736668615,736668619,736668626,736668634,736668625,736672020,0,736672023,736672025,736672029,1,2,4,11,8,-1,3395,-736672020,736672023,2,4,13,3417
3100,753528979,753528982,753528985,753529003,753529027,753529030,753529016,753532432,0,753532436,753532440,753532444,3,3,18,42,3,-11,3416,-753532432,753532436,4,4,37,3465
3101,777538392,777538394,777538396,777538414,777538438,777538441,777538428,777541726,0,777541729,777541734,777541738,2,2,18,42,3,-10,3298,-777541726,777541729,5,4,36,3346
3102,783842815,783842816,783842818,783842834,783842854,783842857,783842846,783846302,0,783846305,783846311,783846317,1,2,16,36,3,-8,3456,-783846302,783846305,6,6,31,3502
3103,784323227,784323228,784323229,784323235,784323243,784323253,784323242,784326923,0,784326926,784326929,784326933,1,1,6,14,10,-1,3681,-784326923,784326926,3,4,15,3706
3104,784460446,784460447,784460449,784460452,784460458,784460470,784460462,784464001,0,784464004,784464006,784464011,1,2,3,9,12,4,3539,-784464001,784464004,2,5,16,3565
3105,784467760,784467761,784467763,784467768,784467773,784467782,784467774,784471106,0,784471109,784471112,784471116,1,2,5,10,9,1,3332,-784471106,784471109,3,4,14,3356
3106,835818660,835818663,835818666,835818683,835818701,835818704,835818698,835821138,0,835821141,835821146,835821151,3,3,17,35,3,-3,2440,-835821138,835821141,5,5,38,2491
3107,837000157,837000161,837000163,837000169,837000176,837000184,837000177,837002681,0,837002683,837002687,837002692,4,2,6,13,8,1,2504,-837002681,837002683,4,5,20,2535
3108,837000648,837000649,837000651,837000654,837000658,837000669,837000659,837002895,0,837002897,837002900,837002904,1,2,3,7,11,1,2236,-837002895,837002897,3,4,11,2256
3109,840345068,840345069,840345071,840345083,840345094,840345097,840345092,840347523,0,840347525,840347531,840347537,1,2,12,23,3,-2,2431,-840347523,840347525,6,6,24,2469
3110,840361427,840361427,840361429,840361433,840361438,840361449,840361440,840363733,0,840363735,840363738,840363742,0,2,4,9,11,2,2293,-840363733,840363735,3,4,13,2315
3111,840369247,840369248,840369250,840369254,840369258,840369268,840369260,840371629,0,840371631,840371635,840371639,1,2,4,8,10,2,2369,-840371629,840371631,4,4,13,2392
3112,840374651,840374651,840374653,840374656,840374661,840374671,840374663,840376973,0,840376975,840376977,840376982,0,2,3,8,10,2,2310,-840376973,840376975,2,5,12,2331
3113,840380346,840380347,840380349,840380352,840380356,840380367,840380359,840382590,0,840382592,840382596,840382600,1,2,3,7,11,3,2231,-840382590,840382592,4,4,13,2254
3114,840410352,840410353,840410355,840410359,840410363,840410374,840410365,840412675,0,840412678,840412680,840412685,1,2,4,8,11,2,2310,-840412675,840412678,2,5,13,2333
3115,840628266,840628267,840628269,840628273,840628278,840628288,840628281,840630663,0,840630666,840630668,840630673,1,2,4,9,10,3,2382,-840630663,840630666,2,5,15,2407
3116,841840178,841840178,841840180,841840186,841840193,841840202,841840194,841843419,0,841843421,841843425,841843430,0,2,6,13,9,1,3225,-841843419,841843421,4,5,16,3252
3117,843459060,843459061,843459063,843459067,843459073,843459083,843459074,843462005,0,843462009,843462012,843462017,1,2,4,10,10,1,2931,-843462005,843462009,3,5,14,2957
3118,844437744,844437745,844437747,844437753,844437765,844437766,844437760,844441074,0,844441077,844441080,844441085,1,2,6,18,1,-5,3314,-844441074,844441077,3,5,16,3341
3119,846556270,846556271,846556273,846556278,846556285,846556296,846556287,846558652,0,846558655,846558658,846558663,1,2,5,12,11,2,2365,-846558652,846558655,3,5,17,2393
3120,846559126,846559127,846559129,846559132,846559137,846559147,846559139,846561394,0,846561397,846561400,846561404,1,2,3,8,10,2,2255,-846561394,846561397,3,4,13,2278
3121,851153405,851153406,851153409,851153419,851153434,851153436,851153428,851156924,0,851156927,851156931,851156935,1,3,10,25,2,-6,3496,-851156924,851156927,4,4,23,3530
3122,851526137,851526138,851526140,851526150,851526162,851526163,851526156,851529664,0,851529667,851529670,851529675,1,2,10,22,1,-6,3508,-851529664,851529667,3,5,19,3538
3123,852444919,852444920,852444922,852444928,852444935,852444937,852444936,852447814,0,852447818,852447821,852447826,1,2,6,13,2,1,2878,-852447814,852447818,3,5,17,2907
3124,852536277,852536278,852536280,852536285,852536293,852536301,852536292,852539618,0,852539622,852539625,852539630,1,2,5,13,8,-1,3326,-852539618,852539622,3,5,15,3353
3125,855234921,855234921,855234923,855234931,855234939,855234949,855234940,855238306,0,855238310,855238315,855238319,0,2,8,16,10,1,3366,-855238306,855238310,5,4,19,3398
3126,855234953,855234954,855234956,855234959,855234963,855234971,855234964,855238359,0,855238361,855238363,855238368,1,2,3,7,8,1,3395,-855238359,855238361,2,5,11,3415
3127,855235530,855235531,855235533,855235540,855235547,855235561,855235546,855238424,0,855238426,855238430,855238434,1,2,7,14,14,-1,2878,-855238424,855238426,4,4,16,2904
3128,855235537,855235538,855235549,855235554,855235560,855235606,855235574,855238428,0,855238430,855238432,855238437,1,11,5,11,46,14,2854,-855238428,855238430,2,5,37,2900
3129,855235548,855235550,855235573,855235577,855235582,855235593,855235615,855238519,0,855238520,855238523,855238529,2,23,4,9,11,33,2904,-855238519,855238520,3,6,67,2981
3130,855235549,855235550,855235562,855235566,855235572,855235599,855235577,855238516,0,855238518,855238520,855238526,1,12,4,10,27,5,2939,-855238516,855238518,2,6,28,2977
3131,855235565,855235566,855235584,855235588,855235594,855235629,855235620,855238521,0,855238523,855238526,855238532,1,18,4,10,35,26,2901,-855238521,855238523,3,6,55,2967
3132,875177263,875177264,875177266,875177284,875177308,875177311,875177299,875180816,0,875180819,875180825,875180830,1,2,18,42,3,-9,3517,-875180816,875180819,6,5,36,3567
3133,875678407,875678407,875678409,875678415,875678424,875678433,875678423,875681744,0,875681747,875681750,875681754,0,2,6,15,9,-1,3321,-875681744,875681747,3,4,16,3347
3134,875682689,875682690,875682692,875682696,875682702,875682703,875682702,875685946,0,875685949,875685952,875685956,1,2,4,10,1,0,3244,-875685946,875685949,3,4,13,3267
3135,879651415,879651417,879651419,879651429,879651441,879651443,879651439,879654465,0,879654469,879654474,879654479,2,2,10,22,2,-2,3026,-879654465,879654469,5,5,24,3064
3136,894700495,894700497,894700499,894700516,894700540,894700543,894700529,894703803,0,894703807,894703811,894703815,2,2,17,41,3,-11,3274,-894703803,894703807,4,4,34,3320
3137,931413942,931413944,931413946,931413962,931413981,931413983,931413976,931416304,0,931416307,931416313,931416318,2,2,16,35,2,-5,2328,-931416304,931416307,6,5,34,2376
3138,931447787,931447788,931447790,931447794,931447799,931447809,931447800,931450683,0,931450685,931450688,931450692,1,2,4,9,10,1,2883,-931450683,931450685,3,4,13,2905
3139,931451213,931451213,931451215,931451218,931451223,931451233,931451225,931453578,0,931453580,931453583,931453587,0,2,3,8,10,2,2353,-931453578,931453580,3,4,12,2374
3140,931454656,931454657,931454659,931454662,931454666,931454677,931454669,931457925,0,931457929,931457931,931457935,1,2,3,7,11,3,3256,-931457925,931457929,2,4,13,3279
3141,931468191,931468192,931468194,931468197,931468201,931468211,931468203,931471665,0,931471668,931471670,931471675,1,2,3,7,10,2,3462,-931471665,931471668,2,5,12,3484
3142,932540972,932540973,932540975,932540979,932540984,932540993,932540985,932543340,0,932543343,932543346,932543350,1,2,4,9,9,1,2355,-932543340,932543343,3,4,13,2378
3143,933281806,933281807,933281809,933281817,933281825,933281834,933281827,933284295,0,933284298,933284302,933284306,1,2,8,16,9,2,2468,-933284295,933284298,4,4,21,2500
3144,935400833,935400834,935400836,935400845,935400858,935400860,935400853,935404275,0,935404278,935404282,935404286,1,2,9,22,2,-5,3422,-935404275,935404278,4,4,20,3453
3145,951425528,951425528,951425531,951425550,951425574,951425577,951425563,951429152,0,951429156,951429162,951429167,0,3,19,43,3,-11,3589,-951429152,951429156,6,5,35,3639
3146,952934464,952934466,952934468,952934478,952934490,952934503,952934490,952937753,0,952937756,952937760,952937764,2,2,10,22,13,0,3263,-952937753,952937756,4,4,26,3300
3147,953223959,953223959,953223961,953223966,953223973,953223982,953223973,953227504,0,953227507,953227510,953227514,0,2,5,12,9,0,3531,-953227504,953227507,3,4,14,3555
3148,953290099,953290099,953290102,953290105,953290112,953290121,953290111,953293510,0,953293512,953293516,953293520,0,3,3,10,9,-1,3399,-953293510,953293512,4,4,12,3421
3149,953308344,953308344,953308346,953308350,953308356,953308364,953308356,953311759,0,953311762,953311765,953311770,0,2,4,10,8,0,3403,-953311759,953311762,3,5,12,3426
3150,955003511,955003513,955003515,955003524,955003534,955003536,955003532,955006131,0,955006134,955006137,955006142,2,2,9,19,2,-2,2599,-955006131,955006134,3,5,21,2631
3151,964907878,964907880,964907882,964907900,964907923,964907926,964907914,964911333,0,964911337,964911342,964911346,2,2,18,41,3,-9,3419,-964911333,964911337,5,4,36,3468
3152,965102503,965102503,965102505,965102510,965102516,965102517,965102516,965105925,0,965105928,965105931,965105935,0,2,5,11,1,0,3409,-965105925,965105928,3,4,13,3432
3153,966584908,966584909,966584911,966584919,966584928,966584940,966584929,966588029,0,966588032,966588036,966588040,1,2,8,17,12,1,3100,-966588029,966588032,4,4,21,3132
3154,966588880,966588881,966588883,966588887,966588891,966588901,966588893,966591641,0,966591644,966591646,966591651,1,2,4,8,10,2,2748,-966591641,966591644,2,5,13,2771
3155,972306312,972306313,972306315,972306329,972306349,972306350,972306339,972309979,0,972309982,972309987,972309992,1,2,14,34,1,-10,3640,-972309979,972309982,5,5,27,3680
3156,972352608,972352609,972352610,972352616,972352625,972352626,972352623,972356117,0,972356120,972356123,972356128,1,1,6,15,1,-2,3494,-972356117,972356120,3,5,15,3520
3157,972446200,972446201,972446203,972446210,972446217,972446225,972446216,972449787,0,972449790,972449793,972449798,1,2,7,14,8,-1,3571,-972449787,972449790,3,5,16,3598
3158,972493687,972493688,972493690,972493695,972493702,972493712,972493704,972497219,0,972497222,972497225,972497230,1,2,5,12,10,2,3515,-972497219,972497222,3,5,17,3543
3159,972516766,972516767,972516769,972516775,972516782,972516790,972516782,972520300,0,972520303,972520306,972520310,1,2,6,13,8,0,3518,-972520300,972520303,3,4,16,3544
3160,972541049,972541050,972541052,972541057,972541064,972541072,972541063,972544553,0,972544555,972544559,972544563,1,2,5,12,8,-1,3490,-972544553,972544555,4,4,14,3514
3161,973545879,973545880,973545882,973545887,973545894,973545902,973545893,973549234,0,973549237,973549241,973549244,1,2,5,12,8,-1,3341,-973549234,973549237,4,3,14,3365
3162,973545940,973545940,973545942,973545946,973545951,973545960,973545951,973549532,0,973549536,973549538,973549544,0,2,4,9,9,0,3581,-973549532,973549536,2,6,11,3604
3163,973546477,973546478,973546480,973546483,973546489,973546496,973546490,973549685,0,973549687,973549689,973549692,1,2,3,9,7,1,3195,-973549685,973549687,2,3,13,3215
3164,975082806,975082807,975082809,975082816,975082824,975082832,975082823,975086304,0,975086307,975086310,975086315,1,2,7,15,8,-1,3481,-975086304,975086307,3,5,17,3509
3165,975694482,975694483,975694485,975694493,975694501,975694502,975694499,975698079,0,975698081,975698084,975698089,1,2,8,16,1,-2,3580,-975698079,975698081,3,5,17,3607
3166,976701846,976701846,976701848,976701853,976701861,976701867,976701859,976705577,0,976705580,976705582,976705586,0,2,5,13,6,-2,3718,-976705577,976705580,2,4,13,3740
3167,976704557,976704558,976704560,976704563,976704569,976704570,976704569,976709394,0,976709396,976709399,976709403,1,2,3,9,1,0,4825,-976709394,976709396,3,4,12,4846
3168,984500843,984500845,984500847,984500862,984500882,984500884,984500873,984504127,0,984504131,984504136,984504140,2,2,15,35,2,-9,3254,-984504127,984504131,5,4,30,3297
3169,5765827,5765828,5765830,5765849,5765872,5765875,5765862,5769411,0,5769414,5769421,5769425,1,2,19,42,3,-10,3549,-5769411,5769414,7,4,35,3598
3170,23891908,23891910,23891912,23891930,23891955,23891958,23891944,23895409,0,23895413,23895418,23895423,2,2,18,43,3,-11,3465,-23895409,23895413,5,5,36,3515
3171,30359874,30359875,30359878,30359895,30359917,30359918,30359906,30363354,0,30363358,30363363,30363368,1,3,17,39,1,-11,3448,-30363354,30363358,5,5,32,3494
3172,32352774,32352775,32352777,32352787,32352801,32352803,32352796,32356345,0,32356348,32356352,32356357,1,2,10,24,2,-5,3549,-32356345,32356348,4,5,22,3583
3173,32455651,32455652,32455654,32455659,32455667,32455676,32455667,32458776,0,32458780,32458784,32458788,1,2,5,13,9,0,3109,-32458776,32458780,4,4,16,3137
3174,32501039,32501040,32501042,32501047,32501054,32501062,32501054,32504523,0,32504526,32504529,32504533,1,2,5,12,8,0,3469,-32504523,32504526,3,4,15,3494
3175,32511958,32511959,32511961,32511965,32511972,32511973,32511972,32515396,0,32515398,32515401,32515406,1,2,4,11,1,0,3424,-32515396,32515398,3,5,14,3448
3176,32546619,32546619,32546621,32546628,32546636,32546644,32546635,32549971,0,32549974,32549977,32549981,0,2,7,15,8,-1,3336,-32549971,32549974,3,4,16,3362
3177,32580764,32580765,32580767,32580772,32580780,32580787,32580780,32584109,0,32584111,32584114,32584119,1,2,5,13,7,0,3329,-32584109,32584111,3,5,16,3355
3178,33288564,33288567,33288569,33288577,33288588,33288596,33288584,33291880,0,33291882,33291885,33291890,3,2,8,19,8,-4,3296,-33291880,33291882,3,5,20,3326
3179,33588668,33588668,33588670,33588675,33588683,33588690,33588682,33592144,0,33592147,33592150,33592153,0,2,5,13,7,-1,3462,-33592144,33592147,3,3,14,3485
3180,34602075,34602076,34602078,34602083,34602090,34602098,34602090,34605448,0,34605450,34605455,34605459,1,2,5,12,8,0,3358,-34605448,34605450,5,4,15,3384
3181,38072308,38072309,38072311,38072320,38072331,38072340,38072330,38075753,0,38075756,38075760,38075765,1,2,9,20,9,-1,3423,-38075753,38075756,4,5,22,3457
3182,38708038,38708039,38708041,38708050,38708060,38708069,38708057,38711482,0,38711484,38711488,38711492,1,2,9,19,9,-3,3425,-38711482,38711484,4,4,19,3454
3183,39714591,39714592,39714594,39714598,39714605,39714613,39714606,39718095,0,39718098,39718101,39718105,1,2,4,11,8,1,3489,-39718095,39718098,3,4,15,3514
3184,50102287,50102288,50102291,50102306,50102323,50102327,50102320,50104811,0,50104814,50104821,50104825,1,3,15,32,4,-3,2491,-50104811,50104814,7,4,33,2538
3185,50109833,50109834,50109836,50109839,50109844,50109854,50109846,50112207,0,50112210,50112212,50112216,1,2,3,8,10,2,2361,-50112207,50112210,2,4,13,2383
3186,50112506,50112506,50112508,50112511,50112516,50112526,50112518,50114889,0,50114891,50114895,50114899,0,2,3,8,10,2,2371,-50114889,50114891,4,4,12,2393
3187,51373931,51373932,51373934,51373940,51373947,51373957,51373948,51376553,0,51376556,51376559,51376564,1,2,6,13,10,1,2605,-51376553,51376556,3,5,17,2633
3188,63441643,63441644,63441646,63441664,63441688,63441690,63441676,63445170,0,63445174,63445179,63445185,1,2,18,42,2,-12,3494,-63445170,63445174,5,6,33,3542
3189,92295868,92295870,92295872,92295890,92295914,92295917,92295904,92299249,0,92299253,92299258,92299262,2,2,18,42,3,-10,3345,-92299249,92299253,5,4,36,3394
3190,92477908,92477910,92477912,92477918,92477927,92477935,92477925,92481410,0,92481413,92481416,92481421,2,2,6,15,8,-2,3485,-92481410,92481413,3,5,17,3513
3191,93486487,93486488,93486490,93486494,93486501,93486508,93486500,93489908,0,93489911,93489913,93489917,1,2,4,11,7,-1,3408,-93489908,93489911,2,4,13,3430
3192,93490367,93490368,93490370,93490374,93490380,93490394,93490380,93493785,0,93493788,93493790,93493794,1,2,4,10,14,0,3405,-93493785,93493788,2,4,13,3427
3193,95532773,95532774,95532776,95532785,95532795,95532805,95532794,95536274,0,95536276,95536280,95536284,1,2,9,19,10,-1,3480,-95536274,95536276,4,4,21,3511
3194,96554480,96554481,96554483,96554488,96554495,96554495,96554494,96557850,0,96557854,96557857,96557861,1,2,5,12,0,-1,3356,-96557850,96557854,3,4,14,3381
3195,98689893,98689895,98689897,98689905,98689916,98689918,98689913,98694115,0,98694117,98694121,98694126,2,2,8,19,2,-3,4202,-98694115,98694117,4,5,20,4233
3196,99698210,99698211,99698213,99698217,99698224,99698224,99698223,99701791,0,99701794,99701797,99701801,1,2,4,11,0,-1,3568,-99701791,99701794,3,4,13,3591
3197,152287578,152287579,152287582,152287601,152287625,152287627,152287613,152291074,0,152291077,152291083,152291087,1,3,19,43,2,-12,3461,-152291074,152291077,6,4,35,3509
3198,152332771,152332772,152332774,152332779,152332788,152332796,152332787,152336225,0,152336227,152336231,152336235,1,2,5,14,8,-1,3438,-152336225,152336227,4,4,16,3464
3199,152469128,152469129,152469131,152469136,152469144,152469145,152469144,152472773,0,152472775,152472778,152472782,1,2,5,13,1,0,3629,-152472773,152472775,3,4,16,3654
3200,152516377,152516378,152516380,152516387,152516397,152516405,152516396,152519982,0,152519986,152519989,152519993,1,2,7,17,8,-1,3586,-152519982,152519986,3,4,19,3616
3201,153526060,153526061,153526063,153526067,153526074,153526083,153526074,153529819,0,153529823,153529825,153529830,1,2,4,11,9,0,3745,-153529819,153529823,2,5,14,3770
3202,155444603,155444604,155444606,155444612,155444621,155444629,155444620,155448008,0,155448011,155448015,155448018,1,2,6,15,8,-1,3388,-155448008,155448011,4,3,17,3415
3203,155550488,155550488,155550490,155550497,155550505,155550513,155550504,155554103,0,155554107,155554110,155554115,0,2,7,15,8,-1,3599,-155554103,155554107,3,5,16,3627
3204,156560957,156560958,156560960,156560965,156560971,156560972,156560971,156564376,0,156564380,156564384,156564391,1,2,5,11,1,0,3405,-156564376,156564380,4,7,14,3434
3205,157585824,157585825,157585827,157585832,157585839,157585846,157585839,157589184,0,157589187,157589189,157589193,1,2,5,12,7,0,3345,-157589184,157589187,2,4,15,3369
3206,160854393,160854394,160854396,160854405,160854416,160854418,160854414,160856937,0,160856940,160856944,160856949,1,2,9,20,2,-2,2523,-160856937,160856940,4,5,21,2556
3207,164086193,164086194,164086196,164086206,164086221,164086222,164086215,164089911,0,164089914,164089918,164089923,1,2,10,25,1,-6,3696,-164089911,164089914,4,5,22,3730
3208,167112322,167112324,167112326,167112335,167112345,167112357,167112344,167114857,0,167114859,167114864,167114869,2,2,9,19,12,-1,2513,-167114857,167114859,5,5,22,2547
3209,167125206,167125207,167125209,167125212,167125217,167125227,167125219,167127570,0,167127572,167127575,167127578,1,2,3,8,10,2,2351,-167127570,167127572,3,3,13,2372
3210,167190664,167190665,167190667,167190670,167190675,167190685,167190677,167193003,0,167193005,167193008,167193012,1,2,3,8,10,2,2326,-167193003,167193005,3,4,13,2348
3211,169215927,169215928,169215930,169215936,169215944,169215956,169215943,169218364,0,169218367,169218370,169218375,1,2,6,14,12,-1,2421,-169218364,169218367,3,5,16,2448
3212,169918391,169918392,169918394,169918398,169918404,169918413,169918406,169920754,0,169920757,169920760,169920764,1,2,4,10,9,2,2348,-169920754,169920757,3,4,15,2373
3213,169997196,169997196,169997199,169997201,169997205,169997215,169997207,169999476,0,169999478,169999481,169999485,0,3,2,6,10,2,2269,-169999476,169999478,3,4,11,2289
3214,176228727,176228728,176228731,176228742,176228754,176228757,176228753,176231179,0,176231182,176231187,176231191,1,3,11,23,3,-1,2426,-176231179,176231182,5,4,26,2464
3215,192531212,192531213,192531215,192531232,192531249,192531252,192531244,192534061,0,192534065,192534069,192534074,1,2,17,34,3,-5,2817,-192534061,192534065,4,5,32,2862
3216,195169290,195169294,195169296,195169305,195169314,195169315,195169314,195171784,0,195171787,195171790,195171795,4,2,9,18,1,0,2470,-195171784,195171787,3,5,24,2505
3217,198147075,198147076,198147079,198147091,198147102,198147116,198147101,198149520,0,198149523,198149528,198149532,1,3,12,23,14,-1,2419,-198149520,198149523,5,4,26,2457
3218,212588148,212588149,212588151,212588169,212588195,212588198,212588182,212591747,0,212591750,212591756,212591762,1,2,18,44,3,-13,3565,-212591747,212591750,6,6,34,3614
3219,215459875,215459876,215459878,215459892,215459907,215459909,215459902,215463312,0,215463315,215463319,215463323,1,2,14,29,2,-5,3410,-215463312,215463315,4,4,27,3448
3220,215596960,215596961,215596963,215596971,215596979,215596987,215596978,215600585,0,215600588,215600591,215600596,1,2,8,16,8,-1,3607,-215600585,215600588,3,5,18,3636
3221,224090809,224090810,224090812,224090829,224090851,224090853,224090840,224094343,0,224094346,224094351,224094356,1,2,17,39,2,-11,3503,-224094343,224094346,5,5,31,3547
3222,245522400,245522401,245522403,245522420,245522437,245522439,245522433,245525227,0,245525230,245525235,245525239,1,2,17,34,2,-4,2794,-245525227,245525230,5,4,33,2839
3223,256599484,256599486,256599488,256599506,256599531,256599534,256599518,256602987,0,256602991,256602996,256603002,2,2,18,43,3,-13,3469,-256602987,256602991,5,6,34,3518
3224,256614353,256614354,256614356,256614360,256614367,256614377,256614367,256617835,0,256617837,256617840,256617844,1,2,4,11,10,0,3468,-256617835,256617837,3,4,14,3491
3225,266212523,266212527,266212529,266212547,266212567,266212570,266212558,266216169,0,266216172,266216176,266216180,4,2,18,38,3,-9,3611,-266216169,266216172,4,4,35,3657
3226,266404613,266404613,266404615,266404620,266404628,266404635,266404627,266408204,0,266408207,266408209,266408214,0,2,5,13,7,-1,3577,-266408204,266408207,2,5,14,3601
3227,268482595,268482598,268482600,268482608,268482619,268482626,268482616,268485939,0,268485942,268485945,268485948,3,2,8,19,7,-3,3323,-268485939,268485942,3,3,21,3353
3228,272222234,272222235,272222237,272222249,272222264,272222267,272222258,272225772,0,272225775,272225780,272225785,1,2,12,27,3,-6,3514,-272225772,272225775,5,5,24,3551
3229,272359242,272359243,272359245,272359252,272359260,272359268,272359259,272362613,0,272362616,272362620,272362624,1,2,7,15,8,-1,3354,-272362613,272362616,4,4,17,3382
3230,272509599,272509601,272509603,272509609,272509617,272509625,272509616,272513082,0,272513085,272513088,272513092,2,2,6,14,8,-1,3466,-272513082,272513085,3,4,17,3493
3231,273516778,273516779,273516781,273516786,273516794,273516802,273516793,273520175,0,273520177,273520180,273520184,1,2,5,13,8,-1,3382,-273520175,273520177,3,4,15,3406
3232,274082777,274082778,274082780,274082788,274082798,274082801,274082796,274085365,0,274085369,274085371,274085376,1,2,8,18,3,-2,2569,-274085365,274085369,2,5,19,2599
3233,275133434,275133435,275133437,275133445,275133455,275133458,275133453,275136941,0,275136944,275136950,275136955,1,2,8,18,3,-2,3488,-275136941,275136944,6,5,19,3521
3234,275454293,275454295,275454297,275454303,275454313,275454322,275454312,275457689,0,275457692,275457697,275457701,2,2,6,16,9,-1,3377,-275457689,275457692,5,4,19,3408
3235,275510772,275510773,275510775,275510780,275510788,275510798,275510787,275514227,0,275514230,275514233,275514238,1,2,5,13,10,-1,3440,-275514227,275514230,3,5,15,3466
3236,277572616,277572617,277572619,277572627,277572637,277572646,277572635,277576086,0,277576089,277576093,277576097,1,2,8,18,9,-2,3451,-277576086,277576089,4,4,19,3481
3237,278727612,278727613,278727615,278727624,278727634,278727643,278727632,278731102,0,278731104,278731108,278731112,1,2,9,19,9,-2,3470,-278731102,278731104,4,4,20,3500
3238,279736675,279736676,279736678,279736682,279736690,279736698,279736689,279740200,0,279740203,279740206,279740209,1,2,4,12,8,-1,3511,-279740200,279740203,3,3,14,3534
3239,284092255,284092255,284092258,284092267,284092276,284092285,284092276,284095850,0,284095853,284095856,284095861,0,3,9,18,9,0,3574,-284095850,284095853,3,5,21,3606
3240,285320027,285320028,285320030,285320040,285320051,285320053,285320048,285323289,0,285323291,285323296,285323300,1,2,10,21,2,-3,3241,-285323289,285323291,5,4,21,3273
3241,287547225,287547226,287547228,287547237,287547248,287547250,287547244,287550799,0,287550802,287550805,287550810,1,2,9,20,2,-4,3555,-287550799,287550802,3,5,19,3585
3242,287603609,287603610,287603612,287603620,287603628,287603637,287603629,287607207,0,287607210,287607213,287607218,1,2,8,16,9,1,3578,-287607207,287607210,3,5,20,3609
3243,287771675,287771675,287771677,287771683,287771691,287771693,287771690,287775291,0,287775293,287775296,287775300,0,2,6,14,2,-1,3601,-287775291,287775293,3,4,15,3625
3244,287823768,287823770,287823772,287823776,287823783,287823791,287823783,287827290,0,287827293,287827295,287827299,2,2,4,11,8,0,3507,-287827290,287827293,2,4,15,3531
3245,288318874,288318875,288318877,288318882,288318889,288318899,288318889,288322275,0,288322278,288322281,288322285,1,2,5,12,10,0,3386,-288322275,288322278,3,4,15,3411
3246,289939459,289939460,289939462,289939467,289939474,289939484,289939474,289942949,0,289942952,289942955,289942959,1,2,5,12,10,0,3475,-289942949,289942952,3,4,15,3500
3247,290368451,290368452,290368455,290368462,290368472,290368481,290368469,290372103,0,290372106,290372110,290372117,1,3,7,17,9,-3,3634,-290372103,290372106,4,7,18,3666
3248,292034617,292034618,292034620,292034626,292034635,292034636,292034633,292037996,0,292037999,292038003,292038007,1,2,6,15,1,-2,3363,-292037996,292037999,4,4,16,3390
3249,301901857,301901858,301901860,301901876,301901898,301901900,301901888,301905187,0,301905191,301905196,301905201,1,2,16,38,2,-10,3299,-301905187,301905191,5,5,31,3344
3250,302561897,302561898,302561901,302561907,302561916,302561926,302561915,302565140,0,302565143,302565146,302565150,1,3,6,15,10,-1,3225,-302565140,302565143,3,4,18,3253
3251,323242455,323242457,323242459,323242477,323242500,323242503,323242491,323246066,0,323246070,323246076,323246080,2,2,18,41,3,-9,3575,-323246066,323246070,6,4,36,3625
3252,332236095,332236096,332236098,332236116,332236140,332236143,332236129,332239862,0,332239866,332239871,332239875,1,2,18,42,3,-11,3733,-332239862,332239866,5,4,34,3780
3253,332330885,332330887,332330889,332330895,332330903,332330911,332330902,332334368,0,332334371,332334374,332334379,2,2,6,14,8,-1,3466,-332334368,332334371,3,5,17,3494
3254,332519624,332519625,332519627,332519633,332519641,332519649,332519640,332523172,0,332523174,332523178,332523183,1,2,6,14,8,-1,3532,-332523172,332523174,4,5,16,3559
3255,332565961,332565962,332565964,332565971,332565979,332565986,332565978,332569438,0,332569440,332569444,332569448,1,2,7,15,7,-1,3460,-332569438,332569440,4,4,17,3487
3256,333571841,333571842,333571844,333571848,333571856,333571864,333571855,333575351,0,333575354,333575356,333575361,1,2,4,12,8,-1,3496,-333575351,333575354,2,5,14,3520
3257,333574563,333574564,333574566,333574570,333574576,333574582,333574576,333577986,0,333577988,333577991,333577995,1,2,4,10,6,0,3410,-333577986,333577988,3,4,13,3432
3258,335454927,335454928,335454930,335454937,335454947,335454949,335454946,335458446,0,335458449,335458452,335458457,1,2,7,17,2,-1,3500,-335458446,335458449,3,5,19,3530
3259,335572934,335572935,335572936,335572943,335572950,335572959,335572950,335576392,0,335576395,335576398,335576402,1,1,7,14,9,0,3442,-335576392,335576395,3,4,16,3468
3260,336581735,336581736,336581738,336581743,336581750,336581758,336581749,336585166,0,336585168,336585170,336585175,1,2,5,12,8,-1,3417,-336585166,336585168,2,5,14,3440
3261,337596436,337596436,337596438,337596443,337596450,337596458,337596449,337599946,0,337599948,337599951,337599955,0,2,5,12,8,-1,3497,-337599946,337599948,3,4,13,3519
3262,338763947,338763948,338763950,338763957,338763966,338763975,338763965,338767467,0,338767470,338767475,338767479,1,2,7,16,9,-1,3502,-338767467,338767470,5,4,18,3532
3263,339771664,339771665,339771667,339771671,339771678,339771685,339771678,339775458,0,339775460,339775463,339775467,1,2,4,11,7,0,3780,-339775458,339775460,3,4,14,3803
3264,344094249,344094250,344094252,344094261,344094271,344094279,344094270,344097723,0,344097726,344097730,344097734,1,2,9,19,8,-1,3453,-344097723,344097726,4,4,21,3485
3265,375796085,375796087,375796089,375796105,375796124,375796126,375796120,375798490,0,375798494,375798499,375798503,2,2,16,35,2,-4,2370,-375798490,375798494,5,4,35,2418
3266,377632044,377632046,377632048,377632059,377632077,377632079,377632068,377635513,0,377635515,377635520,377635529,2,2,11,29,2,-9,3445,-377635513,377635515,5,9,24,3485
3267,389156893,389156894,389156896,389156913,389156931,389156934,389156926,389159219,0,389159223,389159228,389159233,1,2,17,35,3,-5,2293,-389159219,389159223,5,5,33,2340
3268,390456873,390456874,390456876,390456889,390456905,390456915,390456897,390460523,0,390460526,390460531,390460535,1,2,13,29,10,-8,3626,-390460523,390460526,5,4,24,3662
3269,390461193,390461194,390461196,390461200,390461207,390461216,390461206,390464733,0,390464736,390464739,390464742,1,2,4,11,9,-1,3527,-390464733,390464736,3,3,13,3549
3270,392236804,392236805,392236807,392236817,392236829,392236830,392236824,392240394,0,392240397,392240401,392240405,1,2,10,22,1,-5,3570,-392240394,392240397,4,4,20,3601
3271,392341564,392341565,392341567,392341573,392341581,392341592,392341580,392345331,0,392345333,392345336,392345340,1,2,6,14,11,-1,3751,-392345331,392345333,3,4,16,3776
3272,392377837,392377838,392377840,392377845,392377853,392377853,392377851,392381458,0,392381460,392381464,392381469,1,2,5,13,0,-2,3607,-392381458,392381460,4,5,14,3632
3273,392538109,392538110,392538112,392538117,392538126,392538137,392538125,392541578,0,392541581,392541585,392541589,1,2,5,14,11,-1,3453,-392541578,392541581,4,4,16,3480
3274,392583301,392583302,392583304,392583312,392583320,392583327,392583319,392586783,0,392586786,392586789,392586792,1,2,8,16,7,-1,3464,-392586783,392586786,3,3,18,3491
3275,393589896,393589897,393589899,393589904,393589911,393589918,393589910,393593528,0,393593530,393593533,393593537,1,2,5,12,7,-1,3618,-393593528,393593530,3,4,14,3641
3276,393597288,393597289,393597291,393597295,393597301,393597309,393597301,393600779,0,393600781,393600784,393600788,1,2,4,10,8,0,3478,-393600779,393600781,3,4,13,3500
3277,395478716,395478717,395478719,395478726,395478736,395478737,395478734,395482116,0,395482119,395482123,395482127,1,2,7,17,1,-2,3382,-395482116,395482119,4,4,18,3411
3278,395595553,395595554,395595556,395595563,395595571,395595579,395595571,395599111,0,395599113,395599116,395599120,1,2,7,15,8,0,3540,-395599111,395599113,3,4,18,3567
3279,396618028,396618029,396618031,396618035,396618042,396618049,396618042,396621562,0,396621564,396621567,396621572,1,2,4,11,7,0,3520,-396621562,396621564,3,5,14,3544
3280,398544984,398544985,398544987,398544993,398545003,398545012,398545002,398548365,0,398548368,398548371,398548376,1,2,6,16,9,-1,3363,-398548365,398548368,3,5,18,3392
3281,398800614,398800615,398800617,398800623,398800631,398800638,398800630,398804233,0,398804236,398804239,398804244,1,2,6,14,7,-1,3603,-398804233,398804236,3,5,16,3630
3282,399806362,399806363,399806365,399806369,399806376,399806390,399806376,399809623,0,399809626,399809628,399809632,1,2,4,11,14,0,3247,-399809623,399809626,2,4,14,3270
3283,399809158,399809159,399809161,399809166,399809172,399809179,399809173,399812654,0,399812657,399812659,399812663,1,2,5,11,7,1,3481,-399812654,399812657,2,4,15,3505
3284,406971595,406971596,406971599,406971618,406971641,406971644,406971633,406975202,0,406975205,406975211,406975216,1,3,19,42,3,-8,3569,-406975202,406975205,6,5,38,3621
3285,406975942,406975943,406975945,406975949,406975956,406975966,406975956,406979367,0,406979370,406979373,406979376,1,2,4,11,10,0,3411,-406979367,406979370,3,3,14,3434
3286,406987832,406987833,406987836,406987839,406987845,406987853,406987846,406991296,0,406991298,406991301,406991305,1,3,3,9,8,1,3450,-406991296,406991298,3,4,14,3473
3287,409646375,409646376,409646379,409646392,409646402,409646411,409646401,409649651,0,409649653,409649656,409649660,1,3,13,23,9,-1,3250,-409649651,409649653,3,4,26,3285
3288,409669184,409669185,409669187,409669191,409669196,409669208,409669198,409671632,0,409671635,409671637,409671641,1,2,4,9,12,2,2434,-409671632,409671635,2,4,14,2457
3289,409770106,409770107,409770109,409770116,409770125,409770135,409770122,409773863,0,409773866,409773871,409773875,1,2,7,16,10,-3,3741,-409773863,409773866,5,4,16,3769
3290,410243735,410243736,410243738,410243745,410243754,410243764,410243754,410247354,0,410247356,410247360,410247364,1,2,7,16,10,0,3600,-410247354,410247356,4,4,19,3629
3291,410410177,410410178,410410180,410410186,410410195,410410202,410410192,410413749,0,410413752,410413755,410413759,1,2,6,15,7,-3,3557,-410413749,410413752,3,4,15,3582
3292,414427306,414427309,414427311,414427321,414427334,414427336,414427330,414430944,0,414430947,414430950,414430955,3,2,10,23,2,-4,3614,-414430944,414430947,3,5,24,3649
3293,418463499,418463502,418463504,418463514,418463526,418463541,418463524,418467033,0,418467036,418467040,418467045,3,2,10,22,15,-2,3509,-418467033,418467036,4,5,25,3546
3294,418472487,418472487,418472489,418472493,418472499,418472509,418472500,418475931,0,418475933,418475936,418475941,0,2,4,10,10,1,3431,-418475931,418475933,3,5,13,3454
3295,427519729,427519733,427519735,427519751,427519768,427519770,427519764,427522666,0,427522669,427522674,427522679,4,2,16,33,2,-4,2902,-427522666,427522669,5,5,35,2950
3296,431514860,431514863,431514865,431514879,431514892,431514894,431514889,431517843,0,431517846,431517850,431517854,3,2,14,27,2,-3,2954,-431517843,431517846,4,4,29,2994
3297,452201300,452201301,452201303,452201321,452201347,452201349,452201335,452205056,0,452205060,452205065,452205071,1,2,18,44,2,-12,3721,-452205056,452205060,5,6,35,3771
3298,452271996,452271997,452271999,452272005,452272013,452272014,452272012,452275449,0,452275452,452275455,452275460,1,2,6,14,1,-1,3437,-452275449,452275452,3,5,16,3464
3299,452307127,452307128,452307130,452307136,452307143,452307150,452307143,452310635,0,452310638,452310641,452310646,1,2,6,13,7,0,3492,-452310635,452310638,3,5,16,3519
3300,452561504,452561505,452561507,452561514,452561522,452561531,452561521,452565201,0,452565204,452565207,452565212,1,2,7,15,9,-1,3680,-452565201,452565204,3,5,17,3708
3301,453573062,453573063,453573065,453573070,453573078,453573085,453573077,453576692,0,453576694,453576697,453576701,1,2,5,13,7,-1,3615,-453576692,453576694,3,4,15,3639
3302,453577266,453577267,453577269,453577273,453577280,453577287,453577279,453580700,0,453580702,453580705,453580710,1,2,4,11,7,-1,3421,-453580700,453580702,3,5,13,3444
3303,455460591,455460592,455460594,455460601,455460611,455460620,455460609,455464027,0,455464031,455464034,455464046,1,2,7,17,9,-2,3418,-455464027,455464031,3,12,18,3455
3304,455506815,455506816,455506818,455506823,455506831,455506839,455506830,455510612,0,455510617,455510620,455510624,1,2,5,13,8,-1,3782,-455510612,455510617,3,4,15,3809
3305,456515652,456515653,456515655,456515659,456515666,456515674,456515666,456519093,0,456519097,456519099,456519104,1,2,4,11,8,0,3427,-456519093,456519097,2,5,14,3452
3306,458488901,458488902,458488904,458488911,458488922,458488931,458488919,458492238,0,458492242,458492247,458492252,1,2,7,18,9,-3,3319,-458492238,458492242,5,5,18,3351
3307,458581745,458581746,458581748,458581755,458581763,458581771,458581762,458585292,0,458585294,458585298,458585302,1,2,7,15,8,-1,3530,-458585292,458585294,4,4,17,3557
3308,459587521,459587522,459587524,459587529,459587535,459587545,459587538,459591048,0,459591050,459591053,459591057,1,2,5,11,10,3,3510,-459591048,459591050,3,4,17,3536
3309,459588421,459588422,459588424,459588428,459588433,459588440,459588434,459591733,0,459591736,459591738,459591742,1,2,4,9,7,1,3299,-459591733,459591736,2,4,13,3321
3310,461750911,461750912,461750914,461750921,461750931,461750940,461750930,461754467,0,461754470,461754474,461754478,1,2,7,17,9,-1,3537,-461754467,461754470,4,4,19,3567
3311,462759400,462759401,462759403,462759408,462759415,462759423,462759414,462762832,0,462762835,462762837,462762841,1,2,5,12,8,-1,3418,-462762832,462762835,2,4,14,3441
3312,464087829,464087830,464087832,464087839,464087849,464087857,464087846,464091395,0,464091398,464091402,464091406,1,2,7,17,8,-3,3549,-464091395,464091398,4,4,17,3577
3313,473644103,473644104,473644106,473644121,473644134,473644136,473644131,473646485,0,473646488,473646492,473646496,1,2,15,28,2,-3,2354,-473646485,473646488,4,4,28,2393
3314,473700980,473700981,473700983,473700987,473700992,473701000,473700993,473703598,0,473703600,473703603,473703607,1,2,4,9,8,1,2605,-473703598,473703600,3,4,13,2627
3315,473710418,473710419,473710421,473710424,473710429,473710446,473710432,473713291,0,473713294,473713297,473713301,1,2,3,8,17,3,2859,-473713291,473713294,3,4,14,2883
3316,473714035,473714036,473714038,473714041,473714045,473714060,473714048,473716313,0,473716316,473716320,473716324,1,2,3,7,15,3,2265,-473716313,473716316,4,4,13,2289
3317,474416456,474416459,474416461,474416468,474416475,474416486,474416477,474419566,0,474419568,474419571,474419575,3,2,7,14,11,2,3089,-474419566,474419568,3,4,21,3119
3318,474416467,474416467,474416481,474416484,474416487,474416510,474416498,474419713,0,474419715,474419717,474419722,0,14,3,6,23,11,3215,-474419713,474419715,2,5,31,3255
3319,474474801,474474803,474474804,474474808,474474812,474474823,474474814,474477211,0,474477213,474477217,474477222,2,1,4,8,11,2,2397,-474477211,474477213,4,5,13,2421
3320,474474827,474474828,474474830,474474832,474474835,474474849,474474838,474477394,0,474477396,474477398,474477402,1,2,2,5,14,3,2556,-474477394,474477396,2,4,11,2575
3321,479515493,479515495,479515497,479515509,479515521,479515537,479515519,479517917,0,479517920,479517923,479517929,2,2,12,24,16,-2,2398,-479517917,479517920,3,6,26,2436
3322,479563466,479563467,479563469,479563475,479563481,479563489,479563482,479566304,0,479566307,479566309,479566314,1,2,6,12,8,1,2822,-479566304,479566307,2,5,16,2848
3323,479762566,479762569,479762571,479762575,479762581,479762591,479762582,479764885,0,479764888,479764890,479764894,3,2,4,10,10,1,2303,-479764885,479764888,2,4,16,2328
3324,482753511,482753512,482753514,482753522,482753530,482753539,482753531,482755821,0,482755824,482755827,482755832,1,2,8,16,9,1,2290,-482755821,482755824,3,5,20,2321
3325,484773576,484773577,484773579,484773586,484773593,484773601,484773594,484775919,0,484775922,484775925,484775928,1,2,7,14,8,1,2325,-484775919,484775922,3,3,18,2352
3326,484773604,484773606,484773608,484773610,484773614,484773632,484773618,484776049,0,484776051,484776053,484776058,2,2,2,6,18,4,2431,-484776049,484776051,2,5,14,2454
3327,499141227,499141230,499141232,499141248,499141266,499141268,499141263,499143601,0,499143605,499143609,499143613,3,2,16,34,2,-3,2338,-499143601,499143605,4,4,36,2386
3328,499160176,499160177,499160179,499160182,499160187,499160205,499160190,499162661,0,499162663,499162666,499162670,1,2,3,8,18,3,2471,-499162661,499162663,3,4,14,2494
3329,503265038,503265039,503265041,503265051,503265062,503265064,503265060,503267685,0,503267689,503267692,503267697,1,2,10,21,2,-2,2625,-503267685,503267689,3,5,22,2659
3330,503849326,503849327,503849329,503849336,503849342,503849353,503849344,503851800,0,503851803,503851805,503851810,1,2,7,13,11,2,2456,-503851800,503851803,2,5,18,2484
3331,503854244,503854245,503854247,503854249,503854254,503854270,503854256,503856512,0,503856514,503856516,503856521,1,2,2,7,16,2,2256,-503856512,503856514,2,5,12,2277
3332,505126751,505126753,505126755,505126763,505126772,505126783,505126771,505129226,0,505129229,505129233,505129237,2,2,8,17,11,-1,2455,-505129226,505129229,4,4,20,2486
3333,507560825,507560829,507560831,507560837,507560845,507560846,507560845,507564109,0,507564112,507564115,507564119,4,2,6,14,1,0,3264,-507564109,507564112,3,4,20,3294
3334,512237846,512237848,512237850,512237863,512237883,512237884,512237872,512241429,0,512241432,512241438,512241442,2,2,13,33,1,-11,3557,-512241429,512241432,6,4,26,3596
3335,512329761,512329762,512329764,512329770,512329779,512329787,512329778,512333225,0,512333227,512333230,512333235,1,2,6,15,8,-1,3447,-512333225,512333227,3,5,17,3474
3336,512374973,512374974,512374976,512374982,512374989,512374997,512374988,512378575,0,512378578,512378582,512378587,1,2,6,13,8,-1,3587,-512378575,512378578,4,5,15,3614
3337,513385539,513385540,513385542,513385547,513385554,513385562,513385553,513389182,0,513389186,513389188,513389192,1,2,5,12,8,-1,3629,-513389182,513389186,2,4,14,3653
3338,514393085,514393086,514393088,514393093,514393101,514393108,514393099,514396638,0,514396641,514396644,514396648,1,2,5,13,7,-2,3539,-514396638,514396641,3,4,14,3563
3339,515456350,515456351,515456353,515456360,515456369,515456371,515456368,515459903,0,515459905,515459909,515459914,1,2,7,16,2,-1,3535,-515459903,515459905,4,5,18,3564
3340,515501693,515501693,515501695,515501701,515501708,515501717,515501708,515505229,0,515505231,515505234,515505239,0,2,6,13,9,0,3521,-515505229,515505231,3,5,15,3546
3341,518158415,518158416,518158418,518158427,518158436,518158438,518158434,518160798,0,518160801,518160804,518160809,1,2,9,18,2,-2,2364,-518160798,518160801,3,5,19,2394
3342,518407809,518407810,518407812,518407816,518407821,518407831,518407822,518410146,0,518410148,518410151,518410155,1,2,4,9,10,1,2324,-518410146,518410148,3,4,13,2346
3343,518494645,518494647,518494648,518494654,518494663,518494671,518494661,518498130,0,518498133,518498136,518498140,2,1,6,15,8,-2,3469,-518498130,518498133,3,4,16,3495
3344,521760500,521760501,521760503,521760513,521760525,521760536,521760521,521764259,0,521764263,521764267,521764271,1,2,10,22,11,-4,3738,-521764259,521764263,4,4,21,3771
3345,524098581,524098581,524098583,524098592,524098602,524098612,524098600,524102217,0,524102220,524102224,524102228,0,2,9,19,10,-2,3617,-524102217,524102220,4,4,19,3647
3346,524800320,524800321,524800323,524800332,524800342,524800353,524800340,524804009,0,524804012,524804015,524804020,1,2,9,19,11,-2,3669,-524804009,524804012,3,5,20,3700
3347,541298514,541298516,541298519,541298535,541298554,541298556,541298549,541301054,0,541301058,541301062,541301067,2,3,16,35,2,-5,2505,-541301054,541301058,4,5,35,2553
3348,545819693,545819696,545819698,545819712,545819727,545819730,545819723,545822927,0,545822930,545822934,545822938,3,2,14,29,3,-4,3204,-545822927,545822930,4,4,30,3245
3349,546179827,546179830,546179832,546179836,546179843,546179855,546179845,546182405,0,546182408,546182411,546182415,3,2,4,11,12,2,2560,-546182405,546182408,3,4,18,2588
3350,546179859,546179860,546179862,546179864,546179869,546179883,546179871,546182547,0,546182548,546182550,546182555,1,2,2,7,14,2,2676,-546182547,546182548,2,5,12,2696
3351,557220249,557220251,557220253,557220268,557220284,557220286,557220280,557222678,0,557222682,557222685,557222690,2,2,15,31,2,-4,2398,-557222678,557222682,3,5,31,2441
3352,557635603,557635604,557635606,557635615,557635630,557635632,557635623,557639129,0,557639131,557639136,557639140,1,2,9,24,2,-7,3506,-557639129,557639131,5,4,20,3537
3353,563380513,563380514,563380516,563380529,563380544,563380546,563380539,563382976,0,563382979,563382985,563382989,1,2,13,28,2,-5,2437,-563382976,563382979,6,4,26,2476
3354,572237961,572237962,572237965,572237982,572238005,572238008,572237994,572241482,0,572241486,572241491,572241495,1,3,17,40,3,-11,3488,-572241482,572241486,5,4,33,3534
3355,572557624,572557625,572557627,572557636,572557646,572557654,572557645,572561131,0,572561134,572561137,572561142,1,2,9,19,8,-1,3486,-572561131,572561134,3,5,21,3518
3356,575611806,575611807,575611810,575611821,575611832,575611835,575611830,575614326,0,575614328,575614333,575614338,1,3,11,22,3,-2,2496,-575614326,575614328,5,5,24,2532
3357,576710204,576710205,576710207,576710214,576710227,576710235,576710222,576713504,0,576713507,576713511,576713515,1,2,7,20,8,-5,3282,-576713504,576713507,4,4,18,3311
3358,577991418,577991419,577991421,577991427,577991437,577991438,577991435,577994791,0,577994793,577994797,577994802,1,2,6,16,1,-2,3356,-577994791,577994793,4,5,17,3384
3359,578587363,578587364,578587366,578587375,578587385,578587390,578587384,578590905,0,578590908,578590912,578590916,1,2,9,19,5,-1,3521,-578590905,578590908,4,4,21,3553
3360,579594501,579594502,579594504,579594509,579594517,579594524,579594516,579597875,0,579597878,579597881,579597885,1,2,5,13,7,-1,3359,-579597875,579597878,3,4,15,3384
3361,582033729,582033730,582033732,582033740,582033749,582033750,582033749,582036058,0,582036061,582036065,582036069,1,2,8,17,1,0,2309,-582036058,582036061,4,4,20,2340
3362,584089206,584089207,584089209,584089217,584089229,584089231,584089225,584092731,0,584092733,584092737,584092741,1,2,8,20,2,-4,3506,-584092731,584092733,4,4,19,3535
3363,632345810,632345811,632345813,632345831,632345855,632345857,632345847,632349587,0,632349590,632349596,632349601,1,2,18,42,2,-8,3740,-632349587,632349590,6,5,37,3791
3364,632518158,632518159,632518160,632518168,632518177,632518186,632518176,632521758,0,632521761,632521765,632521769,1,1,8,17,9,-1,3582,-632521758,632521761,4,4,18,3611
3365,638470740,638470741,638470743,638470758,638470778,638470780,638470768,638474279,0,638474282,638474287,638474292,1,2,15,35,2,-10,3511,-638474279,638474282,5,5,28,3552
3366,641712257,641712258,641712260,641712273,641712288,641712289,641712283,641716156,0,641716159,641716164,641716169,1,2,13,28,1,-5,3873,-641716156,641716159,5,5,26,3912
3367,642717855,642717856,642717858,642717863,642717870,642717877,642717869,642721513,0,642721516,642721519,642721523,1,2,5,12,7,-1,3644,-642721513,642721516,3,4,14,3668
3368,644103124,644103125,644103127,644103135,644103144,644103153,644103143,644106461,0,644106464,644106468,644106471,1,2,8,17,9,-1,3318,-644106461,644106464,4,3,19,3347
3369,674989638,674989639,674989641,674989660,674989685,674989688,674989674,674993096,0,674993100,674993106,674993111,1,2,19,44,3,-11,3422,-674993096,674993100,6,5,36,3473
3370,677451905,677451907,677451909,677451918,677451927,677451938,677451927,677454983,0,677454986,677454990,677454994,2,2,9,18,11,0,3056,-677454983,677454986,4,4,22,3089
3371,678562138,678562139,678562141,678562149,678562160,678562169,678562157,678565705,0,678565708,678565711,678565716,1,2,8,19,9,-3,3548,-678565705,678565708,3,5,19,3578
3372,678605204,678605205,678605207,678605210,678605216,678605225,678605217,678608501,0,678608504,678608507,678608511,1,2,3,9,9,1,3284,-678608501,678608504,3,4,13,3307
3373,678950023,678950024,678950026,678950030,678950037,678950038,678950038,678953433,0,678953435,678953438,678953442,1,2,4,11,1,1,3395,-678953433,678953435,3,4,15,3419
3374,679176891,679176891,679176893,679176897,679176902,679176911,679176903,679179689,0,679179692,679179694,679179698,0,2,4,9,9,1,2786,-679179689,679179692,2,4,12,2807
3375,681528972,681528973,681528975,681528981,681528988,681529000,681528989,681531300,0,681531303,681531306,681531311,1,2,6,13,12,1,2311,-681531300,681531303,3,5,17,2339
3376,692312914,692312915,692312917,692312935,692312958,692312961,692312947,692316361,0,692316364,692316370,692316374,1,2,18,41,3,-11,3414,-692316361,692316364,6,4,33,3460
3377,692536805,692536806,692536808,692536816,692536824,692536833,692536822,692540426,0,692540429,692540433,692540437,1,2,8,16,9,-2,3604,-692540426,692540429,4,4,17,3632
3378,693548263,693548264,693548266,693548271,693548278,693548286,693548277,693551777,0,693551780,693551782,693551786,1,2,5,12,8,-1,3500,-693551777,693551780,2,4,14,3523
3379,698496205,698496207,698496209,698496219,698496232,698496234,698496229,698499652,0,698499655,698499659,698499663,2,2,10,23,2,-3,3423,-698499652,698499655,4,4,24,3458
3380,698817188,698817189,698817191,698817199,698817208,698817210,698817207,698820519,0,698820523,698820527,698820531,1,2,8,17,2,-1,3312,-698820519,698820523,4,4,19,3343
3381,699503490,699503491,699503493,699503498,699503505,699503512,699503504,699507061,0,699507063,699507066,699507070,1,2,5,12,7,-1,3557,-699507061,699507063,3,4,14,3580
3382,700108393,700108394,700108396,700108403,700108411,700108420,700108409,700111930,0,700111932,700111936,700111940,1,2,7,15,9,-2,3521,-700111930,700111932,4,4,16,3547
3383,701560778,701560779,701560781,701560788,701560798,701560806,701560795,701564547,0,701564550,701564554,701564558,1,2,7,17,8,-3,3752,-701564547,701564550,4,4,17,3780
3384,704101275,704101277,704101279,704101287,704101296,704101305,704101295,704104876,0,704104878,704104882,704104886,2,2,8,17,9,-1,3581,-704104876,704104878,4,4,20,3611
3385,704728570,704728571,704728573,704728580,704728590,704728591,704728588,704732129,0,704732132,704732136,704732140,1,2,7,17,1,-2,3541,-704732129,704732132,4,4,18,3570
3386,745251236,745251237,745251239,745251258,745251283,745251285,745251274,745254807,0,745254810,745254816,745254821,1,2,19,44,2,-9,3533,-745254807,745254810,6,5,38,3585
3387,745284833,745284834,745284836,745284840,745284847,745284855,745284847,745288344,0,745288347,745288349,745288354,1,2,4,11,8,0,3497,-745288344,745288347,2,5,14,3521
3388,745297554,745297555,745297557,745297560,745297566,745297574,745297566,745301055,0,745301058,745301060,745301064,1,2,3,9,8,0,3489,-745301055,745301058,2,4,12,3510
3389,752235058,752235059,752235061,752235075,752235094,752235096,752235086,752238644,0,752238647,752238652,752238657,1,2,14,33,2,-8,3558,-752238644,752238647,5,5,28,3599
3390,752327788,752327789,752327791,752327796,752327805,752327806,752327805,752331244,0,752331246,752331250,752331253,1,2,5,14,1,0,3439,-752331244,752331246,4,3,17,3465
3391,752350974,752350975,752350977,752350982,752350989,752350997,752350989,752354283,0,752354285,752354289,752354293,1,2,5,12,8,0,3294,-752354283,752354285,4,4,15,3319
3392,752549432,752549433,752549435,752549443,752549451,752549461,752549449,752552984,0,752552986,752552990,752552994,1,2,8,16,10,-2,3535,-752552984,752552986,4,4,17,3562
3393,753183001,753183005,753183007,753183016,753183029,753183031,753183024,753186574,0,753186577,753186582,753186586,4,2,9,22,2,-5,3550,-753186574,753186577,5,4,23,3585
3394,753201892,753201893,753201895,753201899,753201905,753201916,753201906,753205471,0,753205473,753205476,753205480,1,2,4,10,11,1,3565,-753205471,753205473,3,4,14,3588
3395,753205688,753205689,753205691,753205695,753205701,753205707,753205701,753209030,0,753209032,753209034,753209039,1,2,4,10,6,0,3329,-753209030,753209032,2,5,13,3351
3396,753558868,753558869,753558871,753558875,753558882,753558889,753558882,753562395,0,753562398,753562401,753562404,1,2,4,11,7,0,3513,-753562395,753562398,3,3,14,3536
3397,754905075,754905076,754905078,754905084,754905093,754905104,754905092,754908511,0,754908514,754908517,754908521,1,2,6,15,11,-1,3419,-754908511,754908514,3,4,17,3446
3398,755478955,755478956,755478958,755478964,755478973,755478982,755478971,755482363,0,755482365,755482370,755482374,1,2,6,15,9,-2,3392,-755482363,755482365,5,4,16,3419
3399,755551311,755551311,755551314,755551318,755551326,755551327,755551326,755554627,0,755554630,755554633,755554636,0,3,4,12,1,0,3301,-755554627,755554630,3,3,15,3325
3400,755575306,755575307,755575309,755575313,755575319,755575325,755575319,755578761,0,755578765,755578768,755578773,1,2,4,10,6,0,3442,-755578761,755578765,3,5,13,3467
3401,758518515,758518516,758518518,758518525,758518535,758518565,758518534,758521865,0,758521868,758521871,758521875,1,2,7,17,30,-1,3331,-758521865,758521868,3,4,19,3360
3402,758535082,758535083,758535085,758535089,758535095,758535102,758535095,758538597,0,758538600,758538602,758538606,1,2,4,10,7,0,3502,-758538597,758538600,2,4,13,3524
3403,758580221,758580222,758580224,758580228,758580235,758580245,758580234,758583484,0,758583487,758583490,758583494,1,2,4,11,10,-1,3250,-758583484,758583487,3,4,13,3273
3404,758616521,758616522,758616524,758616528,758616534,758616545,758616536,758619754,0,758619757,758619760,758619764,1,2,4,10,11,2,3218,-758619754,758619757,3,4,15,3243
3405,761577391,761577393,761577395,761577405,761577418,761577420,761577415,761580965,0,761580968,761580972,761580977,2,2,10,23,2,-3,3550,-761580965,761580968,4,5,24,3586
3406,763750390,763750391,763750393,763750402,763750413,763750425,763750409,763754006,0,763754010,763754014,763754018,1,2,9,20,12,-4,3597,-763754006,763754010,4,4,19,3628
3407,812313442,812313443,812313446,812313464,812313490,812313493,812313478,812317068,0,812317071,812317077,812317082,1,3,18,44,3,-12,3590,-812317068,812317071,6,5,36,3640
3408,812336643,812336644,812336646,812336652,812336659,812336667,812336659,812340281,0,812340284,812340288,812340292,1,2,6,13,8,0,3622,-812340281,812340284,4,4,16,3649
3409,813343105,813343106,813343108,813343113,813343120,813343128,813343120,813346718,0,813346721,813346724,813346727,1,2,5,12,8,0,3598,-813346718,813346721,3,3,15,3622
3410,815213397,815213398,815213400,815213407,815213416,815213424,815213414,815216991,0,815216995,815216998,815217003,1,2,7,16,8,-2,3577,-815216991,815216995,3,5,17,3606
3411,816231096,816231097,816231099,816231103,816231110,816231117,816231111,816234503,0,816234506,816234508,816234512,1,2,4,11,7,1,3392,-816234503,816234506,2,4,15,3416
3412,818477902,818477903,818477905,818477911,818477921,818477929,818477920,818481211,0,818481215,818481218,818481223,1,2,6,16,8,-1,3291,-818481211,818481215,3,5,18,3321
3413,819822133,819822134,819822136,819822145,819822155,819822157,819822153,819824441,0,819824444,819824447,819824451,1,2,9,19,2,-2,2288,-819824441,819824444,3,4,20,2318
3414,819843781,819843782,819843784,819843792,819843803,819843805,819843798,819847313,0,819847316,819847319,819847323,1,2,8,19,2,-5,3515,-819847313,819847316,3,4,17,3542
3415,820189631,820189632,820189634,820189642,820189651,820189658,820189649,820193202,0,820193205,820193208,820193212,1,2,8,17,7,-2,3553,-820193202,820193205,3,4,18,3581
3416,820190903,820190904,820190906,820190909,820190916,820190927,820190917,820194287,0,820194289,820194292,820194296,1,2,3,10,11,1,3370,-820194287,820194289,3,4,14,3393
3417,821483843,821483844,821483846,821483853,821483864,821483872,821483862,821487189,0,821487192,821487196,821487200,1,2,7,18,8,-2,3327,-821487189,821487192,4,4,19,3357
3418,821554343,821554344,821554346,821554353,821554360,821554369,821554360,821557867,0,821557870,821557873,821557878,1,2,7,14,9,0,3507,-821557867,821557870,3,5,17,3535
3419,826040787,826040788,826040790,826040801,826040814,826040817,826040811,826044386,0,826044392,826044396,826044401,1,2,11,24,3,-3,3575,-826044386,826044392,4,5,24,3614
3420,826099622,826099623,826099625,826099629,826099637,826099646,826099637,826103021,0,826103023,826103027,826103031,1,2,4,12,9,0,3384,-826103021,826103023,4,4,15,3409
3421,826222573,826222574,826222576,826222580,826222587,826222595,826222588,826226053,0,826226055,826226058,826226062,1,2,4,11,8,1,3465,-826226053,826226055,3,4,15,3489
3422,827105395,827105396,827105398,827105405,827105416,827105417,827105413,827108912,0,827108915,827108919,827108923,1,2,7,18,1,-3,3499,-827108912,827108915,4,4,18,3528
3423,827302819,827302820,827302822,827302830,827302840,827302841,827302837,827306190,0,827306193,827306196,827306202,1,2,8,18,1,-3,3353,-827306190,827306193,3,6,18,3383
3424,827721086,827721087,827721089,827721096,827721105,827721114,827721103,827724642,0,827724645,827724649,827724653,1,2,7,16,9,-2,3539,-827724642,827724645,4,4,17,3567
3425,828728214,828728215,828728217,828728221,828728228,828728229,828728228,828731665,0,828731668,828731671,828731675,1,2,4,11,1,0,3437,-828731665,828731668,3,4,14,3461
3426,850453967,850453968,850453970,850453988,850454013,850454015,850454001,850457715,0,850457718,850457724,850457728,1,2,18,43,2,-12,3714,-850457715,850457718,6,4,34,3761
3427,872319566,872319567,872319569,872319587,872319611,872319613,872319601,872323812,0,872323817,872323822,872323826,1,2,18,42,2,-10,4211,-872323812,872323817,5,4,35,4260
3428,872365958,872365959,872365961,872365968,872365976,872365983,872365976,872369436,0,872369439,872369442,872369447,1,2,7,15,7,0,3460,-872369436,872369439,3,5,18,3489
3429,872519218,872519219,872519221,872519229,872519238,872519239,872519236,872522821,0,872522823,872522827,872522832,1,2,8,17,1,-2,3585,-872522821,872522823,4,5,18,3614
3430,873534904,873534905,873534907,873534912,873534919,873534926,873534918,873538380,0,873538383,873538385,873538392,1,2,5,12,7,-1,3462,-873538380,873538383,2,7,14,3488
3431,875214213,875214214,875214216,875214222,875214231,875214232,875214229,875217913,0,875217916,875217920,875217924,1,2,6,15,1,-2,3684,-875217913,875217916,4,4,16,3711
3432,876232016,876232017,876232019,876232024,876232031,876232038,876232031,876235540,0,876235543,876235548,876235552,1,2,5,12,7,0,3509,-876235540,876235543,5,4,15,3536
3433,878467633,878467634,878467636,878467643,878467653,878467654,878467651,878471211,0,878471215,878471218,878471223,1,2,7,17,1,-2,3560,-878471211,878471215,3,5,18,3590
3434,879485852,879485853,879485855,879485859,879485866,879485873,879485866,879489346,0,879489349,879489352,879489356,1,2,4,11,7,0,3480,-879489346,879489349,3,4,14,3504
3435,881456292,881456293,881456295,881456307,881456317,881456326,881456316,881459801,0,881459804,881459808,881459812,1,2,12,22,9,-1,3485,-881459801,881459804,4,4,24,3520
3436,881538106,881538107,881538109,881538117,881538125,881538133,881538126,881541511,0,881541514,881541519,881541523,1,2,8,16,8,1,3385,-881541511,881541514,5,4,20,3417
3437,882545990,882545991,882545993,882546001,882546009,882546017,882546007,882549307,0,882549310,882549313,882549317,1,2,8,16,8,-2,3300,-882549307,882549310,3,4,17,3327
3438,929607960,929607963,929607965,929607984,929608010,929608013,929607998,929611599,0,929611602,929611607,929611612,3,2,19,45,3,-12,3601,-929611599,929611602,5,5,38,3652
3439,929631929,929631930,929631932,929631937,929631944,929631955,929631946,929635612,0,929635614,929635617,929635621,1,2,5,12,11,2,3666,-929635612,929635614,3,4,17,3692
3440,932529647,932529648,932529650,932529661,932529675,932529678,932529669,932533135,0,932533138,932533143,932533148,1,2,11,25,3,-6,3466,-932533135,932533138,5,5,22,3501
3441,933543258,933543259,933543261,933543266,933543274,933543275,933543274,933546646,0,933546649,933546652,933546655,1,2,5,13,1,0,3372,-933546646,933546649,3,3,16,3397
3442,935223786,935223787,935223789,935223797,935223806,935223815,935223805,935227407,0,935227409,935227413,935227418,1,2,8,17,9,-1,3602,-935227407,935227409,4,5,19,3632
3443,936237396,936237397,936237398,936237403,936237410,936237411,936237410,936240886,0,936240889,936240891,936240896,1,1,5,12,1,0,3476,-936240886,936240889,2,5,14,3500
3444,941494790,941494791,941494794,941494803,941494815,941494825,941494811,941498211,0,941498214,941498218,941498223,1,3,9,21,10,-4,3400,-941498211,941498214,4,5,21,3433
3445,941564545,941564546,941564548,941564555,941564563,941564570,941564562,941568159,0,941568162,941568165,941568170,1,2,7,15,7,-1,3597,-941568159,941568162,3,5,17,3625
3446,942579101,942579102,942579104,942579108,942579115,942579123,942579115,942582630,0,942582633,942582635,942582639,1,2,4,11,8,0,3515,-942582630,942582633,2,4,14,3538
3447,947698263,947698264,947698267,947698278,947698292,947698294,947698288,947701916,0,947701919,947701923,947701928,1,3,11,25,2,-4,3628,-947701916,947701919,4,5,25,3665
3448,948709134,948709134,948709136,948709141,948709148,948709149,948709148,948712840,0,948712842,948712845,948712849,0,2,5,12,1,0,3692,-948712840,948712842,3,4,14,3715
3449,950100531,950100532,950100534,950100541,950100550,950100551,950100548,950105287,0,950105289,950105293,950105297,1,2,7,16,1,-2,4739,-950105287,950105289,4,4,17,4766
3450,951110036,951110037,951110039,951110044,951110050,951110051,951110050,951113460,0,951113464,951113466,951113470,1,2,5,11,1,0,3410,-951113460,951113464,2,4,14,3434
3451,992359898,992359899,992359901,992359919,992359944,992359947,992359934,992363689,0,992363693,992363699,992363704,1,2,18,43,3,-10,3755,-992363689,992363693,6,5,36,3806
3452,992522070,992522070,992522072,992522080,992522089,992522097,992522088,992525683,0,992525685,992525689,992525693,0,2,8,17,8,-1,3595,-992525683,992525685,4,4,18,3623
3453,995218419,995218419,995218421,995218429,995218439,995218448,995218436,995222081,0,995222084,995222087,995222092,0,2,8,18,9,-3,3645,-995222081,995222084,3,5,17,3673
3454,996232411,996232412,996232413,996232418,996232425,996232426,996232425,996235973,0,996235976,996235979,996235983,1,1,5,12,1,0,3548,-996235973,996235976,3,4,14,3572
3455,997025592,997025593,997025595,997025603,997025612,997025614,997025611,997027994,0,997027996,997027999,997028004,1,2,8,17,2,-1,2383,-997027994,997027996,3,5,19,2412
3456,1577161,1577162,1577164,1577174,1577186,1577195,1577184,1580677,0,1580680,1580684,1580689,1,2,10,22,9,-2,3493,-1580677,1580680,4,5,23,3528
3457,10099626,10099627,10099629,10099647,10099672,10099673,10099661,10103231,0,10103235,10103240,10103244,1,2,18,43,1,-11,3570,-10103231,10103235,5,4,35,3618
3458,13728157,13728158,13728160,13728175,13728192,13728193,13728185,13731599,0,13731603,13731607,13731612,1,2,15,32,1,-7,3414,-13731599,13731603,4,5,28,3455
3459,14736069,14736070,14736072,14736077,14736084,14736092,14736083,14739408,0,14739410,14739413,14739418,1,2,5,12,8,-1,3325,-14739408,14739410,3,5,14,3349
3460,36154097,36154100,36154103,36154119,36154136,36154138,36154130,36156708,0,36156712,36156716,36156720,3,3,16,33,2,-6,2578,-36156708,36156712,4,4,33,2623
3461,44325946,44325949,44325952,44325967,44325980,44325983,44325978,44328572,0,44328575,44328578,44328583,3,3,15,28,3,-2,2594,-44328572,44328575,3,5,32,2637
3462,44851117,44851118,44851120,44851124,44851129,44851140,44851131,44853679,0,44853682,44853684,44853689,1,2,4,9,11,2,2548,-44853679,44853682,2,5,14,2572
3463,45411914,45411915,45411917,45411921,45411926,45411938,45411928,45414473,0,45414475,45414478,45414482,1,2,4,9,12,2,2545,-45414473,45414475,3,4,14,2568
3464,46517406,46517407,46517409,46517415,46517422,46517429,46517423,46520404,0,46520406,46520409,46520413,1,2,6,13,7,1,2981,-46520404,46520406,3,4,17,3007
3465,46517433,46517434,46517436,46517438,46517442,46517460,46517446,46520512,0,46520514,46520516,46520520,1,2,2,6,18,4,3066,-46520512,46520514,2,4,13,3087
3466,46956124,46956125,46956126,46956130,46956135,46956161,46956141,46958691,0,46958694,46958696,46958701,1,1,4,9,26,6,2550,-46958691,46958694,2,5,17,2577
3467,46956129,46956129,46956141,46956143,46956147,46956161,46956148,46958818,0,46958820,46958822,46958826,0,12,2,6,14,1,2670,-46958818,46958820,2,4,19,2697
3468,49211824,49211825,49211827,49211836,49211845,49211857,49211844,49215155,0,49215158,49215162,49215167,1,2,9,18,12,-1,3311,-49215155,49215158,4,5,20,3343
3469,52315354,52315356,52315358,52315367,52315382,52315395,52315376,52319000,0,52319003,52319007,52319012,2,2,9,24,13,-6,3624,-52319000,52319003,4,5,22,3658
3470,52360770,52360770,52360772,52360778,52360786,52360794,52360785,52364394,0,52364397,52364400,52364404,0,2,6,14,8,-1,3609,-52364394,52364397,3,4,15,3634
3471,52546201,52546202,52546204,52546210,52546219,52546227,52546217,52549817,0,52549819,52549822,52549827,1,2,6,15,8,-2,3600,-52549817,52549819,3,5,16,3626
3472,57529111,57529113,57529115,57529126,57529141,57529143,57529134,57532637,0,57532640,57532643,57532648,2,2,11,26,2,-7,3503,-57532637,57532640,3,5,23,3537
3473,58492820,58492821,58492823,58492831,58492842,58492851,58492839,58496487,0,58496489,58496493,58496497,1,2,8,19,9,-3,3648,-58496487,58496489,4,4,19,3677
3474,61476808,61476809,61476811,61476819,61476831,61476842,61476828,61480161,0,61480164,61480168,61480172,1,2,8,20,11,-3,3333,-61480161,61480164,4,4,20,3364
3475,62491036,62491037,62491039,62491043,62491050,62491051,62491050,62494513,0,62494516,62494519,62494524,1,2,4,11,1,0,3463,-62494513,62494516,3,5,14,3488
3476,70089659,70089660,70089663,70089676,70089695,70089697,70089688,70093117,0,70093120,70093125,70093129,1,3,13,32,2,-7,3429,-70093117,70093120,5,4,29,3470
3477,76702986,76702987,76702989,76703005,76703024,76703026,76703016,76706570,0,76706573,76706578,76706583,1,2,16,35,2,-8,3554,-76706570,76706573,5,5,30,3597
3478,77713652,77713653,77713655,77713660,77713667,77713675,77713666,77717239,0,77717242,77717244,77717248,1,2,5,12,8,-1,3573,-77717239,77717242,2,4,14,3596
3479,102886201,102886202,102886204,102886223,102886248,102886251,102886237,102889786,0,102889789,102889794,102889799,1,2,19,44,3,-11,3549,-102889786,102889789,5,5,36,3598
3480,107063685,107063686,107063689,107063701,107063715,107063717,107063712,107066112,0,107066115,107066119,107066123,1,3,12,26,2,-3,2400,-107066112,107066115,4,4,27,2438
3481,107063696,107063696,107063724,107063726,107063730,107063754,107063743,107066215,0,107066217,107066219,107066223,0,28,2,6,24,13,2472,-107066215,107066217,2,4,47,2527
3482,108868033,108868034,108868036,108868042,108868048,108868064,108868051,108870545,0,108870548,108870551,108870555,1,2,6,12,16,3,2494,-108870545,108870548,3,4,18,2522
3483,108868067,108868069,108868071,108868073,108868077,108868086,108868077,108870875,0,108870878,108870880,108870886,2,2,2,6,9,0,2798,-108870875,108870878,2,6,10,2819
3484,108868067,108868070,108868082,108868084,108868087,108868107,108868097,108870948,0,108870950,108870952,108870955,3,12,2,5,20,10,2851,-108870948,108870950,2,3,30,2888
3485,111937838,111937839,111937841,111937850,111937858,111937860,111937858,111940311,0,111940314,111940317,111940321,1,2,9,17,2,0,2453,-111940311,111940314,3,4,20,2483
3486,111937863,111937864,111937865,111937867,111937871,111937890,111937872,111940427,0,111940429,111940431,111940435,1,1,2,6,19,1,2555,-111940427,111940429,2,4,9,2572
3487,111961813,111961814,111961816,111961819,111961824,111961843,111961827,111964416,0,111964420,111964422,111964426,1,2,3,8,19,3,2589,-111964416,111964420,2,4,14,2613
3488,111961818,111961820,111961829,111961831,111961834,111961843,111961856,111964584,0,111964586,111964588,111964597,2,9,2,5,9,22,2728,-111964584,111964586,2,9,38,2779
3489,111961847,111961849,111961854,111961856,111961860,111961877,111961863,111964653,0,111964655,111964657,111964660,2,5,2,6,17,3,2790,-111964653,111964655,2,3,16,2813
3490,112314018,112314020,112314022,112314031,112314046,112314055,112314038,112317434,0,112317437,112317441,112317446,2,2,9,24,9,-8,3396,-112317434,112317437,4,5,20,3428
3491,112349488,112349489,112349491,112349496,112349504,112349505,112349504,112353065,0,112353068,112353072,112353076,1,2,5,13,1,0,3561,-112353065,112353068,4,4,16,3588
3492,112509728,112509729,112509731,112509738,112509747,112509755,112509746,112513286,0,112513288,112513292,112513297,1,2,7,16,8,-1,3540,-112513286,112513288,4,5,18,3569
3493,115230370,115230372,115230374,115230381,115230395,115230396,115230392,115234194,0,115234198,115234202,115234207,2,2,7,21,1,-3,3802,-115234194,115234198,4,5,22,3837
3494,116235617,116235618,116235620,116235625,116235632,116235640,116235632,116239166,0,116239169,116239172,116239176,1,2,5,12,8,0,3534,-116239166,116239169,3,4,15,3559
3495,121969515,121969516,121969518,121969530,121969542,121969545,121969540,121972511,0,121972514,121972518,121972523,1,2,12,24,3,-2,2971,-121972511,121972514,4,5,25,3008
3496,122292294,122292295,122292297,122292303,122292309,122292320,122292310,122295663,0,122295665,122295668,122295672,1,2,6,12,11,1,3353,-122295663,122295665,3,4,16,3378
3497,122296482,122296483,122296485,122296489,122296493,122296514,122296496,122299320,0,122299323,122299326,122299330,1,2,4,8,21,3,2824,-122299320,122299323,3,4,14,2848
3498,122296772,122296773,122296775,122296781,122296785,122296800,122296787,122299448,0,122299449,122299451,122299456,1,2,6,10,15,2,2661,-122299448,122299449,2,5,15,2684
3499,122300006,122300006,122300008,122300011,122300015,122300031,122300018,122303572,0,122303575,122303577,122303581,0,2,3,7,16,3,3554,-122303572,122303575,2,4,12,3575
3500,126570817,126570819,126570821,126570830,126570841,126570843,126570839,126573362,0,126573365,126573369,126573374,2,2,9,20,2,-2,2523,-126573362,126573365,4,5,22,2557
3501,127379281,127379282,127379284,127379289,127379296,127379306,127379297,127382366,0,127382369,127382372,127382376,1,2,5,12,10,1,3069,-127382366,127382369,3,4,16,3095
3502,127555273,127555274,127555275,127555285,127555299,127555308,127555292,127558856,0,127558858,127558862,127558867,1,1,10,24,9,-7,3564,-127558856,127558858,4,5,19,3594
3503,130106652,130106653,130106655,130106664,130106675,130106684,130106672,130110135,0,130110139,130110143,130110147,1,2,9,20,9,-3,3463,-130110135,130110139,4,4,20,3495
3504,141321494,141321496,141321498,141321513,141321530,141321533,141321526,141324077,0,141324080,141324085,141324090,2,2,15,32,3,-4,2551,-141324077,141324080,5,5,32,2596
3505,151827360,151827361,151827364,151827381,151827407,151827409,151827396,151830768,0,151830771,151830776,151830781,1,3,17,43,2,-11,3372,-151830768,151830771,5,5,36,3421
3506,165668704,165668707,165668709,165668728,165668750,165668752,165668741,165672283,0,165672286,165672290,165672294,3,2,19,41,2,-9,3542,-165672283,165672286,4,4,37,3590
3507,175245168,175245170,175245172,175245190,175245213,175245216,175245203,175249229,0,175249233,175249239,175249244,2,2,18,41,3,-10,4026,-175249229,175249233,6,5,35,4076
3508,176472091,176472092,176472094,176472103,176472115,176472124,176472111,176475694,0,176475697,176475701,176475705,1,2,9,21,9,-4,3583,-176475694,176475697,4,4,20,3614
3509,178498932,178498933,178498935,178498942,178498952,178498953,178498950,178502505,0,178502507,178502512,178502516,1,2,7,17,1,-2,3555,-178502505,178502507,5,4,18,3584
3510,179515218,179515219,179515221,179515226,179515233,179515242,179515235,179518711,0,179518715,179518718,179518722,1,2,5,12,9,2,3476,-179518711,179518715,3,4,17,3504
3511,181503191,181503192,181503194,181503201,181503210,181503218,181503208,181506845,0,181506848,181506851,181506856,1,2,7,16,8,-2,3637,-181506845,181506848,3,5,17,3665
3512,187558803,187558804,187558806,187558819,187558835,187558837,187558830,187562222,0,187562225,187562231,187562236,1,2,13,29,2,-5,3392,-187562222,187562225,6,5,27,3433
3513,187770421,187770424,187770426,187770435,187770444,187770446,187770443,187772814,0,187772817,187772820,187772825,3,2,9,18,2,-1,2371,-187772814,187772817,3,5,22,2404
3514,196695273,196695274,196695276,196695293,196695316,196695318,196695304,196698796,0,196698800,196698805,196698809,1,2,17,40,2,-12,3492,-196698796,196698800,5,4,31,3536
3515,197710177,197710178,197710180,197710185,197710192,197710200,197710191,197713658,0,197713660,197713664,197713668,1,2,5,12,8,-1,3467,-197713658,197713660,4,4,14,3491
3516,202669245,202669247,202669249,202669263,202669280,202669282,202669273,202672924,0,202672927,202672930,202672935,2,2,14,31,2,-7,3651,-202672924,202672927,3,5,28,3690
3517,202672699,202672700,202672702,202672705,202672712,202672712,202672712,202676224,0,202676226,202676228,202676233,1,2,3,10,0,0,3512,-202676224,202676226,2,5,13,3534
3518,207717605,207717606,207717608,207717620,207717631,207717641,207717630,207720235,0,207720238,207720242,207720246,1,2,12,23,10,-1,2605,-207720235,207720238,4,4,25,2641
3519,207717609,207717610,207717640,207717643,207717647,207717666,207717652,207720357,0,207720359,207720360,207720364,1,30,3,7,19,5,2705,-207720357,207720359,1,4,43,2755
3520,208174366,208174366,208174368,208174375,208174385,208174399,208174385,208177914,0,208177916,208177919,208177923,0,2,7,17,14,0,3529,-208177914,208177916,3,4,19,3557
3521,232522586,232522587,232522589,232522607,232522633,232522636,232522621,232526168,0,232526172,232526178,232526183,1,2,18,44,3,-12,3547,-232526168,232526172,6,5,35,3597
3522,236272578,236272580,236272582,236272597,236272615,236272617,236272607,236276430,0,236276433,236276437,236276441,2,2,15,33,2,-8,3823,-236276430,236276433,4,4,29,3863
3523,238474416,238474417,238474419,238474429,238474442,238474444,238474438,238478097,0,238478100,238478104,238478108,1,2,10,23,2,-4,3659,-238478097,238478100,4,4,22,3692
3524,239485147,239485148,239485150,239485155,239485162,239485169,239485161,239488655,0,239488657,239488660,239488664,1,2,5,12,7,-1,3494,-239488655,239488657,3,4,14,3517
3525,241465062,241465063,241465065,241465072,241465082,241465091,241465080,241468436,0,241468439,241468443,241468447,1,2,7,17,9,-2,3356,-241468436,241468439,4,4,18,3385
3526,247547086,247547087,247547089,247547102,247547118,247547131,247547112,247550741,0,247550744,247550749,247550753,1,2,13,29,13,-6,3629,-247550741,247550744,5,4,26,3667
3527,250108341,250108342,250108344,250108355,250108367,250108376,250108363,250112059,0,250112063,250112068,250112071,1,2,11,23,9,-4,3696,-250112059,250112063,5,3,22,3730
3528,259722458,259722459,259722461,259722479,259722501,259722504,259722491,259726236,0,259726240,259726245,259726249,1,2,18,40,3,-10,3745,-259726236,259726240,5,4,33,3791
3529,262637916,262637920,262637922,262637933,262637945,262637947,262637942,262640567,0,262640570,262640574,262640579,4,2,11,23,2,-3,2625,-262640567,262640570,4,5,26,2663
3530,263641710,263641713,263641715,263641720,263641727,263641735,263641728,263644325,0,263644328,263644331,263644335,3,2,5,12,8,1,2597,-263644325,263644328,3,4,18,2625
3531,265935865,265935869,265935871,265935877,265935883,265935895,265935885,265938577,0,265938580,265938582,265938587,4,2,6,12,12,2,2692,-265938577,265938580,2,5,20,2722
3532,272726008,272726009,272726012,272726024,272726038,272726041,272726036,272728680,0,272728683,272728687,272728691,1,3,12,26,3,-2,2644,-272728680,272728683,4,4,28,2683
3533,272734043,272734044,272734046,272734049,272734053,272734069,272734056,272736478,0,272736481,272736483,272736488,1,2,3,7,16,3,2422,-272736478,272736481,2,5,13,2445
3534,279436934,279436936,279436938,279436953,279436974,279436976,279436964,279440409,0,279440412,279440417,279440422,2,2,15,36,2,-10,3445,-279440409,279440412,5,5,30,3488
3535,281375281,281375283,281375285,281375294,281375302,281375304,281375302,281377887,0,281377890,281377892,281377896,2,2,9,17,2,0,2585,-281377887,281377890,2,4,21,2615
3536,292329116,292329118,292329120,292329137,292329161,292329164,292329150,292332853,0,292332857,292332863,292332867,2,2,17,41,3,-11,3703,-292332853,292332857,6,4,34,3751
3537,292375358,292375359,292375361,292375367,292375375,292375382,292375373,292379047,0,292379050,292379054,292379058,1,2,6,14,7,-2,3674,-292379047,292379050,4,4,15,3700
3538,293385625,293385626,293385628,293385633,293385639,293385649,293385641,293388993,0,293388995,293388998,293389002,1,2,5,11,10,2,3352,-293388993,293388995,3,4,16,3377
3539,293388034,293388034,293388036,293388040,293388046,293388053,293388046,293391346,0,293391349,293391351,293391356,0,2,4,10,7,0,3300,-293391346,293391349,2,5,12,3322
3540,295234145,295234146,295234148,295234154,295234164,295234173,295234162,295237851,0,295237855,295237859,295237862,1,2,6,16,9,-2,3689,-295237851,295237855,4,3,17,3717
3541,298514261,298514262,298514264,298514273,298514285,298514286,298514282,298518054,0,298518057,298518061,298518066,1,2,9,21,1,-3,3772,-298518054,298518057,4,5,21,3805
3542,301498030,301498031,301498033,301498041,301498054,301498064,301498051,301501460,0,301501462,301501467,301501472,1,2,8,21,10,-3,3409,-301501460,301501462,5,5,21,3442
3543,307570385,307570386,307570388,307570401,307570418,307570420,307570413,307574021,0,307574024,307574029,307574034,1,2,13,30,2,-5,3608,-307574021,307574024,5,5,28,3649
3544,310109800,310109802,310109804,310109813,310109826,310109827,310109822,310113351,0,310113353,310113358,310113363,2,2,9,22,1,-4,3529,-310113351,310113353,5,5,22,3563
3545,311115129,311115130,311115132,311115138,311115145,311115146,311115145,311118599,0,311118603,311118606,311118610,1,2,6,13,1,0,3454,-311118599,311118603,3,4,16,3481
3546,315890689,315890691,315890693,315890703,315890715,315890718,315890713,315893175,0,315893178,315893181,315893185,2,2,10,22,3,-2,2462,-315893175,315893178,3,4,24,2496
3547,315903169,315903170,315903172,315903175,315903180,315903191,315903182,315905556,0,315905559,315905561,315905566,1,2,3,8,11,2,2374,-315905556,315905559,2,5,13,2397
3548,316098634,316098635,316098637,316098641,316098646,316098654,316098647,316101425,0,316101428,316101430,316101435,1,2,4,9,8,1,2778,-316101425,316101428,2,5,13,2801
3549,316152508,316152509,316152511,316152514,316152519,316152531,316152521,316154990,0,316154993,316154995,316155000,1,2,3,8,12,2,2469,-316154990,316154993,2,5,13,2492
3550,316167036,316167036,316167038,316167041,316167046,316167063,316167050,316169395,0,316169397,316169401,316169405,0,2,3,8,17,4,2345,-316169395,316169397,4,4,14,2369
3551,316169695,316169696,316169698,316169701,316169705,316169720,316169708,316172156,0,316172158,316172161,316172165,1,2,3,7,15,3,2448,-316172156,316172158,3,4,13,2470
3552,316374463,316374464,316374466,316374471,316374476,316374492,316374480,316376861,0,316376863,316376866,316376871,1,2,5,10,16,4,2381,-316376861,316376863,3,5,17,2408
3553,316404289,316404290,316404292,316404296,316404300,316404314,316404302,316406674,0,316406676,316406680,316406684,1,2,4,8,14,2,2372,-316406674,316406676,4,4,13,2395
3554,319213871,319213872,319213874,319213882,319213892,319213894,319213890,319216340,0,319216344,319216348,319216352,1,2,8,18,2,-2,2450,-319216340,319216344,4,4,19,2481
3555,320336567,320336568,320336570,320336576,320336584,320336586,320336584,320339018,0,320339021,320339024,320339028,1,2,6,14,2,0,2434,-320339018,320339021,3,4,17,2461
3556,322217665,322217667,322217668,322217675,322217683,322217694,322217684,322221003,0,322221006,322221009,322221014,2,1,7,15,11,1,3319,-322221003,322221006,3,5,19,3349
3557,323082745,323082748,323082750,323082757,323082765,323082766,323082765,323085218,0,323085221,323085223,323085228,3,2,7,15,1,0,2453,-323085218,323085221,2,5,20,2483
3558,324010166,324010167,324010169,324010175,324010183,324010193,324010182,324012625,0,324012628,324012631,324012636,1,2,6,14,10,-1,2443,-324012625,324012628,3,5,16,2470
3559,324058284,324058285,324058287,324058291,324058296,324058306,324058297,324060755,0,324060759,324060762,324060767,1,2,4,9,10,1,2458,-324060755,324060759,3,5,13,2483
3560,324786411,324786412,324786414,324786419,324786426,324786427,324786426,324788936,0,324788939,324788942,324788946,1,2,5,12,1,0,2510,-324788936,324788939,3,4,15,2535
3561,325697010,325697011,325697013,325697020,325697028,325697029,325697028,325699491,0,325699494,325699497,325699502,1,2,7,15,1,0,2463,-325699491,325699494,3,5,18,2492
3562,325941931,325941936,325941937,325941943,325941954,325941956,325941949,325945423,0,325945426,325945429,325945433,5,1,6,17,2,-5,3474,-325945423,325945426,3,4,18,3502
3563,328556345,328556346,328556348,328556355,328556366,328556374,328556365,328559755,0,328559758,328559761,328559766,1,2,7,18,8,-1,3390,-328559755,328559758,3,5,20,3421
3564,333553223,333553225,333553227,333553238,333553254,333553256,333553251,333556780,0,333556785,333556789,333556793,2,2,11,27,2,-3,3529,-333556780,333556785,4,4,28,3570
3565,346466447,346466448,346466450,346466466,346466486,346466489,346466480,346469605,0,346469608,346469614,346469619,1,2,16,36,3,-6,3125,-346469605,346469608,6,5,33,3172
3566,346466460,346466460,346466489,346466492,346466497,346466506,346466517,346469653,0,346469655,346469657,346469661,0,29,3,8,9,20,3136,-346469653,346469655,2,4,57,3201
3567,352321450,352321451,352321453,352321469,352321492,352321494,352321479,352325161,0,352325165,352325171,352325176,1,2,16,39,2,-13,3682,-352325161,352325165,6,5,29,3726
3568,352540944,352540946,352540947,352540956,352540965,352540966,352540963,352544581,0,352544583,352544587,352544592,2,1,9,18,1,-2,3618,-352544581,352544583,4,5,19,3648
3569,355239348,355239348,355239350,355239359,355239369,355239379,355239367,355243080,0,355243083,355243087,355243091,0,2,9,19,10,-2,3713,-355243080,355243083,4,4,19,3743
3570,355846472,355846473,355846475,355846486,355846498,355846499,355846494,355850167,0,355850169,355850172,355850176,1,2,11,23,1,-4,3673,-355850167,355850169,3,4,22,3704
3571,355846496,355846497,355846509,355846512,355846518,355846528,355846518,355850314,0,355850315,355850318,355850322,1,12,3,9,10,0,3796,-355850314,355850315,3,4,22,3826
3572,356740961,356740962,356740964,356740971,356740979,356740988,356740980,356743345,0,356743347,356743351,356743355,1,2,7,15,9,1,2365,-356743345,356743347,4,4,19,2394
3573,356740970,356740971,356740980,356740983,356740987,356741000,356740996,356743399,0,356743401,356743404,356743409,1,9,3,7,13,9,2403,-356743399,356743401,3,5,26,2439
3574,358517340,358517340,358517342,358517350,358517360,358517369,358517358,358520927,0,358520930,358520933,358520937,0,2,8,18,9,-2,3569,-358520927,358520930,3,4,18,3597
3575,360540538,360540539,360540541,360540550,360540559,360540568,360540559,360542984,0,360542987,360542990,360542995,1,2,9,18,9,0,2425,-360542984,360542987,3,5,21,2457
3576,363904203,363904204,363904206,363904216,363904229,363904230,363904225,363907832,0,363907836,363907839,363907843,1,2,10,23,1,-4,3607,-363907832,363907836,3,4,22,3640
3577,363904212,363904213,363904238,363904241,363904247,363904267,363904254,363907963,0,363907965,363907967,363907972,1,25,3,9,20,7,3709,-363907963,363907965,2,5,42,3760
3578,366850695,366850699,366850700,366850708,366850719,366850720,366850717,366854386,0,366854392,366854396,366854400,4,1,8,19,1,-2,3669,-366854386,366854392,4,4,22,3705
3579,366850705,366850706,366850727,366850729,366850735,366850755,366850741,366854531,0,366854532,366854534,366854539,1,21,2,8,20,6,3790,-366854531,366854532,2,5,36,3834
3580,373111502,373111503,373111505,373111520,373111540,373111542,373111532,373115076,0,373115080,373115085,373115089,1,2,15,35,2,-8,3544,-373115076,373115080,5,4,30,3587
3581,382508586,382508588,382508590,382508606,382508623,382508625,382508619,382511168,0,382511172,382511176,382511181,2,2,16,33,2,-4,2549,-382511168,382511172,4,5,33,2595
3582,401476119,401476122,401476124,401476144,401476166,401476170,401476157,401479740,0,401479743,401479747,401479752,3,2,20,42,4,-9,3583,-401479740,401479743,4,5,38,3633
3583,401476131,401476132,401476178,401476181,401476187,401476216,401476200,401479869,0,401479871,401479873,401479878,1,46,3,9,29,13,3669,-401479869,401479871,2,5,69,3747
3584,412358306,412358307,412358310,412358327,412358350,412358353,412358339,412361863,0,412361866,412361872,412361875,1,3,17,40,3,-11,3524,-412361863,412361866,6,3,33,3569
3585,412521838,412521839,412521841,412521849,412521859,412521867,412521857,412525440,0,412525443,412525447,412525451,1,2,8,18,8,-2,3583,-412525440,412525443,4,4,19,3613
3586,415242637,415242638,415242639,415242648,415242658,415242666,415242657,415246194,0,415246197,415246201,415246205,1,1,9,19,8,-1,3537,-415246194,415246197,4,4,20,3568
3587,416255421,416255422,416255424,416255429,416255436,416255445,416255438,416259370,0,416259372,416259375,416259379,1,2,5,12,9,2,3932,-416259370,416259372,3,4,17,3958
3588,424473978,424473979,424473981,424473995,424474015,424474017,424474007,424477489,0,424477493,424477498,424477502,1,2,14,34,2,-8,3482,-424477489,424477493,5,4,29,3524
3589,428398091,428398092,428398094,428398108,428398125,428398128,428398119,428401584,0,428401587,428401591,428401596,1,2,14,31,3,-6,3465,-428401584,428401587,4,5,28,3505
3590,428402553,428402554,428402556,428402560,428402567,428402568,428402567,428406171,0,428406173,428406176,428406180,1,2,4,11,1,0,3604,-428406171,428406173,3,4,14,3627
3591,433115035,433115036,433115038,433115051,433115067,433115069,433115061,433118866,0,433118869,433118874,433118878,1,2,13,29,2,-6,3805,-433118866,433118869,5,4,26,3843
3592,472532960,472532961,472532963,472532982,472533006,472533009,472532996,472536712,0,472536715,472536721,472536726,1,2,19,43,3,-10,3716,-472536712,472536715,6,5,36,3766
3593,476713921,476713924,476713953,476713955,476713960,476713964,476713974,476716584,0,476716586,476716588,476716592,3,29,2,7,4,14,2610,-476716584,476716586,2,4,53,2671
3594,476713922,476713923,476713925,476713938,476713951,476713952,476713949,476716538,0,476716541,476716546,476716550,1,2,13,26,1,-2,2589,-476716538,476716541,5,4,27,2628
3595,484489516,484489517,484489519,484489536,484489557,484489560,484489547,484492979,0,484492982,484492988,484492993,1,2,17,38,3,-10,3432,-484492979,484492982,6,5,31,3477
3596,502683784,502683785,502683788,502683806,502683829,502683831,502683819,502687376,0,502687379,502687385,502687393,1,3,18,41,2,-10,3557,-502687376,502687379,6,8,35,3609
3597,512425467,512425468,512425470,512425484,512425497,512425499,512425495,512428013,0,512428016,512428021,512428025,1,2,14,27,2,-2,2518,-512428013,512428016,5,4,28,2558
3598,532357374,532357375,532357377,532357397,532357421,532357423,532357411,532361012,0,532361015,532361021,532361026,1,2,20,44,2,-10,3601,-532361012,532361015,6,5,37,3652
3599,535156687,535156690,535156692,535156704,535156719,535156721,535156713,535160352,0,535160355,535160359,535160363,3,2,12,27,2,-6,3639,-535160352,535160355,4,4,26,3676
3600,535222318,535222319,535222321,535222327,535222336,535222337,535222334,535226125,0,535226128,535226131,535226136,1,2,6,15,1,-2,3791,-535226125,535226128,3,5,16,3818
3601,544489437,544489438,544489440,544489456,544489479,544489481,544489469,544493008,0,544493011,544493017,544493022,1,2,16,39,2,-10,3539,-544493008,544493011,6,5,32,3585
3602,555660136,555660138,555660140,555660158,555660182,555660185,555660171,555663647,0,555663651,555663655,555663659,2,2,18,42,3,-11,3476,-555663647,555663651,4,4,35,3523
3603,556543824,556543825,556543827,556543835,556543845,556543853,556543843,556547234,0,556547237,556547240,556547244,1,2,8,18,8,-2,3391,-556547234,556547237,3,4,19,3420
3604,556562772,556562772,556562774,556562778,556562785,556562795,556562786,556566156,0,556566158,556566161,556566165,0,2,4,11,10,1,3370,-556566156,556566158,3,4,14,3393
3605,557996933,557996934,557996936,557996945,557996954,557996967,557996953,557999335,0,557999338,557999342,557999346,1,2,9,18,13,-1,2382,-557999335,557999338,4,4,20,2413
3606,558864236,558864239,558864241,558864247,558864256,558864263,558864254,558867878,0,558867880,558867883,558867887,3,2,6,15,7,-2,3624,-558867878,558867880,3,4,18,3651
3607,558864247,558864248,558864263,558864266,558864272,558864290,558864276,558868015,0,558868017,558868019,558868024,1,15,3,9,18,4,3739,-558868015,558868017,2,5,29,3777
3608,559258894,559258895,559258897,559258905,559258915,559258922,559258913,559262457,0,559262459,559262462,559262467,1,2,8,18,7,-2,3544,-559262457,559262459,3,5,19,3573
3609,559306549,559306550,559306552,559306556,559306563,559306564,559306563,559309849,0,559309852,559309855,559309859,1,2,4,11,1,0,3286,-559309849,559309852,3,4,14,3310
3610,559688415,559688416,559688417,559688423,559688431,559688443,559688433,559691975,0,559691979,559691982,559691986,1,1,6,14,12,2,3542,-559691975,559691979,3,4,18,3571
3611,560592421,560592422,560592424,560592429,560592438,560592449,560592437,560595992,0,560595995,560595998,560596007,1,2,5,14,11,-1,3555,-560595992,560595995,3,9,16,3586
3612,562715353,562715354,562715356,562715365,562715378,562715380,562715374,562719007,0,562719010,562719015,562719019,1,2,9,22,2,-4,3633,-562719007,562719010,5,4,21,3666
3613,563724551,563724553,563724554,563724559,563724567,563724574,563724566,563728222,0,563728224,563728227,563728231,2,1,5,13,7,-1,3656,-563728222,563728224,3,4,15,3680
3614,565656796,565656799,565656801,565656808,565656819,565656821,565656816,565660416,0,565660418,565660422,565660426,3,2,7,18,2,-3,3600,-565660416,565660418,4,4,20,3630
3615,566736485,566736486,566736488,566736495,566736504,566736511,566736502,566740080,0,566740083,566740086,566740091,1,2,7,16,7,-2,3578,-566740080,566740083,3,5,17,3606
3616,574621392,574621393,574621395,574621408,574621424,574621427,574621419,574624012,0,574624015,574624021,574624026,1,2,13,29,3,-5,2593,-574624012,574624015,6,5,27,2634
3617,588419606,588419607,588419609,588419624,588419642,588419645,588419638,588422037,0,588422040,588422046,588422051,1,2,15,33,3,-4,2399,-588422037,588422040,6,5,32,2445
3618,588419611,588419611,588419646,588419649,588419653,588419675,588419660,588422091,0,588422093,588422095,588422099,0,35,3,7,22,7,2431,-588422091,588422093,2,4,49,2488
3619,592316289,592316290,592316292,592316306,592316326,592316328,592316317,592319856,0,592319859,592319864,592319868,1,2,14,34,2,-9,3539,-592319856,592319859,5,4,28,3579
3620,593325384,593325385,593325387,593325394,593325402,593325410,593325401,593328910,0,593328913,593328916,593328920,1,2,7,15,8,-1,3509,-593328910,593328913,3,4,17,3536
3621,595243477,595243478,595243480,595243486,595243495,595243503,595243493,595246994,0,595246998,595247002,595247006,1,2,6,15,8,-2,3501,-595246994,595246998,4,4,16,3529
3622,596255191,596255192,596255194,596255199,596255206,596255214,596255205,596258832,0,596258836,596258839,596258842,1,2,5,12,8,-1,3627,-596258832,596258836,3,3,14,3651
3623,601485587,601485588,601485590,601485599,601485610,601485611,601485607,601489193,0,601489196,601489200,601489204,1,2,9,20,1,-3,3586,-601489193,601489196,4,4,20,3617
3624,602503199,602503200,602503202,602503207,602503214,602503222,602503213,602506795,0,602506799,602506801,602506805,1,2,5,12,8,-1,3582,-602506795,602506799,2,4,14,3606
3625,621493599,621493600,621493602,621493618,621493631,621493634,621493629,621495997,0,621496000,621496005,621496010,1,2,16,29,3,-2,2368,-621495997,621496000,5,5,30,2411
3626,622705032,622705033,622705035,622705046,622705060,622705069,622705054,622708702,0,622708704,622708708,622708713,1,2,11,25,9,-6,3648,-622708702,622708704,4,5,22,3681
3627,623714348,623714349,623714351,623714356,623714363,623714371,623714363,623717963,0,623717966,623717970,623717975,1,2,5,12,8,0,3600,-623717963,623717966,4,5,15,3627
3628,633681888,633681889,633681891,633681906,633681923,633681925,633681918,633684828,0,633684831,633684835,633684839,1,2,15,32,2,-5,2910,-633684828,633684831,4,4,30,2951
3629,633681901,633681903,633681935,633681938,633681943,633681964,633681953,633684981,0,633684983,633684985,633684989,2,32,3,8,21,10,3028,-633684981,633684983,2,4,52,3088
3630,635165673,635165675,635165677,635165685,635165693,635165706,635165693,635168606,0,635168609,635168612,635168616,2,2,8,16,13,0,2913,-635168606,635168609,3,4,20,2943
3631,635227518,635227519,635227521,635227526,635227532,635227539,635227533,635230216,0,635230219,635230223,635230227,1,2,5,11,7,1,2683,-635230216,635230219,4,4,15,2709
3632,637313019,637313020,637313022,637313027,637313034,637313046,637313035,637315470,0,637315473,637315475,637315480,1,2,5,12,12,1,2435,-637315470,637315473,2,5,16,2461
3633,638529633,638529636,638529637,638529643,638529650,638529658,638529651,638532048,0,638532051,638532054,638532057,3,1,6,13,8,1,2397,-638532048,638532051,3,3,18,2424
3634,638529639,638529640,638529656,638529659,638529663,638529714,638529675,638533372,0,638533376,638533379,638533383,1,16,3,7,51,12,3697,-638533372,638533376,3,4,36,3744
3635,638529663,638529665,638529668,638529670,638529673,638529714,638529681,638533533,0,638533535,638533537,638533543,2,3,2,5,41,8,3852,-638533533,638533535,2,6,18,3880
3636,638529663,638529665,638529677,638529679,638529682,638529714,638529686,638533538,0,638533540,638533542,638533548,2,12,2,5,32,4,3852,-638533538,638533540,2,6,23,3885
3637,639287404,639287405,639287407,639287412,639287417,639287428,639287419,639289885,0,639289887,639289890,639289894,1,2,5,10,11,2,2466,-639289885,639289887,3,4,15,2490
3638,639287433,639287434,639287436,639287438,639287442,639287456,639287444,639290023,0,639290024,639290026,639290031,1,2,2,6,14,2,2579,-639290023,639290024,2,5,11,2598
3639,643609491,643609495,643609497,643609505,643609514,643609516,643609514,643611914,0,643611917,643611920,643611924,4,2,8,17,2,0,2400,-643611914,643611917,3,4,23,2433
3640,643610305,643610306,643610308,643610310,643610314,643610325,643610316,643613113,0,643613115,643613117,643613121,1,2,2,6,11,2,2797,-643613113,643613115,2,4,11,2816
3641,648581157,648581161,648581163,648581172,648581188,648581189,648581180,648584558,0,648584563,648584566,648584571,4,2,9,25,1,-8,3378,-648584558,648584563,3,5,23,3414
3642,648581320,648581321,648581323,648581326,648581332,648581338,648581333,648584723,0,648584725,648584728,648584734,1,2,3,9,6,1,3390,-648584723,648584725,3,6,13,3414
3643,652318567,652318569,652318571,652318583,652318601,652318603,652318594,652322244,0,652322247,652322252,652322257,2,2,12,30,2,-7,3650,-652322244,652322247,5,5,27,3690
3644,653333926,653333927,653333929,653333933,653333941,653333948,653333940,653337272,0,653337275,653337277,653337282,1,2,4,12,7,-1,3332,-653337272,653337275,2,5,14,3356
3645,654617353,654617357,654617358,654617367,654617378,654617381,654617376,654621014,0,654621016,654621019,654621023,4,1,9,20,3,-2,3638,-654621014,654621016,3,4,23,3670
3646,654617365,654617366,654617390,654617393,654617399,654617416,654617398,654621129,0,654621132,654621133,654621137,1,24,3,9,17,-1,3731,-654621129,654621132,1,4,33,3772
3647,661491367,661491368,661491370,661491383,661491407,661491410,661491397,661495035,0,661495038,661495044,661495048,1,2,13,37,3,-10,3638,-661495035,661495038,6,4,30,3681
3648,662508227,662508228,662508230,662508234,662508242,662508243,662508242,662511814,0,662511816,662511819,662511823,1,2,4,12,1,0,3572,-662511814,662511816,3,4,15,3596
3649,674189608,674189609,674189611,674189627,674189644,674189646,674189641,674192155,0,674192159,674192165,674192170,1,2,16,33,2,-3,2514,-674192155,674192159,6,5,33,2562
3650,674189612,674189613,674189648,674189651,674189655,674189665,674189676,674192210,0,674192212,674192214,674192218,1,35,3,7,10,21,2534,-674192210,674192212,2,4,64,2606
3651,702529876,702529877,702529880,702529896,702529914,702529917,702529910,702532780,0,702532784,702532788,702532792,1,3,16,34,3,-4,2870,-702532780,702532784,4,4,34,2916
3652,721239311,721239312,721239314,721239332,721239355,721239358,721239345,721242851,0,721242854,721242860,721242864,1,2,18,41,3,-10,3506,-721242851,721242854,6,4,34,3553
3653,721494377,721494378,721494380,721494389,721494399,721494408,721494396,721498092,0,721498094,721498098,721498102,1,2,9,19,9,-3,3696,-721498092,721498094,4,4,19,3725
3654,722508854,722508855,722508857,722508861,722508869,722508877,722508868,722512475,0,722512477,722512480,722512484,1,2,4,12,8,-1,3607,-722512475,722512477,3,4,14,3630
3655,723513912,723513913,723513915,723513920,723513927,723513928,723513927,723517312,0,723517314,723517317,723517321,1,2,5,12,1,0,3385,-723517312,723517314,3,4,15,3409
3656,728871762,728871765,728871767,728871779,728871791,728871794,728871790,728874662,0,728874665,728874668,728874673,3,2,12,24,3,-1,2872,-728874662,728874665,3,5,28,2911
3657,729281439,729281442,729281444,729281449,729281454,729281465,729281455,729283915,0,729283918,729283920,729283925,3,2,5,10,11,1,2460,-729283915,729283918,2,5,16,2486
3658,729282766,729282767,729282769,729282772,729282776,729282786,729282777,729285029,0,729285031,729285034,729285038,1,2,3,7,10,1,2252,-729285029,729285031,3,4,11,2272
3659,732504116,732504119,732504121,732504128,732504135,732504145,732504137,732506448,0,732506450,732506453,732506457,3,2,7,14,10,2,2311,-732506448,732506450,3,4,21,2341
3660,732504128,732504129,732504143,732504145,732504149,732504181,732504168,732506598,0,732506599,732506602,732506606,1,14,2,6,32,19,2430,-732506598,732506599,3,4,40,2478
3661,742683291,742683292,742683295,742683313,742683338,742683341,742683326,742686784,0,742686788,742686794,742686799,1,3,18,43,3,-12,3458,-742686784,742686788,6,5,35,3508
3662,743696638,743696638,743696640,743696646,743696653,743696661,743696653,743700149,0,743700151,743700155,743700158,0,2,6,13,8,0,3496,-743700149,743700151,4,3,15,3520
3663,767814937,767814941,767814944,767814961,767814979,767814983,767814973,767817327,0,767817330,767817334,767817339,4,3,17,35,4,-6,2354,-767817327,767817330,4,5,36,2402
3664,772329704,772329705,772329707,772329724,772329746,772329749,772329734,772333463,0,772333466,772333471,772333475,1,2,17,39,3,-12,3729,-772333463,772333466,5,4,30,3771
3665,773337182,773337183,773337185,773337190,773337199,773337207,773337198,773340687,0,773340690,773340693,773340698,1,2,5,14,8,-1,3489,-773340687,773340690,3,5,16,3516
3666,774179966,774179969,774179971,774179980,774179989,774179991,774179988,774182408,0,774182410,774182413,774182417,3,2,9,18,2,-1,2420,-774182408,774182410,3,4,22,2451
3667,774294220,774294221,774294223,774294226,774294231,774294241,774294232,774296734,0,774296736,774296740,774296744,1,2,3,8,10,1,2502,-774296734,774296736,4,4,12,2524
3668,780589519,780589520,780589523,780589537,780589554,780589556,780589548,780592949,0,780592953,780592956,780592960,1,3,14,31,2,-6,3401,-780592949,780592953,3,4,29,3441
3669,780589525,780589529,780589564,780589567,780589573,780589604,780589582,780593073,0,780593075,780593076,780593080,4,35,3,9,31,9,3491,-780593073,780593075,1,4,57,3555
3670,781249019,781249021,781249022,781249030,781249043,781249045,781249039,781252561,0,781252564,781252570,781252575,2,1,8,21,2,-4,3522,-781252561,781252564,6,5,20,3556
3671,782265294,782265295,782265297,782265301,782265308,782265316,782265308,782268668,0,782268671,782268674,782268678,1,2,4,11,8,0,3360,-782268668,782268671,3,4,14,3384
3672,784207537,784207539,784207540,784207548,784207556,784207566,784207556,784209960,0,784209963,784209965,784209969,2,1,8,16,10,0,2404,-784209960,784209963,2,4,19,2432
3673,784207558,784207559,784207564,784207567,784207571,784207593,784207581,784210086,0,784210088,784210089,784210098,1,5,3,7,22,10,2505,-784210086,784210088,1,9,23,2540
3674,784495528,784495532,784495534,784495538,784495543,784495560,784495546,784498092,0,784498095,784498097,784498101,4,2,4,9,17,3,2546,-784498092,784498095,2,4,18,2573
3675,787485089,787485090,787485091,787485100,787485113,787485114,787485108,787488590,0,787488593,787488597,787488601,1,1,9,22,1,-5,3482,-787488590,787488593,4,4,19,3512
3676,788318670,788318674,788318676,788318683,788318690,788318692,788318691,788321310,0,788321313,788321315,788321320,4,2,7,14,2,1,2619,-788321310,788321313,2,5,21,2650
3677,788321684,788321685,788321686,788321690,788321694,788321712,788321697,788324046,0,788324049,788324051,788324056,1,1,4,8,18,3,2349,-788324046,788324049,2,5,13,2372
3678,788508568,788508569,788508571,788508575,788508582,788508590,788508581,788511851,0,788511854,788511857,788511861,1,2,4,11,8,-1,3270,-788511851,788511854,3,4,13,3293
3679,794704263,794704264,794704266,794704277,794704291,794704294,794704289,794706681,0,794706684,794706690,794706694,1,2,11,25,3,-2,2392,-794706681,794706684,6,4,26,2431
3680,799116013,799116015,799116017,799116028,799116039,799116041,799116037,799118610,0,799118613,799118617,799118621,2,2,11,22,2,-2,2573,-799118610,799118613,4,4,24,2608
3681,820264890,820264891,820264893,820264910,820264929,820264932,820264926,820267210,0,820267213,820267219,820267224,1,2,17,36,3,-3,2284,-820267210,820267213,6,5,36,2334
3682,820264928,820264929,820264933,820264936,820264941,820264958,820264942,820267259,0,820267261,820267264,820267268,1,4,3,8,17,1,2317,-820267259,820267261,3,4,14,2340
3683,820265059,820265060,820265062,820265068,820265076,820265091,820265075,820267304,0,820267306,820267310,820267314,1,2,6,14,15,-1,2229,-820267304,820267306,4,4,16,2255
3684,820265077,820265078,820265079,820265084,820265089,820265148,820265109,820267442,0,820267444,820267447,820267452,1,1,5,10,59,20,2333,-820267442,820267444,3,5,32,2375
3685,820265094,820265099,820265121,820265125,820265130,820265169,820265160,820267577,0,820267578,820267581,820267584,5,22,4,9,39,30,2417,-820267577,820267578,3,3,66,2490
3686,820265095,820265098,820265111,820265115,820265120,820265129,820265156,820267573,0,820267575,820267578,820267581,3,13,4,9,9,36,2417,-820267573,820267575,3,3,61,2486
3687,820265096,820265097,820265098,820265103,820265108,820265140,820265111,820267492,0,820267494,820267497,820267500,1,1,5,10,32,3,2381,-820267492,820267494,3,3,15,2404
3688,832332057,832332058,832332061,832332078,832332102,832332104,832332093,832335849,0,832335852,832335858,832335863,1,3,17,41,2,-9,3756,-832335849,832335852,6,5,36,3806
3689,840495681,840495685,840495687,840495704,840495727,840495730,840495716,840499265,0,840499268,840499272,840499276,4,2,17,40,3,-11,3549,-840499265,840499268,4,4,35,3595
3690,840495693,840495694,840495739,840495742,840495749,840495770,840495759,840499445,0,840499450,840499452,840499457,1,45,3,10,21,10,3686,-840499445,840499450,2,5,66,3764
3691,840777396,840777397,840777399,840777404,840777410,840777418,840777411,840780968,0,840780971,840780973,840780978,1,2,5,11,8,1,3557,-840780968,840780971,2,5,15,3582
3692,844780466,844780470,844780472,844780481,844780491,844780492,844780489,844783017,0,844783020,844783023,844783027,4,2,9,19,1,-2,2528,-844783017,844783020,3,4,23,2561
3693,847491501,847491502,847491504,847491515,847491529,847491531,847491523,847495016,0,847495019,847495023,847495027,1,2,11,25,2,-6,3493,-847495016,847495019,4,4,22,3526
3694,848501039,848501040,848501041,848501046,848501054,848501062,848501053,848504347,0,848504350,848504353,848504357,1,1,5,13,8,-1,3294,-848504347,848504350,3,4,14,3318
3695,856065248,856065249,856065251,856065262,856065276,856065279,856065274,856067705,0,856067708,856067713,856067718,1,2,11,25,3,-2,2431,-856067705,856067708,5,5,26,2470
3696,856068214,856068215,856068217,856068220,856068225,856068234,856068227,856070773,0,856070775,856070778,856070782,1,2,3,8,9,2,2546,-856070773,856070775,3,4,13,2568
3697,857220784,857220785,857220787,857220798,857220813,857220814,857220807,857224481,0,857224485,857224489,857224494,1,2,11,26,1,-6,3674,-857224481,857224485,4,5,23,3710
3698,859737508,859737509,859737511,859737520,859737529,859737543,859737528,859740060,0,859740063,859740066,859740070,1,2,9,18,14,-1,2532,-859740060,859740063,3,4,20,2562
3699,859737519,859737520,859737537,859737539,859737543,859737569,859737555,859740193,0,859740194,859740196,859740200,1,17,2,6,26,12,2638,-859740193,859740194,2,4,36,2681
3700,859737974,859737975,859737977,859737980,859737984,859738000,859737986,859740333,0,859740335,859740337,859740341,1,2,3,7,16,2,2347,-859740333,859740335,2,4,12,2367
3701,886418532,886418535,886418538,886418555,886418572,886418575,886418568,886421011,0,886421014,886421019,886421023,3,3,17,34,3,-4,2443,-886421011,886421014,5,4,36,2491
3702,892325393,892325394,892325396,892325414,892325436,892325438,892325425,892328877,0,892328880,892328886,892328891,1,2,18,40,2,-11,3452,-892328877,892328880,6,5,32,3498
3703,904706458,904706459,904706461,904706478,904706495,904706498,904706491,904708840,0,904708843,904708848,904708853,1,2,17,34,3,-4,2349,-904708840,904708843,5,5,33,2395
3704,904716446,904716447,904716449,904716452,904716457,904716468,904716459,904718874,0,904718876,904718878,904718883,1,2,3,8,11,2,2415,-904718874,904718876,2,5,13,2437
3705,907486881,907486882,907486884,907486896,907486913,907486916,907486905,907490283,0,907490286,907490290,907490295,1,2,12,29,3,-8,3378,-907490283,907490286,4,5,24,3414
3706,908531994,908531995,908531996,908532001,908532008,908532017,908532008,908535330,0,908535333,908535336,908535340,1,1,5,12,9,0,3322,-908535330,908535333,3,4,14,3346
3707,944135609,944135612,944135615,944135634,944135659,944135661,944135647,944139039,0,944139042,944139047,944139052,3,3,19,44,2,-12,3392,-944139039,944139042,5,5,38,3443
3708,946193980,946193983,946193985,946193992,946194002,946194010,946194001,946197567,0,946197570,946197573,946197577,3,2,7,17,8,-1,3566,-946197567,946197570,3,4,21,3597
3709,967507360,967507360,967507363,967507381,967507408,967507410,967507397,967510874,0,967510877,967510883,967510886,0,3,18,45,2,-11,3477,-967510874,967510877,6,3,37,3526
3710,982019895,982019898,982019900,982019919,982019943,982019946,982019932,982023491,0,982023495,982023499,982023503,3,2,19,43,3,-11,3559,-982023491,982023495,4,4,37,3608
3711,986507473,986507474,986507476,986507489,986507504,986507506,986507500,986510775,0,986510777,986510783,986510788,1,2,13,28,2,-4,3275,-986510775,986510777,6,5,27,3315
3712,986507479,986507480,986507507,986507509,986507514,986507520,986507534,986510821,0,986510823,986510825,986510829,1,27,2,7,6,20,3287,-986510821,986510823,2,4,55,3350
3713,991670205,991670206,991670208,991670223,991670244,991670246,991670234,991673545,0,991673548,991673553,991673557,1,2,15,36,2,-10,3311,-991673545,991673548,5,4,29,3352
3714,991670216,991670217,991670257,991670260,991670266,991670302,991670274,991673709,0,991673711,991673714,991673718,1,40,3,9,36,8,3435,-991673709,991673711,3,4,58,3502
3715,991670216,991670217,991670271,991670273,991670279,991670302,991670280,991673877,0,991673879,991673881,991673885,1,54,2,8,23,1,3597,-991673877,991673879,2,4,64,3669
3716,991694198,991694199,991694201,991694205,991694212,991694218,991694212,991697565,0,991697567,991697569,991697574,1,2,4,11,6,0,3353,-991697565,991697567,2,5,14,3376
3717,991790197,991790198,991790200,991790203,991790210,991790220,991790211,991793659,0,991793662,991793665,991793670,1,2,3,10,10,1,3448,-991793659,991793662,3,5,14,3473
3718,27517647,27517648,27517650,27517669,27517693,27517696,27517683,27521203,0,27521207,27521211,27521215,1,2,19,43,3,-10,3520,-27521203,27521207,4,4,36,3568
3719,30829957,30829958,30829960,30829976,30829995,30829997,30829986,30833346,0,30833348,30833354,30833360,1,2,16,35,2,-9,3360,-30833346,30833348,6,6,29,3403
3720,30846940,30846941,30846942,30846947,30846954,30846962,30846954,30850380,0,30850382,30850385,30850392,1,1,5,12,8,0,3426,-30850380,30850382,3,7,14,3452
3721,30867876,30867876,30867878,30867882,30867889,30867898,30867888,30871216,0,30871218,30871222,30871227,0,2,4,11,9,-1,3328,-30871216,30871218,4,5,12,3351
3722,31184566,31184567,31184569,31184574,31184581,31184590,31184581,31188067,0,31188070,31188073,31188077,1,2,5,12,9,0,3486,-31188067,31188070,3,4,15,3511
3723,34985595,34985596,34985598,34985606,34985617,34985618,34985615,34988957,0,34988960,34988963,34988968,1,2,8,19,1,-2,3342,-34988957,34988960,3,5,20,3373
3724,37329704,37329705,37329707,37329717,37329730,37329731,37329726,37333358,0,37333361,37333364,37333369,1,2,10,23,1,-4,3632,-37333358,37333361,3,5,22,3665
3725,39416463,39416464,39416466,39416473,39416482,39416495,39416481,39419885,0,39419887,39419890,39419894,1,2,7,16,13,-1,3404,-39419885,39419887,3,4,18,3431
3726,50199995,50199996,50199998,50200015,50200038,50200040,50200029,50203311,0,50203315,50203320,50203324,1,2,17,40,2,-9,3282,-50203311,50203315,5,4,34,3329
3727,57690706,57690707,57690709,57690726,57690748,57690750,57690738,57694270,0,57694273,57694279,57694284,1,2,17,39,2,-10,3532,-57694270,57694273,6,5,32,3578
3728,60520301,60520302,60520304,60520316,60520331,60520345,60520331,60523895,0,60523898,60523903,60523909,1,2,12,27,14,0,3564,-60523895,60523898,5,6,30,3608
3729,60532913,60532916,60532916,60532920,60532927,60532928,60532927,60536274,0,60536276,60536279,60536283,3,0,4,11,1,0,3347,-60536274,60536276,3,4,14,3370
3730,62515052,62515053,62515055,62515062,62515071,62515081,62515070,62517411,0,62517414,62517418,62517422,1,2,7,16,10,-1,2341,-62517411,62517414,4,4,18,2370
3731,77766379,77766380,77766382,77766401,77766419,77766422,77766414,77768814,0,77768817,77768823,77768827,1,2,19,37,3,-5,2400,-77768814,77768817,6,4,35,2448
3732,89102973,89102975,89102977,89102993,89103013,89103016,89103005,89105481,0,89105484,89105488,89105492,2,2,16,36,3,-8,2476,-89105481,89105484,4,4,32,2519
3733,141503647,141503651,141503652,141503668,141503687,141503690,141503682,141506675,0,141506679,141506684,141506690,4,1,16,35,3,-5,2993,-141506675,141506679,5,6,35,3043
3734,174776283,174776284,174776287,174776303,174776321,174776324,174776316,174778768,0,174778771,174778776,174778781,1,3,16,34,3,-5,2452,-174778768,174778771,5,5,33,2498
3735,201563283,201563284,201563287,201563301,201563318,201563321,201563315,201565968,0,201565972,201565978,201565983,1,3,14,31,3,-3,2653,-201565968,201565972,6,5,32,2700
3736,203376784,203376785,203376788,203376797,203376812,203376814,203376806,203380266,0,203380269,203380273,203380277,1,3,9,24,2,-6,3460,-203380266,203380269,4,4,22,3493
3737,216577853,216577854,216577856,216577872,216577891,216577893,216577886,216580289,0,216580292,216580296,216580300,1,2,16,35,2,-5,2403,-216580289,216580292,4,4,33,2447
3738,216577870,216577871,216577905,216577907,216577912,216577949,216577936,216580420,0,216580422,216580425,216580429,1,34,2,7,37,24,2484,-216580420,216580422,3,4,66,2559
3739,216580555,216580556,216580558,216580561,216580566,216580574,216580567,216583808,0,216583811,216583814,216583818,1,2,3,8,8,1,3241,-216583808,216583811,3,4,12,3263
3740,216580932,216580933,216580935,216580937,216580941,216580959,216580945,216584202,0,216584204,216584206,216584213,1,2,2,6,18,4,3257,-216584202,216584204,2,7,13,3281
3741,216589076,216589077,216589079,216589082,216589086,216589104,216589090,216591670,0,216591672,216591675,216591680,1,2,3,7,18,4,2580,-216591670,216591672,3,5,14,2604
3742,216603539,216603540,216603542,216603545,216603550,216603558,216603552,216605968,0,216605970,216605973,216605977,1,2,3,8,8,2,2416,-216605968,216605970,3,4,13,2438
3743,216806299,216806300,216806303,216806307,216806313,216806321,216806314,216808698,0,216808701,216808703,216808708,1,3,4,10,8,1,2384,-216808698,216808701,2,5,15,2409
3744,227197659,227197661,227197663,227197678,227197694,227197697,227197689,227200173,0,227200176,227200181,227200185,2,2,15,31,3,-5,2484,-227200173,227200176,5,4,30,2526
3745,227200379,227200380,227200382,227200385,227200393,227200412,227200398,227202851,0,227202853,227202856,227202860,1,2,3,11,19,5,2453,-227202851,227202853,3,4,19,2481
3746,231119141,231119144,231119146,231119157,231119169,231119171,231119166,231122314,0,231122317,231122320,231122325,3,2,11,23,2,-3,3148,-231122314,231122317,3,5,25,3184
3747,231130385,231130386,231130390,231130394,231130398,231130415,231130401,231133848,0,231133851,231133853,231133858,1,4,4,8,17,3,3447,-231133848,231133851,2,5,16,3473
3748,231404603,231404606,231404608,231404613,231404619,231404631,231404621,231407241,0,231407244,231407247,231407251,3,2,5,11,12,2,2620,-231407241,231407244,3,4,18,2648
3749,232676589,232676590,232676592,232676598,232676606,232676613,232676607,232678994,0,232678997,232679000,232679004,1,2,6,14,7,1,2387,-232678994,232678997,3,4,18,2415
3750,233926855,233926856,233926858,233926863,233926870,233926871,233926870,233929391,0,233929394,233929397,233929401,1,2,5,12,1,0,2521,-233929391,233929394,3,4,15,2546
3751,288712018,288712019,288712021,288712040,288712059,288712062,288712054,288714530,0,288714534,288714540,288714545,1,2,19,38,3,-5,2476,-288714530,288714534,6,5,36,2527
3752,307405245,307405246,307405248,307405267,307405291,307405294,307405280,307408782,0,307408786,307408792,307408797,1,2,19,43,3,-11,3502,-307408782,307408786,6,5,35,3552
3753,307607557,307607558,307607560,307607565,307607573,307607583,307607572,307611152,0,307611155,307611158,307611162,1,2,5,13,10,-1,3580,-307611152,307611155,3,4,15,3605
3754,309312783,309312784,309312786,309312795,309312803,309312814,309312802,309316297,0,309316299,309316302,309316306,1,2,9,17,11,-1,3495,-309316297,309316299,3,4,19,3523
3755,309318536,309318537,309318539,309318543,309318549,309318557,309318550,309321990,0,309321992,309321995,309321999,1,2,4,10,8,1,3440,-309321990,309321992,3,4,14,3463
3756,309324516,309324517,309324519,309324522,309324528,309324536,309324529,309328259,0,309328262,309328264,309328269,1,2,3,9,8,1,3730,-309328259,309328262,2,5,13,3753
3757,309332629,309332630,309332632,309332635,309332641,309332649,309332642,309336145,0,309336147,309336150,309336154,1,2,3,9,8,1,3503,-309336145,309336147,3,4,13,3525
3758,309336546,309336547,309336549,309336552,309336558,309336567,309336559,309340130,0,309340132,309340135,309340144,1,2,3,9,9,1,3571,-309340130,309340132,3,9,13,3598
3759,309344970,309344971,309344972,309344976,309344982,309344990,309344983,309348377,0,309348380,309348382,309348387,1,1,4,10,8,1,3394,-309348377,309348380,2,5,13,3417
3760,330811376,330811379,330811381,330811402,330811426,330811429,330811416,330814751,0,330814754,330814759,330814764,3,2,21,45,3,-10,3335,-330814751,330814754,5,5,40,3388
3761,330858691,330858692,330858694,330858698,330858705,330858711,330858705,330862063,0,330862065,330862068,330862072,1,2,4,11,6,0,3358,-330862063,330862065,3,4,14,3381
3762,337170357,337170360,337170362,337170375,337170391,337170393,337170386,337173099,0,337173102,337173106,337173111,3,2,13,29,2,-5,2713,-337173099,337173102,4,5,29,2754
3763,339001960,339001961,339001963,339001972,339001985,339001997,339001980,339005576,0,339005578,339005583,339005587,1,2,9,22,12,-5,3596,-339005576,339005578,5,4,20,3627
3764,339186416,339186419,339186421,339186427,339186436,339186437,339186434,339189853,0,339189855,339189858,339189862,3,2,6,15,1,-2,3419,-339189853,339189855,3,4,18,3446
3765,339593619,339593620,339593622,339593627,339593636,339593637,339593636,339597045,0,339597047,339597050,339597054,1,2,5,14,1,0,3409,-339597045,339597047,3,4,17,3435
3766,339645297,339645297,339645299,339645304,339645311,339645322,339645313,339648581,0,339648583,339648587,339648591,0,2,5,12,11,2,3268,-339648581,339648583,4,4,16,3294
3767,339668068,339668069,339668071,339668075,339668081,339668091,339668082,339671368,0,339671371,339671374,339671378,1,2,4,10,10,1,3286,-339671368,339671371,3,4,14,3310
3768,347525381,347525382,347525384,347525399,347525420,347525421,347525410,347529002,0,347529005,347529010,347529015,1,2,15,36,1,-10,3592,-347529002,347529005,5,5,29,3634
3769,348020015,348020016,348020018,348020024,348020032,348020041,348020031,348023476,0,348023479,348023482,348023487,1,2,6,14,9,-1,3445,-348023476,348023479,3,5,16,3472
3770,504364377,504364378,504364381,504364401,504364426,504364428,504364416,504367913,0,504367917,504367923,504367928,1,3,20,45,2,-10,3497,-504367913,504367917,6,5,39,3551
3771,512229922,512229923,512229925,512229942,512229959,512229962,512229954,512232336,0,512232339,512232345,512232350,1,2,17,34,3,-5,2382,-512232336,512232339,6,5,32,2428
3772,512229926,512229927,512229962,512229965,512229970,512229978,512229988,512232382,0,512232384,512232386,512232393,1,35,3,8,8,18,2394,-512232382,512232384,2,7,62,2467
3773,520578021,520578023,520578025,520578040,520578057,520578059,520578052,520580461,0,520580464,520580468,520580473,2,2,15,32,2,-5,2409,-520580461,520580464,4,5,31,2452
3774,520580754,520580755,520580757,520580760,520580765,520580772,520580766,520583188,0,520583190,520583193,520583198,1,2,3,8,7,1,2422,-520583188,520583190,3,5,12,2444
3775,520583349,520583351,520583353,520583356,520583360,520583371,520583362,520585503,0,520585506,520585509,520585513,2,2,3,7,11,2,2141,-520585503,520585506,3,4,13,2164
3776,520586271,520586272,520586274,520586277,520586281,520586299,520586284,520588858,0,520588862,520588864,520588869,1,2,3,7,18,3,2574,-520588858,520588862,2,5,13,2598
3777,521217166,521217166,521217168,521217173,521217178,521217187,521217180,521219749,0,521219752,521219755,521219760,0,2,5,10,9,2,2569,-521219749,521219752,3,5,14,2594
3778,521229288,521229289,521229291,521229294,521229298,521229318,521229303,521231827,0,521231830,521231832,521231837,1,2,3,7,20,5,2524,-521231827,521231830,2,5,15,2549
3779,521229321,521229322,521229324,521229326,521229330,521229348,521229333,521232117,0,521232119,521232121,521232128,1,2,2,6,18,3,2784,-521232117,521232119,2,7,12,2807
3780,530672310,530672312,530672314,530672332,530672354,530672357,530672344,530675801,0,530675805,530675809,530675813,2,2,18,40,3,-10,3457,-530675801,530675805,4,4,34,3503
3781,571870796,571870797,571870799,571870816,571870834,571870837,571870830,571873394,0,571873397,571873403,571873407,1,2,17,35,3,-4,2564,-571873394,571873397,6,4,34,2611
3782,575715932,575715933,575715935,575715948,575715958,575715970,575715958,575718512,0,575718515,575718520,575718525,1,2,13,23,12,0,2554,-575718512,575718515,5,5,26,2593
3783,579188728,579188729,579188731,579188741,579188750,579188751,579188750,579191060,0,579191063,579191068,579191072,1,2,10,19,1,0,2310,-579191060,579191063,5,4,22,2344
3784,625292500,625292501,625292503,625292520,625292538,625292542,625292535,625295045,0,625295049,625295055,625295059,1,2,17,35,4,-3,2510,-625295045,625295049,6,4,35,2559
3785,723994716,723994719,723994721,723994740,723994765,723994768,723994755,723998264,0,723998268,723998272,723998277,3,2,19,44,3,-10,3509,-723998264,723998268,4,5,39,3561
3786,723994727,723994728,723994778,723994781,723994788,723994823,723994811,723998482,0,723998484,723998487,723998491,1,50,3,10,35,23,3671,-723998482,723998484,3,4,84,3764
3787,744535477,744535480,744535520,744535524,744535528,744535537,744535548,744537991,0,744537993,744537995,744537999,3,40,4,8,9,20,2443,-744537991,744537993,2,4,71,2522
3788,744535478,744535479,744535481,744535498,744535516,744535519,744535511,744537944,0,744537947,744537954,744537958,1,2,17,35,3,-5,2433,-744537944,744537947,7,4,33,2480
3789,747603054,747603055,747603057,747603068,747603079,747603082,747603077,747605595,0,747605598,747605603,747605608,1,2,11,22,3,-2,2518,-747605595,747605598,5,5,23,2554
3790,748822001,748822002,748822004,748822011,748822025,748822034,748822018,748825523,0,748825525,748825530,748825535,1,2,7,21,9,-7,3505,-748825523,748825525,5,5,17,3534
3791,788539599,788539601,788539604,788539621,788539645,788539648,788539632,788543067,0,788543071,788543076,788543080,2,3,17,41,3,-13,3435,-788543067,788543071,5,4,33,3481
3792,799378997,799379000,799379035,799379037,799379042,799379047,799379078,799381502,0,799381504,799381506,799381510,3,35,2,7,5,36,2424,-799381502,799381504,2,4,81,2513
3793,799378998,799378999,799379002,799379016,799379032,799379034,799379026,799381457,0,799381461,799381466,799381470,1,3,14,30,2,-6,2431,-799381457,799381461,5,4,28,2472
3794,802306089,802306091,802306093,802306106,802306124,802306126,802306115,802309521,0,802309524,802309528,802309533,2,2,13,31,2,-9,3406,-802309521,802309524,4,5,26,3444
3795,802703587,802703590,802703592,802703600,802703611,802703612,802703608,802707170,0,802707172,802707175,802707179,3,2,8,19,1,-3,3562,-802707170,802707172,3,4,21,3592
3796,803485578,803485579,803485581,803485587,803485597,803485598,803485594,803489083,0,803489086,803489090,803489094,1,2,6,16,1,-3,3489,-803489083,803489086,4,4,16,3516
3797,821690636,821690640,821690642,821690662,821690686,821690689,821690675,821694322,0,821694326,821694330,821694335,4,2,20,44,3,-11,3647,-821694322,821694326,4,5,39,3699
3798,821842091,821842092,821842094,821842097,821842104,821842114,821842105,821845613,0,821845616,821845618,821845623,1,2,3,10,10,1,3508,-821845613,821845616,2,5,14,3532
3799,834670336,834670337,834670339,834670357,834670375,834670376,834670370,834672851,0,834672854,834672858,834672862,1,2,18,36,1,-5,2481,-834672851,834672854,4,4,34,2526
3800,910488071,910488073,910488075,910488095,910488119,910488121,910488109,910491748,0,910491751,910491755,910491760,2,2,20,44,2,-10,3639,-910491748,910491751,4,5,38,3689
3801,912692677,912692678,912692680,912692689,912692698,912692699,912692698,912695162,0,912695165,912695168,912695172,1,2,9,18,1,0,2464,-912695162,912695165,3,4,21,2495
3802,916452773,916452774,916452776,916452786,916452796,916452798,916452794,916455410,0,916455413,916455417,916455421,1,2,10,20,2,-2,2616,-916455410,916455413,4,4,21,2648
3803,918423373,918423374,918423376,918423385,918423402,918423404,918423397,918426872,0,918426875,918426878,918426882,1,2,9,26,2,-5,3475,-918426872,918426875,3,4,24,3509
3804,918561606,918561607,918561609,918561614,918561621,918561632,918561621,918565104,0,918565106,918565109,918565113,1,2,5,12,11,0,3483,-918565104,918565106,3,4,15,3507
3805,918787400,918787401,918787403,918787409,918787415,918787422,918787416,918789942,0,918789944,918789947,918789951,1,2,6,12,7,1,2526,-918789942,918789944,3,4,16,2551
3806,920834517,920834517,920834519,920834524,920834532,920834544,920834533,920836922,0,920836924,920836927,920836931,0,2,5,13,12,1,2389,-920836922,920836924,3,4,16,2414
3807,921552041,921552042,921552044,921552051,921552060,921552061,921552058,921555718,0,921555720,921555724,921555729,1,2,7,16,1,-2,3660,-921555718,921555720,4,5,17,3688
3808,924908960,924908962,924908964,924908971,924908981,924908983,924908980,924912497,0,924912499,924912502,924912506,2,2,7,17,2,-1,3517,-924912497,924912499,3,4,20,3546
3809,939437586,939437587,939437589,939437605,939437621,939437632,939437616,939440096,0,939440099,939440104,939440109,1,2,16,32,11,-5,2480,-939440096,939440099,5,5,30,2523
3810,939437592,939437594,939437623,939437626,939437630,939437643,939437639,939440142,0,939440144,939440146,939440150,2,29,3,7,13,9,2503,-939440142,939440144,2,4,47,2558
3811,979186161,979186164,979186167,979186184,979186206,979186208,979186196,979189895,0,979189898,979189903,979189907,3,3,17,39,2,-10,3699,-979189895,979189898,5,4,35,3746
3812,982232831,982232835,982232837,982232849,982232863,982232872,982232858,982236237,0,982236240,982236243,982236248,4,2,12,26,9,-5,3379,-982236237,982236240,3,5,27,3417
3813,34546799,34546803,34546805,34546821,34546840,34546843,34546830,34550301,0,34550305,34550308,34550313,4,2,16,35,3,-10,3471,-34550301,34550305,3,5,31,3514
3814,34937038,34937040,34937041,34937046,34937054,34937065,34937055,34940544,0,34940546,34940549,34940554,2,1,5,13,11,1,3489,-34940544,34940546,3,5,17,3516
3815,34937069,34937070,34937072,34937075,34937081,34937092,34937079,34940756,0,34940758,34940760,34940765,1,2,3,9,11,-2,3677,-34940756,34940758,2,5,10,3696
3816,41528138,41528139,41528141,41528156,41528176,41528178,41528167,41531713,0,41531717,41531720,41531725,1,2,15,35,2,-9,3546,-41531713,41531717,3,5,29,3587
3817,74093469,74093470,74093472,74093491,74093515,74093518,74093505,74096751,0,74096754,74096760,74096765,1,2,19,43,3,-10,3246,-74096751,74096754,6,5,36,3296
3818,118898018,118898019,118898021,118898038,118898058,118898061,118898049,118901685,0,118901688,118901693,118901698,1,2,17,37,3,-9,3636,-118901685,118901688,5,5,31,3680
3819,122581468,122581468,122581470,122581484,122581494,122581496,122581492,122584546,0,122584549,122584553,122584557,0,2,14,24,2,-2,3054,-122584546,122584549,4,4,24,3089
3820,127165283,127165284,127165286,127165298,127165310,127165313,127165308,127167795,0,127167798,127167803,127167808,1,2,12,24,3,-2,2487,-127167795,127167798,5,5,25,2525
3821,127165299,127165300,127165313,127165316,127165320,127165325,127165336,127167841,0,127167843,127167846,127167849,1,13,3,7,5,16,2505,-127167841,127167843,3,3,37,2550
3822,131879319,131879321,131879322,131879335,131879348,131879350,131879345,131881856,0,131881859,131881864,131881869,2,1,13,26,2,-3,2511,-131881856,131881859,5,5,26,2550
3823,173413938,173413939,173413941,173413956,173413970,173413972,173413967,173416350,0,173416353,173416357,173416361,1,2,15,29,2,-3,2383,-173416350,173416353,4,4,29,2423
3824,205373290,205373292,205373294,205373311,205373327,205373329,205373324,205375805,0,205375809,205375815,205375820,2,2,17,33,2,-3,2481,-205375805,205375809,6,5,34,2530
3825,205373294,205373295,205373331,205373334,205373338,205373346,205373358,205375851,0,205375853,205375856,205375859,1,36,3,7,8,20,2493,-205375851,205375853,3,3,64,2565
3826,222815500,222815501,222815503,222815518,222815532,222815534,222815528,222817948,0,222817951,222817956,222817960,1,2,15,29,2,-4,2420,-222817948,222817951,5,4,28,2460
3827,222815504,222815505,222815535,222815537,222815541,222815546,222815558,222817994,0,222817996,222817998,222818002,1,30,2,6,5,17,2436,-222817994,222817996,2,4,54,2498
3828,244902346,244902347,244902349,244902365,244902379,244902381,244902374,244904898,0,244904901,244904904,244904909,1,2,16,30,2,-5,2524,-244904898,244904901,3,5,28,2563
3829,256594483,256594487,256594518,256594521,256594526,256594536,256594527,256596894,0,256596896,256596898,256596902,4,31,3,8,10,1,2367,-256596894,256596896,2,4,44,2419
3830,256594484,256594485,256594488,256594503,256594517,256594518,256594514,256596846,0,256596850,256596853,256596858,1,3,15,29,1,-3,2332,-256596846,256596850,3,5,30,2374
3831,331375148,331375150,331375152,331375172,331375197,331375200,331375186,331378795,0,331378799,331378803,331378808,2,2,20,45,3,-11,3609,-331378795,331378799,4,5,38,3660
3832,800961922,800961923,800961925,800961938,800961949,800961958,800961948,800966616,0,800966619,800966623,800966627,1,2,13,24,9,-1,4668,-800966616,800966619,4,4,26,4705
3833,800962610,800962611,800962613,800962616,800962621,800962632,800962623,800966952,0,800966954,800966956,800966961,1,2,3,8,11,2,4329,-800966952,800966954,2,5,13,4351
3834,802838975,802838976,802838979,802838987,802838996,802839008,802838994,802842193,0,802842196,802842201,802842206,1,3,8,17,12,-2,3199,-802842193,802842196,5,5,19,3231
3835,802953668,802953669,802953671,802953674,802953680,802953691,802953682,802956913,0,802956915,802956918,802956922,1,2,3,9,11,2,3231,-802956913,802956915,3,4,14,3254
3836,802976117,802976118,802976120,802976123,802976127,802976138,802976130,802979061,0,802979065,802979067,802979071,1,2,3,7,11,3,2931,-802979061,802979065,2,4,13,2954
3837,802980049,802980050,802980052,802980055,802980059,802980068,802980060,802982500,0,802982503,802982505,802982509,1,2,3,7,9,1,2440,-802982500,802982503,2,4,11,2460
3838,803535105,803535106,803535108,803535113,803535119,803535127,803535120,803538185,0,803538189,803538192,803538196,1,2,5,11,8,1,3065,-803538185,803538189,3,4,15,3091
3839,803535137,803535138,803535140,803535143,803535147,803535156,803535148,803538240,0,803538242,803538244,803538249,1,2,3,7,9,1,3092,-803538240,803538242,2,5,11,3112
3840,804601308,804601309,804601311,804601324,804601336,804601347,804601334,804603652,0,804603656,804603660,804603664,1,2,13,25,11,-2,2318,-804603652,804603656,4,4,26,2356
3841,805389512,805389513,805389515,805389523,805389530,805389540,805389531,805392500,0,805392503,805392506,805392511,1,2,8,15,10,1,2969,-805392500,805392503,3,5,19,2999
3842,805389544,805389545,805389547,805389550,805389554,805389565,805389558,805392551,0,805392553,805392555,805392559,1,2,3,7,11,4,2993,-805392551,805392553,2,4,14,3015
3843,807264868,807264870,807264872,807264885,807264895,807264902,807264893,807267369,0,807267372,807267376,807267381,2,2,13,23,7,-2,2476,-807267369,807267372,4,5,25,2513
3844,807264873,807264874,807264896,807264899,807264903,807264914,807264909,807267418,0,807267421,807267423,807267427,1,22,3,7,11,6,2509,-807267418,807267421,2,4,36,2554
3845,837781469,837781470,837781472,837781490,837781514,837781516,837781506,837784863,0,837784866,837784872,837784877,1,2,18,42,2,-8,3357,-837784863,837784866,6,5,37,3408
3846,843591999,843592000,843592002,843592014,843592033,843592035,843592024,843595314,0,843595316,843595321,843595326,1,2,12,31,2,-9,3290,-843595314,843595316,5,5,25,3327
3847,844557282,844557283,844557285,844557291,844557299,844557308,844557298,844560785,0,844560788,844560791,844560795,1,2,6,14,9,-1,3487,-844560785,844560788,3,4,16,3513
3848,874956503,874956504,874956506,874956523,874956541,874956564,874956537,874958920,0,874958923,874958929,874958937,1,2,17,35,23,-4,2383,-874958920,874958923,6,8,34,2434
3849,874956539,874956541,874956545,874956548,874956553,874956560,874956574,874958966,0,874958968,874958971,874958975,2,4,3,8,7,21,2392,-874958966,874958968,3,4,35,2436
3850,874960986,874960987,874960989,874960996,874961004,874961017,874961003,874963393,0,874963395,874963399,874963404,1,2,7,15,13,-1,2390,-874963393,874963395,4,5,17,2418
3851,874960996,874960997,874961006,874961011,874961016,874961036,874961029,874963535,0,874963537,874963540,874963545,1,9,5,10,20,13,2506,-874963535,874963537,3,5,33,2549
3852,874961020,874961021,874961023,874961029,874961034,874961088,874961057,874963613,0,874963615,874963618,874963626,1,2,6,11,54,23,2556,-874963613,874963615,3,8,37,2606
3853,874961043,874961047,874961058,874961062,874961067,874961076,874961096,874963664,0,874963666,874963668,874963672,4,11,4,9,9,29,2568,-874963664,874963666,2,4,53,2629
3854,874961044,874961045,874961047,874961052,874961057,874961080,874961060,874963620,0,874963622,874963624,874963628,1,2,5,10,23,3,2560,-874963620,874963622,2,4,16,2584
3855,920113685,920113686,920113688,920113707,920113733,920113735,920113722,920117156,0,920117160,920117165,920117170,1,2,19,45,2,-11,3434,-920117156,920117160,5,5,37,3485
3856,989130063,989130064,989130066,989130085,989130103,989130106,989130101,989132629,0,989132632,989132639,989132643,1,2,19,37,3,-2,2528,-989132629,989132632,7,4,38,2580
3857,989630745,989630745,989630747,989630751,989630756,989630765,989630758,989633402,0,989633405,989633407,989633411,0,2,4,9,9,2,2644,-989633402,989633405,2,4,13,2666
3858,11837130,11837132,11837134,11837154,11837178,11837180,11837167,11840640,0,11840643,11840649,11840653,2,2,20,44,2,-11,3473,-11840640,11840643,6,4,37,3523
3859,11847239,11847240,11847242,11847246,11847253,11847262,11847254,11850642,0,11850644,11850647,11850652,1,2,4,11,9,1,3388,-11850642,11850644,3,5,15,3413
3860,11983076,11983076,11983078,11983083,11983090,11983098,11983090,11986537,0,11986539,11986542,11986545,0,2,5,12,8,0,3447,-11986537,11986539,3,3,14,3469
3861,64470402,64470403,64470405,64470424,64470448,64470451,64470438,64474080,0,64474084,64474090,64474095,1,2,19,43,3,-10,3642,-64474080,64474084,6,5,36,3693
3862,87074649,87074650,87074653,87074670,87074689,87074692,87074683,87077091,0,87077095,87077101,87077105,1,3,17,36,3,-6,2408,-87077091,87077095,6,4,34,2456
3863,120802185,120802188,120802190,120802206,120802222,120802225,120802217,120804631,0,120804635,120804638,120804642,3,2,16,32,3,-5,2414,-120804631,120804635,3,4,32,2457
3864,170760809,170760811,170760813,170760830,170760848,170760851,170760845,170763227,0,170763230,170763235,170763238,2,2,17,35,3,-3,2382,-170763227,170763230,5,3,36,2429
3865,212488859,212488861,212488863,212488883,212488909,212488911,212488897,212492287,0,212492291,212492297,212492302,2,2,20,46,2,-12,3390,-212492287,212492291,6,5,38,3443
3866,213551575,213551576,213551578,213551584,213551593,213551603,213551592,213554950,0,213554953,213554956,213554960,1,2,6,15,10,-1,3358,-213554950,213554953,3,4,17,3385
3867,219184241,219184242,219184244,219184255,219184271,219184272,219184265,219187698,0,219187701,219187705,219187709,1,2,11,27,1,-6,3433,-219187698,219187701,4,4,24,3468
3868,219199815,219199816,219199818,219199822,219199830,219199839,219199829,219203192,0,219203194,219203197,219203201,1,2,4,12,9,-1,3363,-219203192,219203194,3,4,14,3386
3869,225852450,225852454,225852456,225852470,225852484,225852486,225852481,225855116,0,225855119,225855123,225855128,4,2,14,28,2,-3,2635,-225855116,225855119,4,5,31,2678
3870,226211274,226211275,226211276,226211281,226211287,226211305,226211290,226213950,0,226213953,226213955,226213959,1,1,5,11,18,3,2660,-226213950,226213953,2,4,16,2685
3871,227654700,227654701,227654703,227654711,227654724,227654735,227654720,227658103,0,227658105,227658109,227658114,1,2,8,21,11,-4,3383,-227658103,227658105,4,5,20,3414
3872,244783609,244783610,244783612,244783630,244783653,244783657,244783643,244787040,0,244787043,244787048,244787053,1,2,18,41,4,-10,3397,-244787040,244787043,5,5,34,3444
3873,280822056,280822057,280822059,280822076,280822094,280822097,280822089,280824528,0,280824532,280824537,280824542,1,2,17,35,3,-5,2439,-280824528,280824532,5,5,33,2486
3874,280822060,280822061,280822098,280822101,280822106,280822114,280822125,280824580,0,280824582,280824584,280824588,1,37,3,8,8,19,2455,-280824580,280824582,2,4,65,2528
3875,281103481,281103486,281103488,281103498,281103513,281103515,281103506,281107055,0,281107057,281107060,281107064,5,2,10,25,2,-7,3549,-281107055,281107057,3,4,25,3583
3876,282172379,282172382,282172384,282172393,282172401,282172410,282172400,282176029,0,282176032,282176035,282176038,3,2,9,17,9,-1,3629,-282176029,282176032,3,3,21,3659
3877,294248496,294248497,294248499,294248518,294248539,294248542,294248531,294252195,0,294252198,294252202,294252207,1,2,19,40,3,-8,3664,-294252195,294252198,4,5,35,3711
3878,295017612,295017614,295017616,295017623,295017633,295017643,295017630,295020268,0,295020270,295020275,295020279,2,2,7,17,10,-3,2638,-295020268,295020270,5,4,18,2667
3879,312830343,312830344,312830346,312830362,312830381,312830384,312830376,312833610,0,312833614,312833619,312833623,1,2,16,35,3,-5,3234,-312833610,312833614,5,4,33,3280
3880,312830347,312830348,312830385,312830390,312830395,312830404,312830417,312833656,0,312833658,312833660,312833664,1,37,5,10,9,22,3239,-312833656,312833658,2,4,70,3317
3881,325910761,325910762,325910764,325910780,325910797,325910801,325910794,325913341,0,325913345,325913350,325913355,1,2,16,33,4,-3,2547,-325913341,325913345,5,5,33,2594
3882,343618586,343618589,343618592,343618611,343618635,343618637,343618624,343622213,0,343622216,343622220,343622223,3,3,19,43,2,-11,3589,-343622213,343622216,4,3,38,3637
3883,382710538,382710539,382710541,382710558,382710577,382710580,382710572,382713057,0,382713061,382713066,382713070,1,2,17,36,3,-5,2485,-382713057,382713061,5,4,34,2532
3884,402806041,402806044,402806046,402806064,402806081,402806083,402806075,402809027,0,402809030,402809035,402809038,3,2,18,35,2,-6,2952,-402809027,402809030,5,3,34,2997
3885,403218480,403218481,403218483,403218487,403218493,403218502,403218495,403222038,0,403222041,403222043,403222047,1,2,4,10,9,2,3543,-403222038,403222041,2,4,15,3567
3886,419791625,419791629,419791632,419791651,419791675,419791677,419791666,419795029,0,419795032,419795036,419795041,4,3,19,43,2,-9,3363,-419795029,419795032,4,5,41,3416
3887,419816023,419816025,419816027,419816031,419816038,419816045,419816039,419819362,0,419819364,419819367,419819371,2,2,4,11,7,1,3323,-419819362,419819364,3,4,16,3348
3888,419833209,419833210,419833212,419833215,419833222,419833238,419833224,419836466,0,419836470,419836472,419836477,1,2,3,10,16,2,3242,-419836466,419836470,2,5,15,3268
3889,473913976,473913977,473913979,473913996,473914014,473914017,473914009,473916532,0,473916536,473916541,473916545,1,2,17,35,3,-5,2523,-473916532,473916536,5,4,33,2569
3890,473913988,473913989,473914017,473914020,473914025,473914034,473914045,473916579,0,473916581,473916583,473916587,1,28,3,8,9,20,2534,-473916579,473916581,2,4,57,2599
3891,493622098,493622100,493622102,493622119,493622137,493622139,493622133,493624817,0,493624821,493624826,493624831,2,2,17,35,2,-4,2684,-493624817,493624821,5,5,35,2733
3892,494547458,494547461,494547463,494547471,494547480,494547488,494547480,494550004,0,494550007,494550010,494550013,3,2,8,17,8,0,2524,-494550004,494550007,3,3,22,2555
3893,495567212,495567213,495567214,495567220,495567227,495567235,495567228,495570238,0,495570241,495570244,495570248,1,1,6,13,8,1,3010,-495570238,495570241,3,4,16,3036
3894,497807797,497807799,497807801,497807807,497807814,497807825,497807815,497810224,0,497810227,497810229,497810233,2,2,6,13,11,1,2409,-497810224,497810227,2,4,18,2436
3895,499758769,499758770,499758772,499758777,499758784,499758795,499758786,499761390,0,499761393,499761395,499761399,1,2,5,12,11,2,2604,-499761390,499761393,2,4,17,2630
3896,504498190,504498191,504498193,504498204,504498218,504498221,504498215,504500671,0,504500674,504500679,504500683,1,2,11,25,3,-3,2456,-504500671,504500674,5,4,25,2493
3897,525768942,525768943,525768945,525768962,525768980,525768982,525768974,525771360,0,525771364,525771369,525771373,1,2,17,35,2,-6,2386,-525771360,525771364,5,4,32,2431
3898,581374102,581374103,581374105,581374120,581374136,581374138,581374133,581376557,0,581376560,581376565,581376570,1,2,15,31,2,-3,2424,-581376557,581376560,5,5,31,2468
3899,581376945,581376946,581376948,581376952,581376956,581376966,581376958,581379284,0,581379286,581379289,581379293,1,2,4,8,10,2,2326,-581379284,581379286,3,4,13,2348
3900,581380003,581380004,581380006,581380009,581380013,581380023,581380015,581382404,0,581382407,581382409,581382413,1,2,3,7,10,2,2389,-581382404,581382407,2,4,12,2410
3901,581382790,581382791,581382792,581382795,581382799,581382808,581382801,581385130,0,581385133,581385136,581385140,1,1,3,7,9,2,2329,-581385130,581385133,3,4,11,2350
3902,632976918,632976919,632976921,632976938,632976956,632976959,632976952,632979244,0,632979247,632979252,632979257,1,2,17,35,3,-4,2292,-632979244,632979247,5,5,34,2339
3903,634439989,634439991,634439993,634440000,634440007,634440015,634440007,634443566,0,634443569,634443571,634443575,2,2,7,14,8,0,3559,-634443566,634443569,2,4,18,3586
3904,634474951,634474952,634474954,634474957,634474962,634474980,634474967,634477293,0,634477296,634477298,634477303,1,2,3,8,18,5,2326,-634477293,634477296,2,5,16,2352
3905,634490700,634490701,634490702,634490705,634490710,634490726,634490712,634493041,0,634493044,634493046,634493050,1,1,3,8,16,2,2329,-634493041,634493044,2,4,12,2350
3906,634510738,634510738,634510740,634510743,634510748,634510765,634510751,634513240,0,634513242,634513244,634513249,0,2,3,8,17,3,2489,-634513240,634513242,2,5,13,2511
3907,645945955,645945957,645945959,645945975,645945992,645945995,645945988,645948460,0,645948464,645948470,645948475,2,2,16,33,3,-4,2472,-645948460,645948464,6,5,33,2520
3908,697096304,697096305,697096307,697096324,697096342,697096345,697096338,697098841,0,697098845,697098850,697098854,1,2,17,35,3,-4,2503,-697098841,697098845,5,4,34,2550
3909,697096314,697096315,697096346,697096348,697096353,697096362,697096373,697098892,0,697098894,697098897,697098900,1,31,2,7,9,20,2519,-697098892,697098894,3,3,59,2586
3910,709723937,709723941,709723943,709723960,709723977,709723980,709723973,709727008,0,709727011,709727015,709727020,4,2,17,34,3,-4,3035,-709727008,709727011,4,5,36,3083
3911,709728124,709728124,709728126,709728130,709728135,709728144,709728137,709730567,0,709730569,709730572,709730575,0,2,4,9,9,2,2430,-709730567,709730569,3,3,13,2451
3912,709752631,709752632,709752634,709752637,709752642,709752653,709752644,709755201,0,709755204,709755206,709755211,1,2,3,8,11,2,2557,-709755201,709755204,2,5,13,2580
3913,835251490,835251492,835251494,835251511,835251530,835251532,835251525,835254058,0,835254062,835254068,835254072,2,2,17,36,2,-5,2533,-835254058,835254062,6,4,35,2582
3914,869704628,869704629,869704632,869704649,869704668,869704671,869704662,869707181,0,869707184,869707190,869707195,1,3,17,36,3,-6,2519,-869707181,869707184,6,5,34,2567
3915,869704634,869704635,869704672,869704675,869704680,869704688,869704700,869707230,0,869707232,869707235,869707238,1,37,3,8,8,20,2530,-869707230,869707232,3,3,66,2604
3916,918564781,918564782,918564784,918564801,918564820,918564823,918564816,918567274,0,918567278,918567284,918567289,1,2,17,36,3,-4,2458,-918567274,918567278,6,5,35,2508
3917,929506566,929506568,929506570,929506585,929506602,929506605,929506598,929509079,0,929509082,929509088,929509091,2,2,15,32,3,-4,2481,-929509079,929509082,6,3,32,2525
3918,929910333,929910334,929910336,929910342,929910348,929910357,929910349,929913840,0,929913842,929913846,929913854,1,2,6,12,9,1,3491,-929913840,929913842,4,8,16,3521
3919,940093470,940093471,940093474,940093490,940093513,940093515,940093503,940096925,0,940096928,940096932,940096936,1,3,16,39,2,-10,3422,-940096925,940096928,4,4,33,3466
3920,994438881,994438882,994438884,994438902,994438918,994438921,994438914,994441165,0,994441168,994441174,994441177,1,2,18,34,3,-4,2251,-994441165,994441168,6,3,33,2296
3921,994439152,994439153,994439155,994439158,994439163,994439172,994439164,994441295,0,994441297,994441300,994441303,1,2,3,8,9,1,2131,-994441295,994441297,3,3,12,2151
3922,16613178,16613179,16613181,16613200,16613225,16613228,16613213,16616650,0,16616653,16616660,16616663,1,2,19,44,3,-12,3437,-16616650,16616653,7,3,35,3485
3923,16856669,16856669,16856671,16856676,16856684,16856693,16856683,16859896,0,16859898,16859901,16859905,0,2,5,13,9,-1,3213,-16859896,16859898,3,4,14,3236
3924,17323049,17323050,17323052,17323057,17323064,17323073,17323063,17326441,0,17326444,17326446,17326451,1,2,5,12,9,-1,3378,-17326441,17326444,2,5,14,3402
3925,52772394,52772397,52772438,52772441,52772446,52772452,52772472,52775650,0,52775652,52775654,52775659,3,41,3,8,6,26,3178,-52775650,52775652,2,5,78,3265
3926,52772395,52772396,52772398,52772415,52772434,52772436,52772428,52775599,0,52775603,52775608,52775612,1,2,17,36,2,-6,3171,-52775599,52775603,5,4,33,3217
3927,94817528,94817529,94817531,94817549,94817568,94817571,94817564,94819910,0,94819913,94819920,94819924,1,2,18,37,3,-4,2346,-94819910,94819913,7,4,36,2396
3928,266656342,266656344,266656347,266656365,266656384,266656387,266656380,266659432,0,266659436,266659440,266659444,2,3,18,37,3,-4,3052,-266659432,266659436,4,4,38,3102
3929,277806183,277806184,277806187,277806204,277806223,277806226,277806217,277808524,0,277808528,277808534,277808539,1,3,17,36,3,-6,2307,-277808524,277808528,6,5,34,2356
3930,346486644,346486645,346486648,346486665,346486684,346486687,346486679,346489170,0,346489173,346489180,346489184,1,3,17,36,3,-5,2491,-346489170,346489173,7,4,35,2540
3931,347685339,347685340,347685342,347685351,347685360,347685362,347685360,347687945,0,347687948,347687951,347687956,1,2,9,18,2,0,2585,-347687945,347687948,3,5,21,2617
3932,355833610,355833613,355833615,355833631,355833645,355833648,355833644,355836411,0,355836414,355836417,355836422,3,2,16,30,3,-1,2767,-355836411,355836414,3,5,34,2812
3933,367080911,367080912,367080914,367080931,367080947,367080950,367080944,367083584,0,367083588,367083591,367083596,1,2,17,33,3,-3,2640,-367083584,367083588,3,5,33,2685
3934,427481256,427481257,427481260,427481277,427481296,427481300,427481291,427484602,0,427484605,427484612,427484616,1,3,17,36,4,-5,3311,-427484602,427484605,7,4,35,3360
3935,427481749,427481750,427481752,427481756,427481761,427481771,427481763,427484649,0,427484651,427484653,427484657,1,2,4,9,10,2,2886,-427484649,427484651,2,4,14,2908
3936,452758404,452758408,452758410,452758430,452758455,452758457,452758445,452761803,0,452761806,452761810,452761814,4,2,20,45,2,-10,3358,-452761803,452761806,4,4,41,3410
3937,452882138,452882139,452882142,452882146,452882153,452882161,452882153,452885808,0,452885811,452885814,452885818,1,3,4,11,8,0,3655,-452885808,452885811,3,4,15,3680
3938,519242321,519242322,519242325,519242343,519242368,519242371,519242358,519245906,0,519245909,519245915,519245920,1,3,18,43,3,-10,3548,-519245906,519245909,6,5,37,3599
3939,535661316,535661318,535661320,535661338,535661362,535661365,535661351,535664931,0,535664934,535664940,535664945,2,2,18,42,3,-11,3580,-535664931,535664934,6,5,35,3629
3940,535934334,535934337,535934339,535934348,535934359,535934362,535934355,535937763,0,535937766,535937769,535937773,3,2,9,20,3,-4,3408,-535937763,535937766,3,4,21,3439
3941,535946260,535946261,535946263,535946267,535946273,535946283,535946275,535949593,0,535949596,535949598,535949603,1,2,4,10,10,2,3318,-535949593,535949596,2,5,15,3343
3942,535960198,535960200,535960202,535960205,535960211,535960212,535960211,535963480,0,535963483,535963486,535963491,2,2,3,9,1,0,3269,-535963480,535963483,3,5,13,3293
3943,535969901,535969902,535969905,535969908,535969914,535969924,535969915,535973293,0,535973296,535973298,535973302,1,3,3,9,10,1,3378,-535973293,535973296,2,4,14,3401
3944,538780460,538780461,538780463,538780470,538780481,538780492,538780479,538783925,0,538783928,538783930,538783935,1,2,7,18,11,-2,3446,-538783925,538783928,2,5,19,3475
3945,538789468,538789469,538789471,538789474,538789480,538789487,538789481,538792806,0,538792810,538792812,538792816,1,2,3,9,7,1,3325,-538792806,538792810,2,4,13,3348
3946,538864431,538864432,538864434,538864438,538864444,538864454,538864446,538867818,0,538867820,538867822,538867826,1,2,4,10,10,2,3372,-538867818,538867820,2,4,15,3395
3947,596467252,596467253,596467255,596467273,596467293,596467295,596467287,596469808,0,596469811,596469818,596469822,1,2,18,38,2,-6,2521,-596469808,596469811,7,4,35,2570
3948,596467264,596467264,596467296,596467299,596467304,596467312,596467324,596469903,0,596469905,596469908,596469911,0,32,3,8,8,20,2579,-596469903,596469905,3,3,60,2647
3949,651437009,651437010,651437012,651437030,651437048,651437051,651437045,651439555,0,651439558,651439562,651439566,1,2,18,36,3,-3,2510,-651439555,651439558,4,4,36,2557
3950,698682636,698682637,698682639,698682657,698682676,698682678,698682671,698685145,0,698685148,698685155,698685160,1,2,18,37,2,-5,2474,-698685145,698685148,7,5,35,2524
3951,698730486,698730488,698730490,698730494,698730498,698730508,698730500,698733479,0,698733482,698733485,698733489,2,2,4,8,10,2,2979,-698733479,698733482,3,4,14,3003
3952,698736413,698736414,698736416,698736419,698736424,698736433,698736425,698739948,0,698739951,698739953,698739958,1,2,3,8,9,1,3523,-698739948,698739951,2,5,12,3545
3953,698743583,698743584,698743586,698743589,698743593,698743602,698743595,698746274,0,698746276,698746279,698746282,1,2,3,7,9,2,2679,-698746274,698746276,3,3,12,2699
3954,698754808,698754809,698754811,698754814,698754818,698754828,698754820,698757264,0,698757266,698757269,698757273,1,2,3,7,10,2,2444,-698757264,698757266,3,4,12,2465
3955,706749042,706749043,706749045,706749057,706749068,706749071,706749064,706751590,0,706751594,706751598,706751602,1,2,12,23,3,-4,2526,-706751590,706751594,4,4,22,2560
3956,709387811,709387812,709387814,709387822,709387829,709387840,709387830,709390408,0,709390411,709390415,709390419,1,2,8,15,11,1,2578,-709390408,709390411,4,4,19,2608
3957,709441164,709441165,709441167,709441171,709441176,709441186,709441178,709443622,0,709443624,709443627,709443631,1,2,4,9,10,2,2444,-709443622,709443624,3,4,14,2467
3958,709448590,709448591,709448593,709448596,709448601,709448610,709448603,709451714,0,709451716,709451718,709451722,1,2,3,8,9,2,3111,-709451714,709451716,2,4,13,3132
3959,721848420,721848421,721848423,721848440,721848458,721848460,721848452,721850902,0,721850905,721850911,721850915,1,2,17,35,2,-6,2450,-721850902,721850905,6,4,32,2495
3960,740605238,740605241,740605244,740605264,740605289,740605292,740605279,740608903,0,740608907,740608912,740608916,3,3,20,45,3,-10,3624,-740608903,740608907,5,4,41,3678
3961,740629419,740629420,740629422,740629426,740629433,740629440,740629433,740633009,0,740633011,740633015,740633019,1,2,4,11,7,0,3576,-740633009,740633011,4,4,14,3600
3962,758125765,758125766,758125768,758125787,758125807,758125810,758125800,758128153,0,758128156,758128162,758128167,1,2,19,39,3,-7,2353,-758128153,758128156,6,5,35,2402
3963,758128650,758128651,758128653,758128657,758128662,758128672,758128664,758130945,0,758130947,758130950,758130954,1,2,4,9,10,2,2281,-758130945,758130947,3,4,14,2304
3964,758634360,758634361,758634363,758634367,758634373,758634383,758634375,758636842,0,758636844,758636847,758636851,1,2,4,10,10,2,2467,-758636842,758636844,3,4,15,2491
3965,762809082,762809084,762809086,762809095,762809104,762809114,762809105,762811513,0,762811516,762811519,762811523,2,2,9,18,10,1,2408,-762811513,762811516,3,4,23,2441
3966,764074455,764074457,764074459,764074464,764074471,764074480,764074473,764076913,0,764076915,764076918,764076922,2,2,5,12,9,2,2440,-764076913,764076915,3,4,18,2467
3967,764077968,764077969,764077971,764077974,764077979,764077996,764077982,764080293,0,764080297,764080300,764080305,1,2,3,8,17,3,2311,-764080293,764080297,3,5,14,2337
3968,766698958,766698960,766698962,766698969,766698978,766698990,766698979,766701819,0,766701822,766701827,766701831,2,2,7,16,12,1,2840,-766701819,766701822,5,4,21,2873
3969,766710618,766710619,766710621,766710624,766710629,766710639,766710631,766713116,0,766713118,766713121,766713124,1,2,3,8,10,2,2485,-766713116,766713118,3,3,13,2506
3970,766736203,766736204,766736206,766736210,766736216,766736224,766736217,766738700,0,766738703,766738706,766738711,1,2,4,10,8,1,2483,-766738700,766738703,3,5,14,2508
3971,795390026,795390027,795390030,795390048,795390067,795390070,795390062,795392511,0,795392515,795392521,795392526,1,3,18,37,3,-5,2449,-795392511,795392515,6,5,36,2500
3972,808716491,808716492,808716494,808716513,808716538,808716541,808716527,808720020,0,808720023,808720030,808720034,1,2,19,44,3,-11,3493,-808720020,808720023,7,4,36,3543
3973,812477469,812477470,812477472,812477485,812477496,812477499,812477494,812480421,0,812480425,812480429,812480434,1,2,13,24,3,-2,2927,-812480421,812480425,4,5,25,2965
3974,812477516,812477517,812477519,812477522,812477526,812477535,812477527,812480468,0,812480470,812480472,812480476,1,2,3,7,9,1,2941,-812480468,812480470,2,4,11,2960
3975,892794394,892794395,892794398,892794414,892794433,892794436,892794429,892796784,0,892796787,892796792,892796796,1,3,16,35,3,-4,2355,-892796784,892796787,5,4,35,2402
3976,892794402,892794403,892794437,892794439,892794444,892794458,892794444,892796832,0,892796834,892796836,892796840,1,34,2,7,14,0,2388,-892796832,892796834,2,4,42,2438
3977,928674512,928674513,928674515,928674533,928674552,928674554,928674547,928677301,0,928677305,928677311,928677315,1,2,18,37,2,-5,2754,-928677301,928677305,6,4,35,2803
3978,929047494,929047495,929047497,929047505,929047512,929047514,929047513,929050202,0,929050205,929050208,929050212,1,2,8,15,2,1,2689,-929050202,929050205,3,4,19,2718
3979,929060550,929060551,929060553,929060557,929060562,929060574,929060564,929062874,0,929062877,929062879,929062884,1,2,4,9,12,2,2310,-929062874,929062877,2,5,14,2334
3980,930685562,930685563,930685565,930685570,930685576,930685584,930685577,930688128,0,930688130,930688133,930688137,1,2,5,11,8,1,2551,-930688128,930688130,3,4,15,2575
3981,5917050,5917054,5917056,5917076,5917100,5917102,5917090,5920748,0,5920751,5920756,5920761,4,2,20,44,2,-10,3658,-5920748,5920751,5,5,40,3711
3982,13653187,13653189,13653191,13653206,13653222,13653224,13653218,13655898,0,13655902,13655907,13655911,2,2,15,31,2,-4,2680,-13655898,13655902,5,4,31,2724
3983,36824726,36824727,36824730,36824748,36824772,36824775,36824762,36828343,0,36828347,36828351,36828355,1,3,18,42,3,-10,3581,-36828343,36828347,4,4,36,3629
3984,36843666,36843667,36843669,36843673,36843679,36843687,36843680,36846988,0,36846991,36846993,36846998,1,2,4,10,8,1,3308,-36846988,36846991,2,5,14,3332
3985,36862676,36862679,36862681,36862684,36862691,36862697,36862692,36866011,0,36866014,36866016,36866021,3,2,3,10,6,1,3319,-36866011,36866014,2,5,16,3345
3986,36881656,36881657,36881658,36881662,36881668,36881678,36881669,36885069,0,36885071,36885074,36885077,1,1,4,10,10,1,3400,-36885069,36885071,3,3,13,3421
3987,36900642,36900643,36900645,36900649,36900654,36900665,36900656,36904199,0,36904202,36904205,36904210,1,2,4,9,11,2,3543,-36904199,36904202,3,5,14,3568
3988,155145112,155145113,155145115,155145133,155145157,155145160,155145149,155148682,0,155148686,155148690,155148694,1,2,18,42,3,-8,3533,-155148682,155148686,4,4,37,3582
3989,155367804,155367808,155367811,155367815,155367821,155367828,155367822,155371306,0,155371309,155371311,155371315,4,3,4,10,7,1,3484,-155371306,155371309,2,4,18,3511
3990,155371974,155371975,155371976,155371980,155371986,155371996,155371987,155375313,0,155375316,155375319,155375324,1,1,4,10,10,1,3326,-155375313,155375316,3,5,13,3350
3991,175700605,175700609,175700611,175700629,175700653,175700656,175700642,175704324,0,175704328,175704332,175704336,4,2,18,42,3,-11,3682,-175704324,175704328,4,4,37,3731
3992,210658503,210658504,210658507,210658523,210658543,210658545,210658539,210660953,0,210660956,210660962,210660967,1,3,16,36,2,-4,2414,-210660953,210660956,6,5,36,2464
3993,210679913,210679914,210679916,210679919,210679925,210679934,210679926,210682359,0,210682362,210682365,210682369,1,2,3,9,9,1,2433,-210682359,210682362,3,4,13,2456
3994,211445036,211445037,211445039,211445044,211445050,211445061,211445052,211447469,0,211447473,211447476,211447479,1,2,5,11,11,2,2417,-211447469,211447473,3,3,16,2443
3995,211670680,211670680,211670682,211670685,211670690,211670700,211670692,211673125,0,211673128,211673131,211673135,0,2,3,8,10,2,2433,-211673125,211673128,3,4,12,2455
3996,211952525,211952526,211952528,211952531,211952535,211952546,211952538,211954833,0,211954836,211954838,211954842,1,2,3,7,11,3,2295,-211954833,211954836,2,4,13,2317
3997,215640827,215640828,215640830,215640837,215640845,215640846,215640845,215643391,0,215643394,215643397,215643402,1,2,7,15,1,0,2546,-215643391,215643394,3,5,18,2575
3998,215643831,215643832,215643834,215643837,215643841,215643851,215643843,215646165,0,215646167,215646170,215646174,1,2,3,7,10,2,2322,-215646165,215646167,3,4,12,2343
3999,222970148,222970150,222970152,222970166,222970180,222970182,222970177,222973339,0,222973343,222973348,222973352,2,2,14,28,2,-3,3162,-222973339,222973343,5,4,29,3204
4000,229428802,229428805,229428808,229428820,229428834,229428836,229428831,229431190,0,229431193,229431197,229431201,3,3,12,26,2,-3,2359,-229431190,229431193,4,4,29,2399
4001,229432277,229432278,229432280,229432283,229432288,229432300,229432290,229434868,0,229434872,229434874,229434878,1,2,3,8,12,2,2578,-229434868,229434872,2,4,13,2601
4002,229448038,229448039,229448041,229448044,229448048,229448065,229448052,229450483,0,229450485,229450487,229450492,1,2,3,7,17,4,2431,-229450483,229450485,2,5,14,2454
4003,229997975,229997977,229997979,229997982,229997987,229998002,229997989,230000513,0,230000516,230000519,230000523,2,2,3,8,15,2,2524,-230000513,230000516,3,4,14,2548
4004,233218802,233218805,233218807,233218813,233218821,233218833,233218822,233221350,0,233221354,233221357,233221361,3,2,6,14,12,1,2528,-233221350,233221354,3,4,20,2559
4005,261778703,261778706,261778746,261778749,261778753,261778761,261778778,261781276,0,261781278,261781281,261781284,3,40,3,7,8,25,2498,-261781276,261781278,3,3,75,2581
4006,261778704,261778705,261778707,261778723,261778742,261778745,261778737,261781224,0,261781227,261781233,261781238,1,2,16,35,3,-5,2487,-261781224,261781227,6,5,33,2534
4007,298590704,298590706,298590708,298590725,298590743,298590746,298590739,298593447,0,298593451,298593457,298593461,2,2,17,35,3,-4,2708,-298593447,298593451,6,4,35,2757
4008,298602619,298602620,298602621,298602625,298602630,298602639,298602632,298605967,0,298605969,298605972,298605976,1,1,4,9,9,2,3335,-298605967,298605969,3,4,13,3357
4009,391023867,391023868,391023871,391023891,391023916,391023918,391023907,391027380,0,391027384,391027392,391027397,1,3,20,45,2,-9,3473,-391027380,391027384,8,5,40,3530
4010,394301188,394301190,394301192,394301207,394301222,394301224,394301217,394304557,0,394304560,394304563,394304568,2,2,15,30,2,-5,3340,-394304557,394304560,3,5,29,3380
4011,396063571,396063572,396063574,396063579,396063587,396063588,396063587,396066897,0,396066899,396066902,396066906,1,2,5,13,1,0,3310,-396066897,396066899,3,4,16,3335
4012,396065722,396065723,396065725,396065728,396065735,396065741,396065735,396069046,0,396069049,396069051,396069056,1,2,3,10,6,0,3311,-396069046,396069049,2,5,13,3334
4013,433705141,433705143,433705145,433705163,433705188,433705192,433705178,433708594,0,433708597,433708603,433708608,2,2,18,43,4,-10,3416,-433708594,433708597,6,5,37,3467
4014,460746867,460746868,460746870,460746888,460746907,460746909,460746900,460749587,0,460749590,460749596,460749600,1,2,18,37,2,-7,2687,-460749587,460749590,6,4,33,2733
4015,460746950,460746951,460746953,460746956,460746962,460746971,460746963,460749636,0,460749638,460749640,460749644,1,2,3,9,9,1,2673,-460749636,460749638,2,4,13,2694
4016,500239673,500239676,500239716,500239719,500239724,500239735,500239746,500242210,0,500242212,500242214,500242218,3,40,3,8,11,22,2464,-500242210,500242212,2,4,73,2545
4017,500239673,500239675,500239677,500239693,500239712,500239715,500239708,500242159,0,500242163,500242169,500242174,2,2,16,35,3,-4,2451,-500242159,500242163,6,5,35,2501
4018,584996146,584996149,584996152,584996169,584996188,584996191,584996184,584998761,0,584998765,584998769,584998774,3,3,17,36,3,-4,2577,-584998761,584998765,4,5,38,2628
4019,619122498,619122499,619122502,619122519,619122538,619122540,619122534,619125667,0,619125671,619125675,619125678,1,3,17,36,2,-4,3133,-619125667,619125671,4,3,36,3180
4020,647767980,647767981,647767983,647767999,647768018,647768022,647768012,647770588,0,647770591,647770597,647770602,1,2,16,35,4,-6,2576,-647770588,647770591,6,5,32,2622
4021,648495244,648495245,648495247,648495252,648495258,648495269,648495260,648497852,0,648497854,648497857,648497861,1,2,5,11,11,2,2592,-648497852,648497854,3,4,16,2617
4022,692353140,692353143,692353146,692353163,692353181,692353184,692353178,692355598,0,692355601,692355606,692355611,3,3,17,35,3,-3,2420,-692355598,692355601,5,5,38,2471
4023,692379135,692379136,692379138,692379141,692379146,692379157,692379151,692381559,0,692381561,692381564,692381568,1,2,3,8,11,5,2408,-692381559,692381561,3,4,16,2433
4024,692381778,692381779,692381781,692381784,692381788,692381798,692381790,692384751,0,692384753,692384756,692384761,1,2,3,7,10,2,2961,-692384751,692384753,3,5,12,2983
4025,849559713,849559714,849559716,849559735,849559760,849559763,849559751,849563266,0,849563270,849563277,849563281,1,2,19,44,3,-9,3515,-849563266,849563270,7,4,38,3568
4026,849587000,849587001,849587003,849587008,849587015,849587023,849587015,849590330,0,849590332,849590335,849590339,1,2,5,12,8,0,3315,-849590330,849590332,3,4,15,3339
4027,850761520,850761521,850761523,850761529,850761537,850761548,850761537,850764924,0,850764927,850764930,850764934,1,2,6,14,11,0,3387,-850764924,850764927,3,4,17,3414
4028,862323704,862323705,862323708,862323726,862323748,862323751,862323739,862327168,0,862327172,862327178,862327183,1,3,18,40,3,-9,3429,-862327168,862327172,6,5,35,3479
4029,865140141,865140143,865140145,865140154,865140164,865140165,865140162,865143690,0,865143694,865143699,865143704,2,2,9,19,1,-2,3528,-865143690,865143694,5,5,21,3563
4030,865222861,865222862,865222864,865222868,865222872,865222882,865222874,865225465,0,865225468,865225470,865225474,1,2,4,8,10,2,2591,-865225465,865225468,2,4,13,2613
4031,866977773,866977777,866977779,866977787,866977795,866977804,866977794,866980220,0,866980223,866980226,866980230,4,2,8,16,9,-1,2426,-866980220,866980223,3,4,21,2457
4032,867301780,867301781,867301783,867301787,867301793,867301805,867301796,867304255,0,867304258,867304261,867304265,1,2,4,10,12,3,2459,-867304255,867304258,3,4,16,2485
4033,921597191,921597192,921597195,921597211,921597229,921597231,921597225,921599709,0,921599712,921599718,921599723,1,3,16,34,2,-4,2484,-921599709,921599712,6,5,34,2532
4034,921597196,921597197,921597232,921597235,921597240,921597248,921597259,921599761,0,921599763,921599765,921599770,1,35,3,8,8,19,2502,-921599761,921599763,2,5,63,2574
4035,929724479,929724480,929724482,929724497,929724514,929724516,929724510,929727039,0,929727042,929727047,929727052,1,2,15,32,2,-4,2529,-929727039,929727042,5,5,31,2573
4036,929724513,929724514,929724517,929724520,929724524,929724533,929724544,929727087,0,929727089,929727092,929727095,1,3,3,7,9,20,2543,-929727087,929727089,3,3,31,2582
4037,938281941,938281944,938281947,938281964,938281986,938281988,938281976,938285529,0,938285533,938285537,938285541,3,3,17,39,2,-10,3553,-938285529,938285533,4,4,35,3600
4038,940133272,940133275,940133277,940133286,940133296,940133309,940133295,940135906,0,940135909,940135914,940135919,3,2,9,19,13,-1,2611,-940135906,940135909,5,5,23,2647
4039,957277994,957277997,957277999,957278018,957278041,957278044,957278031,957281690,0,957281694,957281698,957281702,3,2,19,42,3,-10,3659,-957281690,957281694,4,4,37,3708
4040,89976234,89976237,89976239,89976258,89976282,89976285,89976274,89979512,0,89979515,89979519,89979523,3,2,19,43,3,-8,3238,-89979512,89979515,4,4,40,3289
4041,89978999,89979000,89979002,89979006,89979013,89979013,89979012,89982313,0,89982316,89982318,89982322,1,2,4,11,0,-1,3301,-89982313,89982316,2,4,13,3323
4042,156091660,156091662,156091664,156091685,156091710,156091713,156091699,156095060,0,156095064,156095070,156095074,2,2,21,46,3,-11,3361,-156095060,156095064,6,4,39,3414
4043,161956654,161956656,161956658,161956668,161956680,161956693,161956679,161959021,0,161959025,161959030,161959034,2,2,10,22,13,-1,2342,-161959021,161959025,5,4,25,2380
4044,162181976,162181977,162181979,162181983,162181988,162181997,162181989,162184396,0,162184399,162184402,162184406,1,2,4,9,9,1,2407,-162184396,162184399,3,4,13,2430
4045,164552994,164552995,164552997,164553002,164553009,164553020,164553010,164555412,0,164555414,164555418,164555423,1,2,5,12,11,1,2402,-164555412,164555414,4,5,16,2429
4046,164948540,164948541,164948543,164948547,164948552,164948562,164948554,164951769,0,164951771,164951774,164951778,1,2,4,9,10,2,3215,-164951769,164951771,3,4,14,3238
4047,165005782,165005783,165005785,165005788,165005793,165005803,165005795,165008511,0,165008514,165008516,165008520,1,2,3,8,10,2,2716,-165008511,165008514,2,4,13,2738
4048,165112636,165112637,165112639,165112642,165112647,165112656,165112649,165114947,0,165114949,165114952,165114956,1,2,3,8,9,2,2298,-165114947,165114949,3,4,13,2320
4049,338520693,338520694,338520696,338520716,338520742,338520745,338520731,338524149,0,338524152,338524159,338524164,1,2,20,46,3,-11,3418,-338524149,338524152,7,5,38,3471
4050,341583274,341583275,341583278,341583286,341583299,341583311,341583296,341586698,0,341586701,341586706,341586710,1,3,8,21,12,-3,3402,-341586698,341586701,5,4,22,3436
4051,448663400,448663401,448663403,448663421,448663440,448663443,448663436,448665858,0,448665861,448665865,448665870,1,2,18,37,3,-4,2422,-448665858,448665861,4,5,36,2470
4052,448681419,448681421,448681423,448681427,448681432,448681449,448681435,448683834,0,448683837,448683839,448683843,2,2,4,9,17,3,2399,-448683834,448683837,2,4,16,2424
4053,546560721,546560722,546560725,546560743,546560761,546560765,546560757,546563803,0,546563807,546563811,546563816,1,3,18,36,4,-4,3046,-546563803,546563807,4,5,36,3095
4054,546560729,546560730,546560774,546560777,546560782,546560820,546560808,546563935,0,546563937,546563939,546563946,1,44,3,8,38,26,3127,-546563935,546563937,2,7,79,3217
4055,546608698,546608700,546608702,546608706,546608710,546608721,546608712,546611251,0,546611254,546611256,546611261,2,2,4,8,11,2,2539,-546611251,546611254,2,5,14,2563
4056,546632693,546632697,546632698,546632702,546632706,546632721,546632708,546635795,0,546635797,546635800,546635804,4,1,4,8,15,2,3087,-546635795,546635797,3,4,15,3111
4057,562632413,562632414,562632417,562632432,562632450,562632453,562632446,562635624,0,562635627,562635633,562635638,1,3,15,33,3,-4,3178,-562635624,562635627,6,5,33,3225
4058,563576747,563576748,563576750,563576754,563576760,563576769,563576762,563579181,0,563579183,563579186,563579191,1,2,4,10,9,2,2419,-563579181,563579183,3,5,15,2444
4059,573110490,573110492,573110494,573110510,573110526,573110527,573110521,573112955,0,573112958,573112962,573112967,2,2,16,32,1,-5,2434,-573112955,573112958,4,5,31,2477
4060,598688405,598688408,598688410,598688427,598688444,598688447,598688441,598691198,0,598691202,598691206,598691210,3,2,17,34,3,-3,2757,-598691198,598691202,4,4,36,2805
4061,627183050,627183051,627183053,627183069,627183088,627183090,627183083,627185694,0,627185697,627185703,627185708,1,2,16,35,2,-5,2611,-627185694,627185697,6,5,33,2658
4062,629566152,629566153,629566155,629566160,629566166,629566175,629566167,629569603,0,629569606,629569609,629569612,1,2,5,11,9,1,3436,-629569603,629569606,3,3,15,3460
4063,629582608,629582609,629582611,629582614,629582619,629582629,629582621,629585009,0,629585012,629585014,629585019,1,2,3,8,10,2,2388,-629585009,629585012,2,5,13,2411
4064,651302881,651302882,651302884,651302902,651302920,651302923,651302915,651305373,0,651305376,651305382,651305387,1,2,18,36,3,-5,2458,-651305373,651305376,6,5,34,2506
4065,762286498,762286499,762286501,762286518,762286543,762286546,762286532,762289902,0,762289906,762289912,762289916,1,2,17,42,3,-11,3370,-762289902,762289906,6,4,34,3418
4066,762794097,762794098,762794099,762794104,762794111,762794119,762794111,762797470,0,762797472,762797475,762797480,1,1,5,12,8,0,3359,-762797470,762797472,3,5,14,3383
4067,770525137,770525138,770525140,770525155,770525170,770525172,770525166,770527888,0,770527891,770527897,770527901,1,2,15,30,2,-4,2722,-770527888,770527891,6,4,29,2764
4068,780026030,780026031,780026033,780026049,780026066,780026069,780026062,780029143,0,780029146,780029152,780029156,1,2,16,33,3,-4,3081,-780029143,780029146,6,4,32,3126
4069,782621707,782621709,782621711,782621716,782621723,782621735,782621725,782624296,0,782624299,782624302,782624306,2,2,5,12,12,2,2571,-782624296,782624299,3,4,18,2599
4070,782632593,782632594,782632596,782632599,782632604,782632614,782632606,782634992,0,782634994,782634997,782635001,1,2,3,8,10,2,2386,-782634992,782634994,3,4,13,2408
4071,782644572,782644573,782644575,782644578,782644582,782644592,782644585,782647001,0,782647003,782647006,782647010,1,2,3,7,10,3,2416,-782647001,782647003,3,4,13,2438
4072,782653909,782653910,782653912,782653915,782653920,782653929,782653922,782656232,0,782656234,782656237,782656241,1,2,3,8,9,2,2310,-782656232,782656234,3,4,13,2332
4073,848532635,848532638,848532641,848532661,848532685,848532687,848532676,848536304,0,848536308,848536312,848536316,3,3,20,44,2,-9,3628,-848536304,848536308,4,4,41,3681
4074,848532648,848532649,848532699,848532702,848532708,848532727,848532717,848536430,0,848536432,848536434,848536439,1,50,3,9,19,9,3713,-848536430,848536432,2,5,69,3791
4075,887587219,887587221,887587223,887587242,887587267,887587271,887587255,887590719,0,887590722,887590728,887590733,2,2,19,44,4,-12,3464,-887590719,887590722,6,5,36,3514
4076,890527830,890527831,890527833,890527840,890527848,890527857,890527849,890531139,0,890531142,890531145,890531150,1,2,7,15,9,1,3290,-890531139,890531142,3,5,19,3320
4077,890572670,890572671,890572673,890572677,890572684,890572694,890572683,890576205,0,890576207,890576210,890576214,1,2,4,11,10,-1,3522,-890576205,890576207,3,4,13,3544
4078,65015722,65015723,65015726,65015746,65015772,65015774,65015760,65019280,0,65019284,65019290,65019294,1,3,20,46,2,-12,3520,-65019280,65019284,6,4,38,3572
4079,65024808,65024810,65024812,65024816,65024822,65024831,65024822,65028139,0,65028141,65028144,65028148,2,2,4,10,9,0,3317,-65028139,65028141,3,4,14,3340
4080,65492667,65492668,65492670,65492675,65492684,65492695,65492684,65496092,0,65496095,65496098,65496103,1,2,5,14,11,0,3408,-65496092,65496095,3,5,17,3436
4081,66471212,66471214,66471216,66471226,66471237,66471245,66471233,66474966,0,66474969,66474972,66474976,2,2,10,21,8,-4,3733,-66474966,66474969,3,4,21,3764
4082,66471275,66471276,66471278,66471281,66471287,66471288,66471287,66475124,0,66475125,66475128,66475132,1,2,3,9,1,0,3837,-66475124,66475125,3,4,12,3857
4083,66471314,66471315,66471317,66471319,66471325,66471334,66471324,66475196,0,66475198,66475200,66475204,1,2,2,8,9,-1,3872,-66475196,66475198,2,4,10,3890
4084,67542731,67542732,67542734,67542739,67542748,67542758,67542747,67546151,0,67546154,67546158,67546162,1,2,5,14,10,-1,3404,-67546151,67546154,4,4,16,3431
4085,70536459,70536459,70536461,70536467,70536476,70536484,70536475,70539915,0,70539918,70539921,70539928,0,2,6,15,8,-1,3440,-70539915,70539918,3,7,16,3469
4086,70540334,70540335,70540337,70540340,70540346,70540354,70540346,70543604,0,70543607,70543610,70543614,1,2,3,9,8,0,3258,-70543604,70543607,3,4,12,3280
4087,70598862,70598863,70598865,70598868,70598875,70598883,70598875,70602243,0,70602246,70602249,70602253,1,2,3,10,8,0,3368,-70602243,70602246,3,4,13,3391
4088,70643700,70643701,70643703,70643706,70643712,70643722,70643713,70646949,0,70646952,70646956,70646960,1,2,3,9,10,1,3236,-70646949,70646952,4,4,13,3260
4089,70915881,70915882,70915884,70915892,70915900,70915909,70915899,70919221,0,70919224,70919228,70919233,1,2,8,16,9,-1,3322,-70919221,70919224,4,5,18,3352
4090,71373448,71373449,71373451,71373456,71373463,71373473,71373463,71376886,0,71376888,71376893,71376897,1,2,5,12,10,0,3423,-71376886,71376888,5,4,15,3449
4091,73667243,73667243,73667245,73667251,73667259,73667269,73667259,73670756,0,73670758,73670762,73670766,0,2,6,14,10,0,3497,-73670756,73670758,4,4,16,3523
4092,74770607,74770608,74770610,74770618,74770627,74770637,74770625,74774083,0,74774085,74774089,74774094,1,2,8,17,10,-2,3458,-74774083,74774085,4,5,18,3487
4093,75270100,75270101,75270103,75270108,75270115,75270125,75270115,75273436,0,75273439,75273442,75273446,1,2,5,12,10,0,3321,-75273436,75273439,3,4,15,3346
4094,75788929,75788930,75788932,75788936,75788941,75788951,75788942,75792465,0,75792468,75792470,75792474,1,2,4,9,10,1,3523,-75792465,75792468,2,4,13,3545
4095,75792890,75792891,75792893,75792896,75792902,75792913,75792903,75796392,0,75796395,75796398,75796402,1,2,3,9,11,1,3489,-75796392,75796395,3,4,13,3512
4096,75797156,75797157,75797159,75797162,75797167,75797177,75797169,75801605,0,75801609,75801612,75801615,1,2,3,8,10,2,4436,-75801605,75801609,3,3,13,4459
4097,77136723,77136726,77136728,77136737,77136750,77136752,77136745,77140135,0,77140138,77140142,77140147,3,2,9,22,2,-5,3390,-77140135,77140138,4,5,22,3424
4098,91642362,91642364,91642366,91642385,91642412,91642414,91642401,91645866,0,91645870,91645876,91645880,2,2,19,46,2,-11,3465,-91645866,91645870,6,4,39,3518
4099,91670755,91670758,91670760,91670764,91670771,91670780,91670771,91674087,0,91674090,91674094,91674098,3,2,4,11,9,0,3316,-91674087,91674090,4,4,16,3343
4100,91680615,91680618,91680618,91680622,91680627,91680635,91680627,91684050,0,91684052,91684055,91684058,3,0,4,9,8,0,3423,-91684050,91684052,3,3,12,3443
4101,91732702,91732704,91732706,91732709,91732716,91732728,91732719,91736128,0,91736131,91736133,91736137,2,2,3,10,12,3,3409,-91736128,91736131,2,4,17,3435
4102,134679214,134679215,134679218,134679235,134679254,134679256,134679249,134682473,0,134682477,134682483,134682488,1,3,17,36,2,-5,3224,-134682473,134682477,6,5,35,3274
4103,134982009,134982010,134982012,134982016,134982021,134982030,134982022,134984401,0,134984403,134984406,134984409,1,2,4,9,9,1,2379,-134984401,134984403,3,3,13,2400
4104,173080763,173080766,173080768,173080788,173080812,173080815,173080802,173084257,0,173084261,173084265,173084270,3,2,20,44,3,-10,3455,-173084257,173084261,4,5,39,3507
4105,175669844,175669845,175669848,175669858,175669871,175669873,175669867,175673390,0,175673393,175673397,175673403,1,3,10,23,2,-4,3523,-175673390,175673393,4,6,23,3559
4106,182870898,182870899,182870901,182870915,182870934,182870936,182870926,182874665,0,182874668,182874673,182874677,1,2,14,33,2,-8,3739,-182874665,182874668,5,4,28,3779
4107,182879222,182879223,182879225,182879229,182879235,182879244,182879236,182882643,0,182882646,182882649,182882652,1,2,4,10,9,1,3407,-182882643,182882646,3,3,14,3430
4108,182948336,182948337,182948339,182948343,182948349,182948350,182948349,182951677,0,182951681,182951684,182951687,1,2,4,10,1,0,3328,-182951677,182951681,3,3,13,3351
4109,229090563,229090564,229090567,229090584,229090602,229090605,229090598,229093060,0,229093063,229093069,229093074,1,3,17,35,3,-4,2462,-229093060,229093063,6,5,35,2511
4110,302994089,302994090,302994092,302994111,302994129,302994132,302994126,302996720,0,302996723,302996728,302996733,1,2,19,37,3,-3,2594,-302996720,302996723,5,5,37,2644
4111,517950756,517950758,517950760,517950778,517950797,517950800,517950793,517953347,0,517953351,517953357,517953361,2,2,18,37,3,-4,2554,-517953347,517953351,6,4,37,2605
4112,535967420,535967422,535967424,535967442,535967466,535967469,535967456,535970805,0,535970809,535970814,535970819,2,2,18,42,3,-10,3349,-535970805,535970809,5,5,36,3399
4113,578054674,578054675,578054677,578054695,578054715,578054717,578054710,578058191,0,578058194,578058200,578058205,1,2,18,38,2,-5,3481,-578058191,578058194,6,5,36,3531
4114,581331740,581331741,581331743,581331749,581331756,581331766,581331757,581335150,0,581335153,581335157,581335161,1,2,6,13,10,1,3393,-581335150,581335153,4,4,17,3421
4115,581378421,581378422,581378424,581378428,581378433,581378443,581378435,581380848,0,581380851,581380853,581380857,1,2,4,9,10,2,2413,-581380848,581380851,2,4,14,2436
4116,742632604,742632605,742632607,742632625,742632645,742632647,742632640,742635912,0,742635916,742635922,742635927,1,2,18,38,2,-5,3272,-742635912,742635916,6,5,36,3323
4117,742632612,742632613,742632650,742632653,742632658,742632665,742632676,742635960,0,742635962,742635965,742635968,1,37,3,8,7,18,3284,-742635960,742635962,3,3,64,3356
4118,749075286,749075287,749075290,749075307,749075332,749075335,749075319,749078574,0,749078577,749078583,749078587,1,3,17,42,3,-13,3255,-749078574,749078577,6,4,33,3301
4119,769509455,769509458,769509460,769509479,769509503,769509505,769509493,769513035,0,769513038,769513043,769513046,3,2,19,43,2,-10,3542,-769513035,769513038,5,3,38,3591
4120,769530917,769530918,769530920,769530924,769530932,769530939,769530932,769534457,0,769534460,769534462,769534466,1,2,4,12,7,0,3525,-769534457,769534460,2,4,15,3549
4121,769567652,769567653,769567655,769567663,769567674,769567676,769567671,769571081,0,769571084,769571088,769571092,1,2,8,19,2,-3,3410,-769571081,769571084,4,4,19,3440
4122,769583579,769583580,769583582,769583586,769583594,769583595,769583594,769587091,0,769587093,769587097,769587101,1,2,4,12,1,0,3497,-769587091,769587093,4,4,15,3522
4123,773593599,773593601,773593603,773593612,773593626,773593639,773593622,773597217,0,773597220,773597224,773597228,2,2,9,23,13,-4,3595,-773597217,773597220,4,4,23,3629
4124,815912944,815912945,815912947,815912965,815912983,815912986,815912979,815916517,0,815916520,815916526,815916531,1,2,18,36,3,-4,3538,-815916517,815916520,6,5,35,3587
4125,896027528,896027529,896027531,896027552,896027577,896027580,896027568,896031126,0,896031129,896031136,896031141,1,2,21,46,3,-9,3558,-896031126,896031129,7,5,40,3613
4126,896034033,896034034,896034036,896034040,896034048,896034048,896034047,896037316,0,896037319,896037322,896037325,1,2,4,12,0,-1,3269,-896037316,896037319,3,3,14,3292
4127,896048213,896048214,896048216,896048219,896048226,896048227,896048226,896051571,0,896051573,896051576,896051580,1,2,3,10,1,0,3345,-896051571,896051573,3,4,13,3367
4128,896055364,896055365,896055367,896055370,896055376,896055385,896055377,896058955,0,896058957,896058960,896058964,1,2,3,9,9,1,3578,-896058955,896058957,3,4,13,3600
4129,962181998,962182000,962182002,962182020,962182045,962182048,962182035,962185509,0,962185512,962185519,962185523,2,2,18,43,3,-10,3474,-962185509,962185512,7,4,37,3525
4130,189436332,189436333,189436335,189436352,189436371,189436373,189436366,189438821,0,189438824,189438830,189438835,1,2,17,36,2,-5,2455,-189438821,189438824,6,5,34,2503
4131,189439684,189439685,189439687,189439690,189439695,189439705,189439697,189442061,0,189442063,189442066,189442070,1,2,3,8,10,2,2364,-189442061,189442063,3,4,13,2386
4132,254343272,254343274,254343276,254343295,254343321,254343324,254343309,254346727,0,254346730,254346735,254346740,2,2,19,45,3,-12,3418,-254346727,254346730,5,5,37,3468
4133,303487389,303487390,303487392,2147483647,2147483647,303487406,2147483647,2147483647,2147483647,2147483647,2147483647,2147483647,1,2,1843996255,1843996255,-1843996241,0,0,0,0,0,0,1843996258,1843996258
4134,303487453,303487454,303487456,2147483647,2147483647,303487460,2147483647,2147483647,2147483647,2147483647,2147483647,2147483647,1,2,1843996191,1843996191,-1843996187,0,0,0,0,0,0,1843996194,1843996194
4135,303487531,303487532,303487534,2147483647,2147483647,303487536,2147483647,2147483647,2147483647,2147483647,2147483647,2147483647,1,2,1843996113,1843996113,-1843996111,0,0,0,0,0,0,1843996116,1843996116
4136,303488189,303488191,303488193,2147483647,2147483647,303488196,2147483647,2147483647,2147483647,2147483647,2147483647,2147483647,2,2,1843995454,1843995454,-1843995451,0,0,0,0,0,0,1843995458,1843995458
4137,303488190,303488192,303488196,2147483647,2147483647,303488203,2147483647,2147483647,2147483647,2147483647,2147483647,2147483647,2,4,1843995451,1843995451,-1843995444,0,0,0,0,0,0,1843995457,1843995457
4138,303488254,303488255,303488257,2147483647,2147483647,303488259,2147483647,2147483647,2147483647,2147483647,2147483647,2147483647,1,2,1843995390,1843995390,-1843995388,0,0,0,0,0,0,1843995393,1843995393
4139,303488824,303488824,303488826,2147483647,2147483647,303488829,2147483647,2147483647,2147483647,2147483647,2147483647,2147483647,0,2,1843994821,1843994821,-1843994818,0,0,0,0,0,0,1843994823,1843994823
4140,303488907,303488908,303488910,2147483647,2147483647,303488916,2147483647,2147483647,2147483647,2147483647,2147483647,2147483647,1,2,1843994737,1843994737,-1843994731,0,0,0,0,0,0,1843994740,1843994740
4141,303488908,303488909,303488913,2147483647,2147483647,303488923,2147483647,2147483647,2147483647,2147483647,2147483647,2147483647,1,4,1843994734,1843994734,-1843994724,0,0,0,0,0,0,1843994739,1843994739
4142,303488981,303488982,303488983,2147483647,2147483647,303488986,2147483647,2147483647,2147483647,2147483647,2147483647,2147483647,1,1,1843994664,1843994664,-1843994661,0,0,0,0,0,0,1843994666,1843994666
4143,303489063,303489064,303489066,2147483647,2147483647,303489068,2147483647,2147483647,2147483647,2147483647,2147483647,2147483647,1,2,1843994581,1843994581,-1843994579,0,0,0,0,0,0,1843994584,1843994584
4144,303489237,303489238,303489240,2147483647,2147483647,303489245,2147483647,2147483647,2147483647,2147483647,2147483647,2147483647,1,2,1843994407,1843994407,-1843994402,0,0,0,0,0,0,1843994410,1843994410
4145,303489237,303489239,303489242,2147483647,2147483647,303489251,2147483647,2147483647,2147483647,2147483647,2147483647,2147483647,2,3,1843994405,1843994405,-1843994396,0,0,0,0,0,0,1843994410,1843994410
4146,303489313,303489314,303489315,2147483647,2147483647,303489321,2147483647,2147483647,2147483647,2147483647,2147483647,2147483647,1,1,1843994332,1843994332,-1843994326,0,0,0,0,0,0,1843994334,1843994334
4147,303489313,303489315,303489318,2147483647,2147483647,303489328,2147483647,2147483647,2147483647,2147483647,2147483647,2147483647,2,3,1843994329,1843994329,-1843994319,0,0,0,0,0,0,1843994334,1843994334
4148,303489381,303489381,303489383,2147483647,2147483647,303489386,2147483647,2147483647,2147483647,2147483647,2147483647,2147483647,0,2,1843994264,1843994264,-1843994261,0,0,0,0,0,0,1843994266,1843994266
4149,303489460,303489460,303489462,2147483647,2147483647,303489464,2147483647,2147483647,2147483647,2147483647,2147483647,2147483647,0,2,1843994185,1843994185,-1843994183,0,0,0,0,0,0,1843994187,1843994187
4150,303489551,303489552,303489554,2147483647,2147483647,303489559,2147483647,2147483647,2147483647,2147483647,2147483647,2147483647,1,2,1843994093,1843994093,-1843994088,0,0,0,0,0,0,1843994096,1843994096
4151,303489552,303489553,303489557,2147483647,2147483647,303489566,2147483647,2147483647,2147483647,2147483647,2147483647,2147483647,1,4,1843994090,1843994090,-1843994081,0,0,0,0,0,0,1843994095,1843994095
4152,303489622,303489623,303489624,2147483647,2147483647,303489627,2147483647,2147483647,2147483647,2147483647,2147483647,2147483647,1,1,1843994023,1843994023,-1843994020,0,0,0,0,0,0,1843994025,1843994025
4153,303489702,303489702,303489704,2147483647,2147483647,303489707,2147483647,2147483647,2147483647,2147483647,2147483647,2147483647,0,2,1843993943,1843993943,-1843993940,0,0,0,0,0,0,1843993945,1843993945
4154,303489790,303489791,303489793,2147483647,2147483647,303489795,2147483647,2147483647,2147483647,2147483647,2147483647,2147483647,1,2,1843993854,1843993854,-1843993852,0,0,0,0,0,0,1843993857,1843993857
4155,303489790,303489792,303489795,2147483647,2147483647,303489801,2147483647,2147483647,2147483647,2147483647,2147483647,2147483647,2,3,1843993852,1843993852,-1843993846,0,0,0,0,0,0,1843993857,1843993857
4156,303493504,303493505,303493507,2147483647,2147483647,303493510,2147483647,2147483647,2147483647,2147483647,2147483647,2147483647,1,2,1843990140,1843990140,-1843990137,0,0,0,0,0,0,1843990143,1843990143
4157,303493504,303493506,303493510,303493517,303493534,303493537,303493534,303496152,0,303496155,303496161,303496166,2,4,7,24,3,0,2618,-303496152,303496155,6,5,30,2662
4158,303493565,303493566,303493568,2147483647,2147483647,303493575,2147483647,2147483647,2147483647,2147483647,2147483647,2147483647,1,2,1843990079,1843990079,-1843990072,0,0,0,0,0,0,1843990082,1843990082
4159,303495028,303495029,303495031,2147483647,2147483647,303495034,2147483647,2147483647,2147483647,2147483647,2147483647,2147483647,1,2,1843988616,1843988616,-1843988613,0,0,0,0,0,0,1843988619,1843988619
4160,303495028,303495030,303495034,2147483647,2147483647,303495040,2147483647,2147483647,2147483647,2147483647,2147483647,2147483647,2,4,1843988613,1843988613,-1843988607,0,0,0,0,0,0,1843988619,1843988619
4161,303495102,303495103,303495105,2147483647,2147483647,303495108,2147483647,2147483647,2147483647,2147483647,2147483647,2147483647,1,2,1843988542,1843988542,-1843988539,0,0,0,0,0,0,1843988545,1843988545
4162,303495102,303495104,303495108,2147483647,2147483647,303495114,2147483647,2147483647,2147483647,2147483647,2147483647,2147483647,2,4,1843988539,1843988539,-1843988533,0,0,0,0,0,0,1843988545,1843988545
4163,303495179,303495180,303495182,2147483647,2147483647,303495185,2147483647,2147483647,2147483647,2147483647,2147483647,2147483647,1,2,1843988465,1843988465,-1843988462,0,0,0,0,0,0,1843988468,1843988468
4164,303495179,303495181,303495185,2147483647,2147483647,303495191,2147483647,2147483647,2147483647,2147483647,2147483647,2147483647,2,4,1843988462,1843988462,-1843988456,0,0,0,0,0,0,1843988468,1843988468
4165,303495663,303495664,303495666,2147483647,2147483647,303495672,2147483647,2147483647,2147483647,2147483647,2147483647,2147483647,1,2,1843987981,1843987981,-1843987975,0,0,0,0,0,0,1843987984,1843987984
4166,303495663,303495665,303495669,2147483647,2147483647,303495678,2147483647,2147483647,2147483647,2147483647,2147483647,2147483647,2,4,1843987978,1843987978,-1843987969,0,0,0,0,0,0,1843987984,1843987984
4167,303495731,303495731,303495733,2147483647,2147483647,303495735,2147483647,2147483647,2147483647,2147483647,2147483647,2147483647,0,2,1843987914,1843987914,-1843987912,0,0,0,0,0,0,1843987916,1843987916
4168,303496301,303496301,303496303,2147483647,2147483647,303496306,2147483647,2147483647,2147483647,2147483647,2147483647,2147483647,0,2,1843987344,1843987344,-1843987341,0,0,0,0,0,0,1843987346,1843987346
4169,303496464,303496464,303496466,2147483647,2147483647,303496469,2147483647,2147483647,2147483647,2147483647,2147483647,2147483647,0,2,1843987181,1843987181,-1843987178,0,0,0,0,0,0,1843987183,1843987183
4170,303496535,303496535,303496537,2147483647,2147483647,303496540,2147483647,2147483647,2147483647,2147483647,2147483647,2147483647,0,2,1843987110,1843987110,-1843987107,0,0,0,0,0,0,1843987112,1843987112
4171,303496705,303496706,303496708,2147483647,2147483647,303496710,2147483647,2147483647,2147483647,2147483647,2147483647,2147483647,1,2,1843986939,1843986939,-1843986937,0,0,0,0,0,0,1843986942,1843986942
4172,303496778,303496779,303496781,2147483647,2147483647,303496783,2147483647,2147483647,2147483647,2147483647,2147483647,2147483647,1,2,1843986866,1843986866,-1843986864,0,0,0,0,0,0,1843986869,1843986869
4173,303496943,303496943,303496945,2147483647,2147483647,303496947,2147483647,2147483647,2147483647,2147483647,2147483647,2147483647,0,2,1843986702,1843986702,-1843986700,0,0,0,0,0,0,1843986704,1843986704
4174,303497033,303497036,303497038,2147483647,2147483647,303497044,2147483647,2147483647,2147483647,2147483647,2147483647,2147483647,3,2,1843986609,1843986609,-1843986603,0,0,0,0,0,0,1843986614,1843986614
4175,303497034,303497037,303497041,2147483647,2147483647,303497058,2147483647,2147483647,2147483647,2147483647,2147483647,2147483647,3,4,1843986606,1843986606,-1843986589,0,0,0,0,0,0,1843986613,1843986613
4176,303497034,303497037,303497043,2147483647,2147483647,303497058,2147483647,2147483647,2147483647,2147483647,2147483647,2147483647,3,6,1843986604,1843986604,-1843986589,0,0,0,0,0,0,1843986613,1843986613
4177,303497035,303497038,303497046,2147483647,2147483647,303497059,2147483647,2147483647,2147483647,2147483647,2147483647,2147483647,3,8,1843986601,1843986601,-1843986588,0,0,0,0,0,0,1843986612,1843986612
4178,303497035,303497038,303497048,2147483647,2147483647,303497060,2147483647,2147483647,2147483647,2147483647,2147483647,2147483647,3,10,1843986599,1843986599,-1843986587,0,0,0,0,0,0,1843986612,1843986612
4179,303497048,303497051,303497052,2147483647,2147483647,303497060,2147483647,2147483647,2147483647,2147483647,2147483647,2147483647,3,1,1843986595,1843986595,-1843986587,0,0,0,0,0,0,1843986599,1843986599
4180,303497048,303497052,303497055,2147483647,2147483647,303497069,2147483647,2147483647,2147483647,2147483647,2147483647,2147483647,4,3,1843986592,1843986592,-1843986578,0,0,0,0,0,0,1843986599,1843986599
4181,303497048,303497052,303497058,2147483647,2147483647,303497069,2147483647,2147483647,2147483647,2147483647,2147483647,2147483647,4,6,1843986589,1843986589,-1843986578,0,0,0,0,0,0,1843986599,1843986599
4182,303516797,303516798,303516800,2147483647,2147483647,303516803,2147483647,2147483647,2147483647,2147483647,2147483647,2147483647,1,2,1843966847,1843966847,-1843966844,0,0,0,0,0,0,1843966850,1843966850
4183,303516798,303516800,303516804,2147483647,2147483647,303516810,2147483647,2147483647,2147483647,2147483647,2147483647,2147483647,2,4,1843966843,1843966843,-1843966837,0,0,0,0,0,0,1843966849,1843966849
4184,303517558,303517559,303517561,2147483647,2147483647,303517563,2147483647,2147483647,2147483647,2147483647,2147483647,2147483647,1,2,1843966086,1843966086,-1843966084,0,0,0,0,0,0,1843966089,1843966089
4185,303517558,303517560,303517564,2147483647,2147483647,303517570,2147483647,2147483647,2147483647,2147483647,2147483647,2147483647,2,4,1843966083,1843966083,-1843966077,0,0,0,0,0,0,1843966089,1843966089
4186,303518245,303518246,303518248,2147483647,2147483647,303518254,2147483647,2147483647,2147483647,2147483647,2147483647,2147483647,1,2,1843965399,1843965399,-1843965393,0,0,0,0,0,0,1843965402,1843965402
4187,303518246,303518247,303518251,2147483647,2147483647,303518260,2147483647,2147483647,2147483647,2147483647,2147483647,2147483647,1,4,1843965396,1843965396,-1843965387,0,0,0,0,0,0,1843965401,1843965401
4188,311987792,311987792,311987795,2147483647,2147483647,311987807,2147483647,2147483647,2147483647,2147483647,2147483647,2147483647,0,3,1835495852,1835495852,-1835495840,0,0,0,0,0,0,1835495855,1835495855
4189,311987859,311987860,311987862,2147483647,2147483647,311987865,2147483647,2147483647,2147483647,2147483647,2147483647,2147483647,1,2,1835495785,1835495785,-1835495782,0,0,0,0,0,0,1835495788,1835495788
4190,311987940,311987941,311987943,2147483647,2147483647,311987945,2147483647,2147483647,2147483647,2147483647,2147483647,2147483647,1,2,1835495704,1835495704,-1835495702,0,0,0,0,0,0,1835495707,1835495707
4191,311988590,311988590,311988592,2147483647,2147483647,311988595,2147483647,2147483647,2147483647,2147483647,2147483647,2147483647,0,2,1835495055,1835495055,-1835495052,0,0,0,0,0,0,1835495057,1835495057
4192,311988674,311988675,311988677,2147483647,2147483647,311988679,2147483647,2147483647,2147483647,2147483647,2147483647,2147483647,1,2,1835494970,1835494970,-1835494968,0,0,0,0,0,0,1835494973,1835494973
4193,311988674,311988676,311988679,2147483647,2147483647,311988686,2147483647,2147483647,2147483647,2147483647,2147483647,2147483647,2,3,1835494968,1835494968,-1835494961,0,0,0,0,0,0,1835494973,1835494973
4194,311989240,311989241,311989243,2147483647,2147483647,311989248,2147483647,2147483647,2147483647,2147483647,2147483647,2147483647,1,2,1835494404,1835494404,-1835494399,0,0,0,0,0,0,1835494407,1835494407
4195,311989240,311989242,311989246,2147483647,2147483647,311989257,2147483647,2147483647,2147483647,2147483647,2147483647,2147483647,2,4,1835494401,1835494401,-1835494390,0,0,0,0,0,0,1835494407,1835494407
4196,311989307,311989308,311989309,2147483647,2147483647,311989312,2147483647,2147483647,2147483647,2147483647,2147483647,2147483647,1,1,1835494338,1835494338,-1835494335,0,0,0,0,0,0,1835494340,1835494340
4197,311989390,311989391,311989393,2147483647,2147483647,311989395,2147483647,2147483647,2147483647,2147483647,2147483647,2147483647,1,2,1835494254,1835494254,-1835494252,0,0,0,0,0,0,1835494257,1835494257
4198,311989471,311989472,311989474,2147483647,2147483647,311989476,2147483647,2147483647,2147483647,2147483647,2147483647,2147483647,1,2,1835494173,1835494173,-1835494171,0,0,0,0,0,0,1835494176,1835494176
4199,311989653,311989654,311989656,2147483647,2147483647,311989662,2147483647,2147483647,2147483647,2147483647,2147483647,2147483647,1,2,1835493991,1835493991,-1835493985,0,0,0,0,0,0,1835493994,1835493994
4200,311989653,311989655,311989659,2147483647,2147483647,311989668,2147483647,2147483647,2147483647,2147483647,2147483647,2147483647,2,4,1835493988,1835493988,-1835493979,0,0,0,0,0,0,1835493994,1835493994
4201,311989653,311989656,311989662,2147483647,2147483647,311989668,2147483647,2147483647,2147483647,2147483647,2147483647,2147483647,3,6,1835493985,1835493985,-1835493979,0,0,0,0,0,0,1835493994,1835493994
4202,311989715,311989715,311989717,2147483647,2147483647,311989720,2147483647,2147483647,2147483647,2147483647,2147483647,2147483647,0,2,1835493930,1835493930,-1835493927,0,0,0,0,0,0,1835493932,1835493932
4203,311989790,311989790,311989792,2147483647,2147483647,311989794,2147483647,2147483647,2147483647,2147483647,2147483647,2147483647,0,2,1835493855,1835493855,-1835493853,0,0,0,0,0,0,1835493857,1835493857
4204,311989878,311989879,311989881,2147483647,2147483647,311989886,2147483647,2147483647,2147483647,2147483647,2147483647,2147483647,1,2,1835493766,1835493766,-1835493761,0,0,0,0,0,0,1835493769,1835493769
4205,311989878,311989880,311989883,2147483647,2147483647,311989892,2147483647,2147483647,2147483647,2147483647,2147483647,2147483647,2,3,1835493764,1835493764,-1835493755,0,0,0,0,0,0,1835493769,1835493769
4206,311989951,311989952,311989954,2147483647,2147483647,311989956,2147483647,2147483647,2147483647,2147483647,2147483647,2147483647,1,2,1835493693,1835493693,-1835493691,0,0,0,0,0,0,1835493696,1835493696
4207,311990028,311990029,311990031,2147483647,2147483647,311990033,2147483647,2147483647,2147483647,2147483647,2147483647,2147483647,1,2,1835493616,1835493616,-1835493614,0,0,0,0,0,0,1835493619,1835493619
4208,311990119,311990120,311990122,2147483647,2147483647,311990127,2147483647,2147483647,2147483647,2147483647,2147483647,2147483647,1,2,1835493525,1835493525,-1835493520,0,0,0,0,0,0,1835493528,1835493528
4209,311990119,311990121,311990124,2147483647,2147483647,311990133,2147483647,2147483647,2147483647,2147483647,2147483647,2147483647,2,3,1835493523,1835493523,-1835493514,0,0,0,0,0,0,1835493528,1835493528
4210,311990191,311990192,311990194,2147483647,2147483647,311990196,2147483647,2147483647,2147483647,2147483647,2147483647,2147483647,1,2,1835493453,1835493453,-1835493451,0,0,0,0,0,0,1835493456,1835493456
4211,311990270,311990270,311990272,2147483647,2147483647,311990274,2147483647,2147483647,2147483647,2147483647,2147483647,2147483647,0,2,1835493375,1835493375,-1835493373,0,0,0,0,0,0,1835493377,1835493377
4212,311990366,311990367,311990368,311990375,311990394,311990395,311990392,311992796,0,311992799,311992805,311992809,1,1,7,26,1,-2,2404,-311992796,311992799,6,4,26,2443
4213,311990366,311990368,311990397,2147483647,2147483647,311990411,2147483647,2147483647,2147483647,2147483647,2147483647,2147483647,2,29,1835493250,1835493250,-1835493236,0,0,0,0,0,0,1835493281,1835493281
4214,311990455,311990456,311990458,2147483647,2147483647,311990460,2147483647,2147483647,2147483647,2147483647,2147483647,2147483647,1,2,1835493189,1835493189,-1835493187,0,0,0,0,0,0,1835493192,1835493192
4215,311990511,311990512,311990514,2147483647,2147483647,311990516,2147483647,2147483647,2147483647,2147483647,2147483647,2147483647,1,2,1835493133,1835493133,-1835493131,0,0,0,0,0,0,1835493136,1835493136
4216,311990605,311990606,311990608,2147483647,2147483647,311990611,2147483647,2147483647,2147483647,2147483647,2147483647,2147483647,1,2,1835493039,1835493039,-1835493036,0,0,0,0,0,0,1835493042,1835493042
4217,311990606,311990607,311990611,2147483647,2147483647,311990617,2147483647,2147483647,2147483647,2147483647,2147483647,2147483647,1,4,1835493036,1835493036,-1835493030,0,0,0,0,0,0,1835493041,1835493041
4218,311990674,311990675,311990677,2147483647,2147483647,311990679,2147483647,2147483647,2147483647,2147483647,2147483647,2147483647,1,2,1835492970,1835492970,-1835492968,0,0,0,0,0,0,1835492973,1835492973
4219,311990766,311990767,311990768,2147483647,2147483647,311990771,2147483647,2147483647,2147483647,2147483647,2147483647,2147483647,1,1,1835492879,1835492879,-1835492876,0,0,0,0,0,0,1835492881,1835492881
4220,311990766,311990768,311990771,2147483647,2147483647,311990778,2147483647,2147483647,2147483647,2147483647,2147483647,2147483647,2,3,1835492876,1835492876,-1835492869,0,0,0,0,0,0,1835492881,1835492881
4221,311990929,311990929,311990931,2147483647,2147483647,311990937,2147483647,2147483647,2147483647,2147483647,2147483647,2147483647,0,2,1835492716,1835492716,-1835492710,0,0,0,0,0,0,1835492718,1835492718
4222,311990929,311990930,311990934,2147483647,2147483647,311990942,2147483647,2147483647,2147483647,2147483647,2147483647,2147483647,1,4,1835492713,1835492713,-1835492705,0,0,0,0,0,0,1835492718,1835492718
4223,311990995,311990996,311990998,2147483647,2147483647,311991000,2147483647,2147483647,2147483647,2147483647,2147483647,2147483647,1,2,1835492649,1835492649,-1835492647,0,0,0,0,0,0,1835492652,1835492652
4224,312015745,312015746,312015748,2147483647,2147483647,312015752,2147483647,2147483647,2147483647,2147483647,2147483647,2147483647,1,2,1835467899,1835467899,-1835467895,0,0,0,0,0,0,1835467902,1835467902
4225,312016304,312016305,312016307,2147483647,2147483647,312016309,2147483647,2147483647,2147483647,2147483647,2147483647,2147483647,1,2,1835467340,1835467340,-1835467338,0,0,0,0,0,0,1835467343,1835467343
4226,312016366,312016366,312016368,2147483647,2147483647,312016370,2147483647,2147483647,2147483647,2147483647,2147483647,2147483647,0,2,1835467279,1835467279,-1835467277,0,0,0,0,0,0,1835467281,1835467281
4227,312017095,312017096,312017098,2147483647,2147483647,312017100,2147483647,2147483647,2147483647,2147483647,2147483647,2147483647,1,2,1835466549,1835466549,-1835466547,0,0,0,0,0,0,1835466552,1835466552
4228,312017268,312017269,312017271,2147483647,2147483647,312017274,2147483647,2147483647,2147483647,2147483647,2147483647,2147483647,1,2,1835466376,1835466376,-1835466373,0,0,0,0,0,0,1835466379,1835466379
4229,312017269,312017270,312017274,2147483647,2147483647,312017280,2147483647,2147483647,2147483647,2147483647,2147483647,2147483647,1,4,1835466373,1835466373,-1835466367,0,0,0,0,0,0,1835466378,1835466378
4230,312017345,312017346,312017348,2147483647,2147483647,312017353,2147483647,2147483647,2147483647,2147483647,2147483647,2147483647,1,2,1835466299,1835466299,-1835466294,0,0,0,0,0,0,1835466302,1835466302
4231,312017345,312017347,312017350,2147483647,2147483647,312017360,2147483647,2147483647,2147483647,2147483647,2147483647,2147483647,2,3,1835466297,1835466297,-1835466287,0,0,0,0,0,0,1835466302,1835466302
4232,312017918,312017919,312017921,2147483647,2147483647,312017927,2147483647,2147483647,2147483647,2147483647,2147483647,2147483647,1,2,1835465726,1835465726,-1835465720,0,0,0,0,0,0,1835465729,1835465729
4233,312017918,312017920,312017924,2147483647,2147483647,312017934,2147483647,2147483647,2147483647,2147483647,2147483647,2147483647,2,4,1835465723,1835465723,-1835465713,0,0,0,0,0,0,1835465729,1835465729
4234,312017918,312017921,312017927,2147483647,2147483647,312017934,2147483647,2147483647,2147483647,2147483647,2147483647,2147483647,3,6,1835465720,1835465720,-1835465713,0,0,0,0,0,0,1835465729,1835465729
4235,312018071,312018072,312018074,2147483647,2147483647,312018079,2147483647,2147483647,2147483647,2147483647,2147483647,2147483647,1,2,1835465573,1835465573,-1835465568,0,0,0,0,0,0,1835465576,1835465576
4236,312018071,312018073,312018076,2147483647,2147483647,312018085,2147483647,2147483647,2147483647,2147483647,2147483647,2147483647,2,3,1835465571,1835465571,-1835465562,0,0,0,0,0,0,1835465576,1835465576
4237,312018152,312018153,312018155,2147483647,2147483647,312018158,2147483647,2147483647,2147483647,2147483647,2147483647,2147483647,1,2,1835465492,1835465492,-1835465489,0,0,0,0,0,0,1835465495,1835465495
4238,312018152,312018155,312018158,2147483647,2147483647,312018164,2147483647,2147483647,2147483647,2147483647,2147483647,2147483647,3,3,1835465489,1835465489,-1835465483,0,0,0,0,0,0,1835465495,1835465495
4239,312018457,312018458,312018460,2147483647,2147483647,312018462,2147483647,2147483647,2147483647,2147483647,2147483647,2147483647,1,2,1835465187,1835465187,-1835465185,0,0,0,0,0,0,1835465190,1835465190
4240,312018721,312018722,312018724,2147483647,2147483647,312018730,2147483647,2147483647,2147483647,2147483647,2147483647,2147483647,1,2,1835464923,1835464923,-1835464917,0,0,0,0,0,0,1835464926,1835464926
4241,312018722,312018723,312018727,2147483647,2147483647,312018735,2147483647,2147483647,2147483647,2147483647,2147483647,2147483647,1,4,1835464920,1835464920,-1835464912,0,0,0,0,0,0,1835464925,1835464925
4242,312018774,312018775,312018777,2147483647,2147483647,312018779,2147483647,2147483647,2147483647,2147483647,2147483647,2147483647,1,2,1835464870,1835464870,-1835464868,0,0,0,0,0,0,1835464873,1835464873
4243,324530883,324530884,324530886,2147483647,2147483647,324530899,2147483647,2147483647,2147483647,2147483647,2147483647,2147483647,1,2,1822952761,1822952761,-1822952748,0,0,0,0,0,0,1822952764,1822952764
4244,324530949,324530950,324530952,2147483647,2147483647,324530954,2147483647,2147483647,2147483647,2147483647,2147483647,2147483647,1,2,1822952695,1822952695,-1822952693,0,0,0,0,0,0,1822952698,1822952698
4245,324531031,324531032,324531033,2147483647,2147483647,324531036,2147483647,2147483647,2147483647,2147483647,2147483647,2147483647,1,1,1822952614,1822952614,-1822952611,0,0,0,0,0,0,1822952616,1822952616
4246,324531679,324531679,324531681,2147483647,2147483647,324531684,2147483647,2147483647,2147483647,2147483647,2147483647,2147483647,0,2,1822951966,1822951966,-1822951963,0,0,0,0,0,0,1822951968,1822951968
4247,324531764,324531765,324531767,2147483647,2147483647,324531770,2147483647,2147483647,2147483647,2147483647,2147483647,2147483647,1,2,1822951880,1822951880,-1822951877,0,0,0,0,0,0,1822951883,1822951883
4248,324531764,324531766,324531770,2147483647,2147483647,324531776,2147483647,2147483647,2147483647,2147483647,2147483647,2147483647,2,4,1822951877,1822951877,-1822951871,0,0,0,0,0,0,1822951883,1822951883
4249,324532323,324532324,324532326,2147483647,2147483647,324532328,2147483647,2147483647,2147483647,2147483647,2147483647,2147483647,1,2,1822951321,1822951321,-1822951319,0,0,0,0,0,0,1822951324,1822951324
4250,324532400,324532400,324532402,2147483647,2147483647,324532404,2147483647,2147483647,2147483647,2147483647,2147483647,2147483647,0,2,1822951245,1822951245,-1822951243,0,0,0,0,0,0,1822951247,1822951247
4251,324532482,324532483,324532485,2147483647,2147483647,324532487,2147483647,2147483647,2147483647,2147483647,2147483647,2147483647,1,2,1822951162,1822951162,-1822951160,0,0,0,0,0,0,1822951165,1822951165
4252,324532567,324532568,324532570,2147483647,2147483647,324532572,2147483647,2147483647,2147483647,2147483647,2147483647,2147483647,1,2,1822951077,1822951077,-1822951075,0,0,0,0,0,0,1822951080,1822951080
4253,324532567,324532569,324532573,2147483647,2147483647,324532579,2147483647,2147483647,2147483647,2147483647,2147483647,2147483647,2,4,1822951074,1822951074,-1822951068,0,0,0,0,0,0,1822951080,1822951080
4254,324532642,324532643,324532644,2147483647,2147483647,324532647,2147483647,2147483647,2147483647,2147483647,2147483647,2147483647,1,1,1822951003,1822951003,-1822951000,0,0,0,0,0,0,1822951005,1822951005
4255,324532728,324532729,324532731,2147483647,2147483647,324532734,2147483647,2147483647,2147483647,2147483647,2147483647,2147483647,1,2,1822950916,1822950916,-1822950913,0,0,0,0,0,0,1822950919,1822950919
4256,324532729,324532730,324532734,2147483647,2147483647,324532740,2147483647,2147483647,2147483647,2147483647,2147483647,2147483647,1,4,1822950913,1822950913,-1822950907,0,0,0,0,0,0,1822950918,1822950918
4257,324532797,324532798,324532800,2147483647,2147483647,324532802,2147483647,2147483647,2147483647,2147483647,2147483647,2147483647,1,2,1822950847,1822950847,-1822950845,0,0,0,0,0,0,1822950850,1822950850
4258,324532879,324532879,324532881,2147483647,2147483647,324532883,2147483647,2147483647,2147483647,2147483647,2147483647,2147483647,0,2,1822950766,1822950766,-1822950764,0,0,0,0,0,0,1822950768,1822950768
4259,324532968,324532969,324532971,2147483647,2147483647,324532976,2147483647,2147483647,2147483647,2147483647,2147483647,2147483647,1,2,1822950676,1822950676,-1822950671,0,0,0,0,0,0,1822950679,1822950679
4260,324532968,324532970,324532974,2147483647,2147483647,324532982,2147483647,2147483647,2147483647,2147483647,2147483647,2147483647,2,4,1822950673,1822950673,-1822950665,0,0,0,0,0,0,1822950679,1822950679
4261,324533041,324533041,324533043,2147483647,2147483647,324533045,2147483647,2147483647,2147483647,2147483647,2147483647,2147483647,0,2,1822950604,1822950604,-1822950602,0,0,0,0,0,0,1822950606,1822950606
4262,324533120,324533121,324533123,2147483647,2147483647,324533125,2147483647,2147483647,2147483647,2147483647,2147483647,2147483647,1,2,1822950524,1822950524,-1822950522,0,0,0,0,0,0,1822950527,1822950527
4263,324533210,324533211,324533213,2147483647,2147483647,324533218,2147483647,2147483647,2147483647,2147483647,2147483647,2147483647,1,2,1822950434,1822950434,-1822950429,0,0,0,0,0,0,1822950437,1822950437
4264,324533210,324533212,324533215,2147483647,2147483647,324533225,2147483647,2147483647,2147483647,2147483647,2147483647,2147483647,2,3,1822950432,1822950432,-1822950422,0,0,0,0,0,0,1822950437,1822950437
4265,324533282,324533283,324533285,2147483647,2147483647,324533287,2147483647,2147483647,2147483647,2147483647,2147483647,2147483647,1,2,1822950362,1822950362,-1822950360,0,0,0,0,0,0,1822950365,1822950365
4266,324533362,324533362,324533364,2147483647,2147483647,324533369,2147483647,2147483647,2147483647,2147483647,2147483647,2147483647,0,2,1822950283,1822950283,-1822950278,0,0,0,0,0,0,1822950285,1822950285
4267,324533547,324533548,324533550,324533556,324533573,324533575,324533568,324536101,0,324536105,324536111,324536115,1,2,6,23,2,-5,2533,-324536101,324536105,6,4,21,2568
4268,324533547,324533549,324533576,2147483647,2147483647,324533593,2147483647,2147483647,2147483647,2147483647,2147483647,2147483647,2,27,1822950071,1822950071,-1822950054,0,0,0,0,0,0,1822950100,1822950100
4269,324533547,324533550,324533584,2147483647,2147483647,324533593,2147483647,2147483647,2147483647,2147483647,2147483647,2147483647,3,34,1822950063,1822950063,-1822950054,0,0,0,0,0,0,1822950100,1822950100
4270,324533603,324533604,324533606,2147483647,2147483647,324533608,2147483647,2147483647,2147483647,2147483647,2147483647,2147483647,1,2,1822950041,1822950041,-1822950039,0,0,0,0,0,0,1822950044,1822950044
4271,324533683,324533684,324533685,2147483647,2147483647,324533688,2147483647,2147483647,2147483647,2147483647,2147483647,2147483647,1,1,1822949962,1822949962,-1822949959,0,0,0,0,0,0,1822949964,1822949964
4272,324533774,324533775,324533776,2147483647,2147483647,324533779,2147483647,2147483647,2147483647,2147483647,2147483647,2147483647,1,1,1822949871,1822949871,-1822949868,0,0,0,0,0,0,1822949873,1822949873
4273,324533848,324533848,324533850,2147483647,2147483647,324533852,2147483647,2147483647,2147483647,2147483647,2147483647,2147483647,0,2,1822949797,1822949797,-1822949795,0,0,0,0,0,0,1822949799,1822949799
4274,324534011,324534011,324534013,2147483647,2147483647,324534016,2147483647,2147483647,2147483647,2147483647,2147483647,2147483647,0,2,1822949634,1822949634,-1822949631,0,0,0,0,0,0,1822949636,1822949636
4275,324534087,324534088,324534090,2147483647,2147483647,324534092,2147483647,2147483647,2147483647,2147483647,2147483647,2147483647,1,2,1822949557,1822949557,-1822949555,0,0,0,0,0,0,1822949560,1822949560
4276,324534259,324534260,324534261,2147483647,2147483647,324534264,2147483647,2147483647,2147483647,2147483647,2147483647,2147483647,1,1,1822949386,1822949386,-1822949383,0,0,0,0,0,0,1822949388,1822949388
4277,324534335,324534337,324534338,2147483647,2147483647,324534345,2147483647,2147483647,2147483647,2147483647,2147483647,2147483647,2,1,1822949309,1822949309,-1822949302,0,0,0,0,0,0,1822949312,1822949312
4278,324534335,324534338,324534341,2147483647,2147483647,324534354,2147483647,2147483647,2147483647,2147483647,2147483647,2147483647,3,3,1822949306,1822949306,-1822949293,0,0,0,0,0,0,1822949312,1822949312
4279,324534335,324534338,324534344,2147483647,2147483647,324534354,2147483647,2147483647,2147483647,2147483647,2147483647,2147483647,3,6,1822949303,1822949303,-1822949293,0,0,0,0,0,0,1822949312,1822949312
4280,324534335,324534339,324534347,2147483647,2147483647,324534354,2147483647,2147483647,2147483647,2147483647,2147483647,2147483647,4,8,1822949300,1822949300,-1822949293,0,0,0,0,0,0,1822949312,1822949312
4281,324534336,324534339,324534349,2147483647,2147483647,324534355,2147483647,2147483647,2147483647,2147483647,2147483647,2147483647,3,10,1822949298,1822949298,-1822949292,0,0,0,0,0,0,1822949311,1822949311
4282,324534348,324534349,324534352,2147483647,2147483647,324534364,2147483647,2147483647,2147483647,2147483647,2147483647,2147483647,1,3,1822949295,1822949295,-1822949283,0,0,0,0,0,0,1822949299,1822949299
4283,324534408,324534408,324534410,2147483647,2147483647,324534413,2147483647,2147483647,2147483647,2147483647,2147483647,2147483647,0,2,1822949237,1822949237,-1822949234,0,0,0,0,0,0,1822949239,1822949239
4284,324534495,324534496,324534498,2147483647,2147483647,324534501,2147483647,2147483647,2147483647,2147483647,2147483647,2147483647,1,2,1822949149,1822949149,-1822949146,0,0,0,0,0,0,1822949152,1822949152
4285,324534495,324534497,324534501,2147483647,2147483647,324534507,2147483647,2147483647,2147483647,2147483647,2147483647,2147483647,2,4,1822949146,1822949146,-1822949140,0,0,0,0,0,0,1822949152,1822949152
4286,324534567,324534568,324534570,2147483647,2147483647,324534572,2147483647,2147483647,2147483647,2147483647,2147483647,2147483647,1,2,1822949077,1822949077,-1822949075,0,0,0,0,0,0,1822949080,1822949080
4287,324534649,324534650,324534651,2147483647,2147483647,324534654,2147483647,2147483647,2147483647,2147483647,2147483647,2147483647,1,1,1822948996,1822948996,-1822948993,0,0,0,0,0,0,1822948998,1822948998
4288,324534737,324534738,324534739,2147483647,2147483647,324534745,2147483647,2147483647,2147483647,2147483647,2147483647,2147483647,1,1,1822948908,1822948908,-1822948902,0,0,0,0,0,0,1822948910,1822948910
4289,324534737,324534739,324534742,2147483647,2147483647,324534751,2147483647,2147483647,2147483647,2147483647,2147483647,2147483647,2,3,1822948905,1822948905,-1822948896,0,0,0,0,0,0,1822948910,1822948910
4290,324534810,324534811,324534813,2147483647,2147483647,324534815,2147483647,2147483647,2147483647,2147483647,2147483647,2147483647,1,2,1822948834,1822948834,-1822948832,0,0,0,0,0,0,1822948837,1822948837
4291,324534889,324534890,324534892,2147483647,2147483647,324534894,2147483647,2147483647,2147483647,2147483647,2147483647,2147483647,1,2,1822948755,1822948755,-1822948753,0,0,0,0,0,0,1822948758,1822948758
4292,324558065,324558065,324558067,2147483647,2147483647,324558070,2147483647,2147483647,2147483647,2147483647,2147483647,2147483647,0,2,1822925580,1822925580,-1822925577,0,0,0,0,0,0,1822925582,1822925582
4293,324558065,324558067,324558072,2147483647,2147483647,324558077,2147483647,2147483647,2147483647,2147483647,2147483647,2147483647,2,5,1822925575,1822925575,-1822925570,0,0,0,0,0,0,1822925582,1822925582
4294,324559543,324559543,324559545,2147483647,2147483647,324559548,2147483647,2147483647,2147483647,2147483647,2147483647,2147483647,0,2,1822924102,1822924102,-1822924099,0,0,0,0,0,0,1822924104,1822924104
4295,324559543,324559545,324559548,2147483647,2147483647,324559554,2147483647,2147483647,2147483647,2147483647,2147483647,2147483647,2,3,1822924099,1822924099,-1822924093,0,0,0,0,0,0,1822924104,1822924104
4296,324559660,324559661,324559663,2147483647,2147483647,324559665,2147483647,2147483647,2147483647,2147483647,2147483647,2147483647,1,2,1822923984,1822923984,-1822923982,0,0,0,0,0,0,1822923987,1822923987
4297,324559660,324559662,324559666,2147483647,2147483647,324559672,2147483647,2147483647,2147483647,2147483647,2147483647,2147483647,2,4,1822923981,1822923981,-1822923975,0,0,0,0,0,0,1822923987,1822923987
4298,332100392,332100393,332100395,2147483647,2147483647,332100406,2147483647,2147483647,2147483647,2147483647,2147483647,2147483647,1,2,1815383252,1815383252,-1815383241,0,0,0,0,0,0,1815383255,1815383255
4299,332101283,332101284,332101286,2147483647,2147483647,332101289,2147483647,2147483647,2147483647,2147483647,2147483647,2147483647,1,2,1815382361,1815382361,-1815382358,0,0,0,0,0,0,1815382364,1815382364
4300,332101283,332101286,332101290,2147483647,2147483647,332101296,2147483647,2147483647,2147483647,2147483647,2147483647,2147483647,3,4,1815382357,1815382357,-1815382351,0,0,0,0,0,0,1815382364,1815382364
4301,332101342,332101343,332101345,2147483647,2147483647,332101347,2147483647,2147483647,2147483647,2147483647,2147483647,2147483647,1,2,1815382302,1815382302,-1815382300,0,0,0,0,0,0,1815382305,1815382305
4302,332101917,332101918,332101920,2147483647,2147483647,332101923,2147483647,2147483647,2147483647,2147483647,2147483647,2147483647,1,2,1815381727,1815381727,-1815381724,0,0,0,0,0,0,1815381730,1815381730
4303,332101917,332101919,332101923,2147483647,2147483647,332101929,2147483647,2147483647,2147483647,2147483647,2147483647,2147483647,2,4,1815381724,1815381724,-1815381718,0,0,0,0,0,0,1815381730,1815381730
4304,332101984,332101985,332101986,2147483647,2147483647,332101989,2147483647,2147483647,2147483647,2147483647,2147483647,2147483647,1,1,1815381661,1815381661,-1815381658,0,0,0,0,0,0,1815381663,1815381663
4305,332102561,332102562,332102564,2147483647,2147483647,332102567,2147483647,2147483647,2147483647,2147483647,2147483647,2147483647,1,2,1815381083,1815381083,-1815381080,0,0,0,0,0,0,1815381086,1815381086
4306,332102561,332102563,332102567,2147483647,2147483647,332102573,2147483647,2147483647,2147483647,2147483647,2147483647,2147483647,2,4,1815381080,1815381080,-1815381074,0,0,0,0,0,0,1815381086,1815381086
4307,332102628,332102629,332102631,2147483647,2147483647,332102633,2147483647,2147483647,2147483647,2147483647,2147483647,2147483647,1,2,1815381016,1815381016,-1815381014,0,0,0,0,0,0,1815381019,1815381019
4308,332102712,332102713,332102715,2147483647,2147483647,332102718,2147483647,2147483647,2147483647,2147483647,2147483647,2147483647,1,2,1815380932,1815380932,-1815380929,0,0,0,0,0,0,1815380935,1815380935
4309,332102798,332102799,332102801,2147483647,2147483647,332102807,2147483647,2147483647,2147483647,2147483647,2147483647,2147483647,1,2,1815380846,1815380846,-1815380840,0,0,0,0,0,0,1815380849,1815380849
4310,332102798,332102801,332102804,2147483647,2147483647,332102813,2147483647,2147483647,2147483647,2147483647,2147483647,2147483647,3,3,1815380843,1815380843,-1815380834,0,0,0,0,0,0,1815380849,1815380849
4311,332102870,332102871,332102873,2147483647,2147483647,332102875,2147483647,2147483647,2147483647,2147483647,2147483647,2147483647,1,2,1815380774,1815380774,-1815380772,0,0,0,0,0,0,1815380777,1815380777
4312,332102949,332102950,332102952,2147483647,2147483647,332102955,2147483647,2147483647,2147483647,2147483647,2147483647,2147483647,1,2,1815380695,1815380695,-1815380692,0,0,0,0,0,0,1815380698,1815380698
4313,332103039,332103040,332103041,2147483647,2147483647,332103044,2147483647,2147483647,2147483647,2147483647,2147483647,2147483647,1,1,1815380606,1815380606,-1815380603,0,0,0,0,0,0,1815380608,1815380608
4314,332103039,332103041,332103044,2147483647,2147483647,332103050,2147483647,2147483647,2147483647,2147483647,2147483647,2147483647,2,3,1815380603,1815380603,-1815380597,0,0,0,0,0,0,1815380608,1815380608
4315,332103111,332103112,332103114,2147483647,2147483647,332103116,2147483647,2147483647,2147483647,2147483647,2147483647,2147483647,1,2,1815380533,1815380533,-1815380531,0,0,0,0,0,0,1815380536,1815380536
4316,332103199,332103200,332103202,2147483647,2147483647,332103205,2147483647,2147483647,2147483647,2147483647,2147483647,2147483647,1,2,1815380445,1815380445,-1815380442,0,0,0,0,0,0,1815380448,1815380448
4317,332103200,332103201,332103205,2147483647,2147483647,332103211,2147483647,2147483647,2147483647,2147483647,2147483647,2147483647,1,4,1815380442,1815380442,-1815380436,0,0,0,0,0,0,1815380447,1815380447
4318,332103271,332103272,332103274,2147483647,2147483647,332103276,2147483647,2147483647,2147483647,2147483647,2147483647,2147483647,1,2,1815380373,1815380373,-1815380371,0,0,0,0,0,0,1815380376,1815380376
4319,332103350,332103351,332103353,2147483647,2147483647,332103355,2147483647,2147483647,2147483647,2147483647,2147483647,2147483647,1,2,1815380294,1815380294,-1815380292,0,0,0,0,0,0,1815380297,1815380297
4320,332103431,332103431,332103433,2147483647,2147483647,332103435,2147483647,2147483647,2147483647,2147483647,2147483647,2147483647,0,2,1815380214,1815380214,-1815380212,0,0,0,0,0,0,1815380216,1815380216
4321,332103617,332103618,332103620,2147483647,2147483647,332103626,2147483647,2147483647,2147483647,2147483647,2147483647,2147483647,1,2,1815380027,1815380027,-1815380021,0,0,0,0,0,0,1815380030,1815380030
4322,332103617,332103620,332103623,332103630,332103646,332103648,332103642,332106142,0,332106145,332106151,332106154,3,3,7,23,2,-4,2500,-332106142,332106145,6,3,25,2537
4323,332103618,332103620,332103650,2147483647,2147483647,332103663,2147483647,2147483647,2147483647,2147483647,2147483647,2147483647,2,30,1815379997,1815379997,-1815379984,0,0,0,0,0,0,1815380029,1815380029
4324,332103768,332103769,332103771,2147483647,2147483647,332103774,2147483647,2147483647,2147483647,2147483647,2147483647,2147483647,1,2,1815379876,1815379876,-1815379873,0,0,0,0,0,0,1815379879,1815379879
4325,332103768,332103770,332103774,2147483647,2147483647,332103780,2147483647,2147483647,2147483647,2147483647,2147483647,2147483647,2,4,1815379873,1815379873,-1815379867,0,0,0,0,0,0,1815379879,1815379879
4326,332103845,332103845,332103847,2147483647,2147483647,332103850,2147483647,2147483647,2147483647,2147483647,2147483647,2147483647,0,2,1815379800,1815379800,-1815379797,0,0,0,0,0,0,1815379802,1815379802
4327,332103845,332103846,332103850,2147483647,2147483647,332103856,2147483647,2147483647,2147483647,2147483647,2147483647,2147483647,1,4,1815379797,1815379797,-1815379791,0,0,0,0,0,0,1815379802,1815379802
4328,332103913,332103913,332103915,2147483647,2147483647,332103918,2147483647,2147483647,2147483647,2147483647,2147483647,2147483647,0,2,1815379732,1815379732,-1815379729,0,0,0,0,0,0,1815379734,1815379734
4329,332103994,332103995,332103997,2147483647,2147483647,332103999,2147483647,2147483647,2147483647,2147483647,2147483647,2147483647,1,2,1815379650,1815379650,-1815379648,0,0,0,0,0,0,1815379653,1815379653
4330,332104084,332104085,332104086,2147483647,2147483647,332104092,2147483647,2147483647,2147483647,2147483647,2147483647,2147483647,1,1,1815379561,1815379561,-1815379555,0,0,0,0,0,0,1815379563,1815379563
4331,332104084,332104086,332104089,2147483647,2147483647,332104099,2147483647,2147483647,2147483647,2147483647,2147483647,2147483647,2,3,1815379558,1815379558,-1815379548,0,0,0,0,0,0,1815379563,1815379563
4332,332104236,332104236,332104238,2147483647,2147483647,332104240,2147483647,2147483647,2147483647,2147483647,2147483647,2147483647,0,2,1815379409,1815379409,-1815379407,0,0,0,0,0,0,1815379411,1815379411
4333,332104325,332104325,332104327,2147483647,2147483647,332104330,2147483647,2147483647,2147483647,2147483647,2147483647,2147483647,0,2,1815379320,1815379320,-1815379317,0,0,0,0,0,0,1815379322,1815379322
4334,332104485,332104486,332104488,2147483647,2147483647,332104490,2147483647,2147483647,2147483647,2147483647,2147483647,2147483647,1,2,1815379159,1815379159,-1815379157,0,0,0,0,0,0,1815379162,1815379162
4335,332104635,332104636,332104638,2147483647,2147483647,332104640,2147483647,2147483647,2147483647,2147483647,2147483647,2147483647,1,2,1815379009,1815379009,-1815379007,0,0,0,0,0,0,1815379012,1815379012
4336,332104727,332104728,332104729,2147483647,2147483647,332104732,2147483647,2147483647,2147483647,2147483647,2147483647,2147483647,1,1,1815378918,1815378918,-1815378915,0,0,0,0,0,0,1815378920,1815378920
4337,332104877,332104878,332104880,2147483647,2147483647,332104883,2147483647,2147483647,2147483647,2147483647,2147483647,2147483647,1,2,1815378767,1815378767,-1815378764,0,0,0,0,0,0,1815378770,1815378770
4338,332104980,332104981,332104983,2147483647,2147483647,332104988,2147483647,2147483647,2147483647,2147483647,2147483647,2147483647,1,2,1815378664,1815378664,-1815378659,0,0,0,0,0,0,1815378667,1815378667
4339,332104980,332104982,332104985,2147483647,2147483647,332104997,2147483647,2147483647,2147483647,2147483647,2147483647,2147483647,2,3,1815378662,1815378662,-1815378650,0,0,0,0,0,0,1815378667,1815378667
4340,332104984,332104985,332104988,2147483647,2147483647,332104997,2147483647,2147483647,2147483647,2147483647,2147483647,2147483647,1,3,1815378659,1815378659,-1815378650,0,0,0,0,0,0,1815378663,1815378663
4341,332104984,332104985,332104991,2147483647,2147483647,332104997,2147483647,2147483647,2147483647,2147483647,2147483647,2147483647,1,6,1815378656,1815378656,-1815378650,0,0,0,0,0,0,1815378663,1815378663
4342,332104984,332104985,332104993,2147483647,2147483647,332105004,2147483647,2147483647,2147483647,2147483647,2147483647,2147483647,1,8,1815378654,1815378654,-1815378643,0,0,0,0,0,0,1815378663,1815378663
4343,332105010,332105012,332105013,2147483647,2147483647,332105026,2147483647,2147483647,2147483647,2147483647,2147483647,2147483647,2,1,1815378634,1815378634,-1815378621,0,0,0,0,0,0,1815378637,1815378637
4344,332105010,332105013,332105016,2147483647,2147483647,332105026,2147483647,2147483647,2147483647,2147483647,2147483647,2147483647,3,3,1815378631,1815378631,-1815378621,0,0,0,0,0,0,1815378637,1815378637
4345,332105011,332105013,332105019,2147483647,2147483647,332105026,2147483647,2147483647,2147483647,2147483647,2147483647,2147483647,2,6,1815378628,1815378628,-1815378621,0,0,0,0,0,0,1815378636,1815378636
4346,332105011,332105013,332105022,2147483647,2147483647,332105033,2147483647,2147483647,2147483647,2147483647,2147483647,2147483647,2,9,1815378625,1815378625,-1815378614,0,0,0,0,0,0,1815378636,1815378636
4347,332131264,332131265,332131267,2147483647,2147483647,332131270,2147483647,2147483647,2147483647,2147483647,2147483647,2147483647,1,2,1815352380,1815352380,-1815352377,0,0,0,0,0,0,1815352383,1815352383
4348,332131264,332131267,332131271,2147483647,2147483647,332131277,2147483647,2147483647,2147483647,2147483647,2147483647,2147483647,3,4,1815352376,1815352376,-1815352370,0,0,0,0,0,0,1815352383,1815352383
4349,332132824,332132825,332132827,2147483647,2147483647,332132830,2147483647,2147483647,2147483647,2147483647,2147483647,2147483647,1,2,1815350820,1815350820,-1815350817,0,0,0,0,0,0,1815350823,1815350823
4350,332132824,332132826,332132830,2147483647,2147483647,332132836,2147483647,2147483647,2147483647,2147483647,2147483647,2147483647,2,4,1815350817,1815350817,-1815350811,0,0,0,0,0,0,1815350823,1815350823
4351,332133511,332133515,332133516,2147483647,2147483647,332133522,2147483647,2147483647,2147483647,2147483647,2147483647,2147483647,4,1,1815350131,1815350131,-1815350125,0,0,0,0,0,0,1815350136,1815350136
4352,332133511,332133516,332133519,2147483647,2147483647,332133529,2147483647,2147483647,2147483647,2147483647,2147483647,2147483647,5,3,1815350128,1815350128,-1815350118,0,0,0,0,0,0,1815350136,1815350136
4353,344175832,344175834,344175836,2147483647,2147483647,344175848,2147483647,2147483647,2147483647,2147483647,2147483647,2147483647,2,2,1803307811,1803307811,-1803307799,0,0,0,0,0,0,1803307815,1803307815
4354,344175913,344175914,344175916,2147483647,2147483647,344175919,2147483647,2147483647,2147483647,2147483647,2147483647,2147483647,1,2,1803307731,1803307731,-1803307728,0,0,0,0,0,0,1803307734,1803307734
4355,344175913,344175916,344175920,2147483647,2147483647,344175926,2147483647,2147483647,2147483647,2147483647,2147483647,2147483647,3,4,1803307727,1803307727,-1803307721,0,0,0,0,0,0,1803307734,1803307734
4356,344176550,344176555,344176557,2147483647,2147483647,344176569,2147483647,2147483647,2147483647,2147483647,2147483647,2147483647,5,2,1803307090,1803307090,-1803307078,0,0,0,0,0,0,1803307097,1803307097
4357,344176624,344176624,344176626,2147483647,2147483647,344176629,2147483647,2147483647,2147483647,2147483647,2147483647,2147483647,0,2,1803307021,1803307021,-1803307018,0,0,0,0,0,0,1803307023,1803307023
4358,344176714,344176715,344176717,2147483647,2147483647,344176719,2147483647,2147483647,2147483647,2147483647,2147483647,2147483647,1,2,1803306930,1803306930,-1803306928,0,0,0,0,0,0,1803306933,1803306933
4359,344177280,344177281,344177283,2147483647,2147483647,344177289,2147483647,2147483647,2147483647,2147483647,2147483647,2147483647,1,2,1803306364,1803306364,-1803306358,0,0,0,0,0,0,1803306367,1803306367
4360,344177280,344177282,344177286,2147483647,2147483647,344177298,2147483647,2147483647,2147483647,2147483647,2147483647,2147483647,2,4,1803306361,1803306361,-1803306349,0,0,0,0,0,0,1803306367,1803306367
4361,344177347,344177348,344177350,2147483647,2147483647,344177352,2147483647,2147483647,2147483647,2147483647,2147483647,2147483647,1,2,1803306297,1803306297,-1803306295,0,0,0,0,0,0,1803306300,1803306300
4362,344177427,344177428,344177430,2147483647,2147483647,344177432,2147483647,2147483647,2147483647,2147483647,2147483647,2147483647,1,2,1803306217,1803306217,-1803306215,0,0,0,0,0,0,1803306220,1803306220
4363,344177519,344177519,344177521,2147483647,2147483647,344177524,2147483647,2147483647,2147483647,2147483647,2147483647,2147483647,0,2,1803306126,1803306126,-1803306123,0,0,0,0,0,0,1803306128,1803306128
4364,344177519,344177521,344177524,2147483647,2147483647,344177530,2147483647,2147483647,2147483647,2147483647,2147483647,2147483647,2,3,1803306123,1803306123,-1803306117,0,0,0,0,0,0,1803306128,1803306128
4365,344177589,344177589,344177591,2147483647,2147483647,344177593,2147483647,2147483647,2147483647,2147483647,2147483647,2147483647,0,2,1803306056,1803306056,-1803306054,0,0,0,0,0,0,1803306058,1803306058
4366,344177678,344177679,344177681,2147483647,2147483647,344177684,2147483647,2147483647,2147483647,2147483647,2147483647,2147483647,1,2,1803305966,1803305966,-1803305963,0,0,0,0,0,0,1803305969,1803305969
4367,344177679,344177680,344177684,2147483647,2147483647,344177690,2147483647,2147483647,2147483647,2147483647,2147483647,2147483647,1,4,1803305963,1803305963,-1803305957,0,0,0,0,0,0,1803305968,1803305968
4368,344177753,344177754,344177755,2147483647,2147483647,344177758,2147483647,2147483647,2147483647,2147483647,2147483647,2147483647,1,1,1803305892,1803305892,-1803305889,0,0,0,0,0,0,1803305894,1803305894
4369,344177829,344177830,344177832,2147483647,2147483647,344177834,2147483647,2147483647,2147483647,2147483647,2147483647,2147483647,1,2,1803305815,1803305815,-1803305813,0,0,0,0,0,0,1803305818,1803305818
4370,344177918,344177919,344177921,2147483647,2147483647,344177926,2147483647,2147483647,2147483647,2147483647,2147483647,2147483647,1,2,1803305726,1803305726,-1803305721,0,0,0,0,0,0,1803305729,1803305729
4371,344177918,344177920,344177924,2147483647,2147483647,344177933,2147483647,2147483647,2147483647,2147483647,2147483647,2147483647,2,4,1803305723,1803305723,-1803305714,0,0,0,0,0,0,1803305729,1803305729
4372,344177992,344177993,344177994,2147483647,2147483647,344177997,2147483647,2147483647,2147483647,2147483647,2147483647,2147483647,1,1,1803305653,1803305653,-1803305650,0,0,0,0,0,0,1803305655,1803305655
4373,344178071,344178072,344178073,2147483647,2147483647,344178076,2147483647,2147483647,2147483647,2147483647,2147483647,2147483647,1,1,1803305574,1803305574,-1803305571,0,0,0,0,0,0,1803305576,1803305576
4374,344178162,344178163,344178165,2147483647,2147483647,344178170,2147483647,2147483647,2147483647,2147483647,2147483647,2147483647,1,2,1803305482,1803305482,-1803305477,0,0,0,0,0,0,1803305485,1803305485
4375,344178163,344178164,344178168,2147483647,2147483647,344178176,2147483647,2147483647,2147483647,2147483647,2147483647,2147483647,1,4,1803305479,1803305479,-1803305471,0,0,0,0,0,0,1803305484,1803305484
4376,344178329,344178330,344178332,2147483647,2147483647,344178335,2147483647,2147483647,2147483647,2147483647,2147483647,2147483647,1,2,1803305315,1803305315,-1803305312,0,0,0,0,0,0,1803305318,1803305318
4377,344178329,344178331,344178335,344178341,344178357,344178358,344178355,344180859,0,344180863,344180869,344180874,2,4,6,22,1,-2,2504,-344180859,344180863,6,5,26,2545
4378,344178392,344178393,344178395,2147483647,2147483647,344178401,2147483647,2147483647,2147483647,2147483647,2147483647,2147483647,1,2,1803305252,1803305252,-1803305246,0,0,0,0,0,0,1803305255,1803305255
4379,344178583,344178584,344178586,2147483647,2147483647,344178592,2147483647,2147483647,2147483647,2147483647,2147483647,2147483647,1,2,1803305061,1803305061,-1803305055,0,0,0,0,0,0,1803305064,1803305064
4380,344178583,344178585,344178589,2147483647,2147483647,344178599,2147483647,2147483647,2147483647,2147483647,2147483647,2147483647,2,4,1803305058,1803305058,-1803305048,0,0,0,0,0,0,1803305064,1803305064
4381,344178583,344178586,344178592,2147483647,2147483647,344178599,2147483647,2147483647,2147483647,2147483647,2147483647,2147483647,3,6,1803305055,1803305055,-1803305048,0,0,0,0,0,0,1803305064,1803305064
4382,344178737,344178738,344178740,2147483647,2147483647,344178746,2147483647,2147483647,2147483647,2147483647,2147483647,2147483647,1,2,1803304907,1803304907,-1803304901,0,0,0,0,0,0,1803304910,1803304910
4383,344178737,344178739,344178742,2147483647,2147483647,344178752,2147483647,2147483647,2147483647,2147483647,2147483647,2147483647,2,3,1803304905,1803304905,-1803304895,0,0,0,0,0,0,1803304910,1803304910
4384,344178737,344178739,344178745,2147483647,2147483647,344178753,2147483647,2147483647,2147483647,2147483647,2147483647,2147483647,2,6,1803304902,1803304902,-1803304894,0,0,0,0,0,0,1803304910,1803304910
4385,344178794,344178795,344178797,2147483647,2147483647,344178799,2147483647,2147483647,2147483647,2147483647,2147483647,2147483647,1,2,1803304850,1803304850,-1803304848,0,0,0,0,0,0,1803304853,1803304853
4386,344178967,344178968,344178970,2147483647,2147483647,344178972,2147483647,2147483647,2147483647,2147483647,2147483647,2147483647,1,2,1803304677,1803304677,-1803304675,0,0,0,0,0,0,1803304680,1803304680
4387,344179037,344179038,344179040,2147483647,2147483647,344179042,2147483647,2147483647,2147483647,2147483647,2147483647,2147483647,1,2,1803304607,1803304607,-1803304605,0,0,0,0,0,0,1803304610,1803304610
4388,344179125,344179126,344179127,2147483647,2147483647,344179130,2147483647,2147483647,2147483647,2147483647,2147483647,2147483647,1,1,1803304520,1803304520,-1803304517,0,0,0,0,0,0,1803304522,1803304522
4389,344179277,344179278,344179280,2147483647,2147483647,344179282,2147483647,2147483647,2147483647,2147483647,2147483647,2147483647,1,2,1803304367,1803304367,-1803304365,0,0,0,0,0,0,1803304370,1803304370
4390,344179366,344179366,344179368,2147483647,2147483647,344179370,2147483647,2147483647,2147483647,2147483647,2147483647,2147483647,0,2,1803304279,1803304279,-1803304277,0,0,0,0,0,0,1803304281,1803304281
4391,344179528,344179531,344179533,2147483647,2147483647,344179538,2147483647,2147483647,2147483647,2147483647,2147483647,2147483647,3,2,1803304114,1803304114,-1803304109,0,0,0,0,0,0,1803304119,1803304119
4392,344179528,344179532,344179535,2147483647,2147483647,344179547,2147483647,2147483647,2147483647,2147483647,2147483647,2147483647,4,3,1803304112,1803304112,-1803304100,0,0,0,0,0,0,1803304119,1803304119
4393,344179529,344179532,344179538,2147483647,2147483647,344179547,2147483647,2147483647,2147483647,2147483647,2147483647,2147483647,3,6,1803304109,1803304109,-1803304100,0,0,0,0,0,0,1803304118,1803304118
4394,344179529,344179533,344179541,2147483647,2147483647,344179548,2147483647,2147483647,2147483647,2147483647,2147483647,2147483647,4,8,1803304106,1803304106,-1803304099,0,0,0,0,0,0,1803304118,1803304118
4395,344179530,344179533,344179544,2147483647,2147483647,344179553,2147483647,2147483647,2147483647,2147483647,2147483647,2147483647,3,11,1803304103,1803304103,-1803304094,0,0,0,0,0,0,1803304117,1803304117
4396,344179542,344179543,344179546,2147483647,2147483647,344179566,2147483647,2147483647,2147483647,2147483647,2147483647,2147483647,1,3,1803304101,1803304101,-1803304081,0,0,0,0,0,0,1803304105,1803304105
4397,344179542,344179543,344179549,2147483647,2147483647,344179566,2147483647,2147483647,2147483647,2147483647,2147483647,2147483647,1,6,1803304098,1803304098,-1803304081,0,0,0,0,0,0,1803304105,1803304105
4398,344179617,344179618,344179620,2147483647,2147483647,344179623,2147483647,2147483647,2147483647,2147483647,2147483647,2147483647,1,2,1803304027,1803304027,-1803304024,0,0,0,0,0,0,1803304030,1803304030
4399,344179617,344179619,344179623,2147483647,2147483647,344179629,2147483647,2147483647,2147483647,2147483647,2147483647,2147483647,2,4,1803304024,1803304024,-1803304018,0,0,0,0,0,0,1803304030,1803304030
4400,344179681,344179682,344179683,2147483647,2147483647,344179686,2147483647,2147483647,2147483647,2147483647,2147483647,2147483647,1,1,1803303964,1803303964,-1803303961,0,0,0,0,0,0,1803303966,1803303966
4401,344179760,344179760,344179762,2147483647,2147483647,344179764,2147483647,2147483647,2147483647,2147483647,2147483647,2147483647,0,2,1803303885,1803303885,-1803303883,0,0,0,0,0,0,1803303887,1803303887
4402,344204454,344204455,344204457,2147483647,2147483647,344204460,2147483647,2147483647,2147483647,2147483647,2147483647,2147483647,1,2,1803279190,1803279190,-1803279187,0,0,0,0,0,0,1803279193,1803279193
4403,344204454,344204457,344204461,2147483647,2147483647,344204467,2147483647,2147483647,2147483647,2147483647,2147483647,2147483647,3,4,1803279186,1803279186,-1803279180,0,0,0,0,0,0,1803279193,1803279193
4404,344205267,344205268,344205270,2147483647,2147483647,344205273,2147483647,2147483647,2147483647,2147483647,2147483647,2147483647,1,2,1803278377,1803278377,-1803278374,0,0,0,0,0,0,1803278380,1803278380
4405,344205267,344205269,344205273,2147483647,2147483647,344205279,2147483647,2147483647,2147483647,2147483647,2147483647,2147483647,2,4,1803278374,1803278374,-1803278368,0,0,0,0,0,0,1803278380,1803278380
4406,344205880,344205881,344205883,2147483647,2147483647,344205886,2147483647,2147483647,2147483647,2147483647,2147483647,2147483647,1,2,1803277764,1803277764,-1803277761,0,0,0,0,0,0,1803277767,1803277767
4407,344205881,344205883,344205886,2147483647,2147483647,344205893,2147483647,2147483647,2147483647,2147483647,2147483647,2147483647,2,3,1803277761,1803277761,-1803277754,0,0,0,0,0,0,1803277766,1803277766
4408,351354341,351354344,351354346,351354364,351354390,351354394,351354378,351358070,0,351358074,351358078,351358083,3,2,18,44,4,-12,3692,-351358070,351358074,4,5,37,3742
4409,351377933,351377934,351377936,351377941,351377948,351377958,351377947,351381631,0,351381633,351381637,351381641,1,2,5,12,10,-1,3684,-351381631,351381633,4,4,14,3708
4410,367103876,367103878,367103880,367103898,367103916,367103919,367103912,367106947,0,367106950,367106956,367106961,2,2,18,36,3,-4,3035,-367106947,367106950,6,5,36,3085
4411,367134811,367134811,367134813,367134817,367134822,367134832,367134823,367137198,0,367137200,367137203,367137208,0,2,4,9,10,1,2375,-367137198,367137200,3,5,12,2397
4412,367177494,367177494,367177496,367177500,367177504,367177513,367177506,367180018,0,367180021,367180023,367180028,0,2,4,8,9,2,2512,-367180018,367180021,2,5,12,2534
4413,367850351,367850352,367850354,367850358,367850364,367850375,367850366,367852751,0,367852754,367852757,367852761,1,2,4,10,11,2,2385,-367852751,367852754,3,4,15,2410
4414,372961926,372961927,372961929,372961942,372961954,372961956,372961944,373143808,373143808,373143810,373143814,373143819,1,2,13,25,2,-10,181864,0,2,4,5,18,181893
4415,380123882,380123883,380123885,380123898,380123911,380123913,380123901,380286460,380286460,380286462,380286466,380286470,1,2,13,26,2,-10,162559,0,2,4,4,19,162588
4416,391603253,391603254,391603256,391603270,391603285,391603288,391603273,391810446,391810446,391810448,391810453,391810458,1,2,14,29,3,-12,207173,0,2,5,5,20,207205
4417,403739405,403739408,403739409,403739423,403739438,403739439,403739426,403915135,403915135,403915137,403915140,403915145,3,1,14,29,1,-12,175709,0,2,3,5,21,175740
4418,469993230,469993231,469993233,469993253,469993279,469993281,469993267,469996759,0,469996763,469996769,469996774,1,2,20,46,2,-12,3492,-469996759,469996763,6,5,37,3544
4419,481041628,481041629,481041632,481041652,481041676,481041678,481041664,481045146,0,481045149,481045154,481045159,1,3,20,44,2,-12,3482,-481045146,481045149,5,5,36,3531
4420,484021392,484021394,484021396,484021407,484021420,484021430,484021416,484024791,0,484024794,484024798,484024802,2,2,11,24,10,-4,3375,-484024791,484024794,4,4,24,3410
4421,485334035,485334036,485334038,485334044,485334051,485334061,485334051,485337458,0,485337460,485337463,485337468,1,2,6,13,10,0,3407,-485337458,485337460,3,5,16,3433
4422,507973216,507973217,507973220,507973234,507973247,507973248,507973237,508156704,508156704,508156706,508156711,508156715,1,3,14,27,1,-10,183467,0,2,5,4,21,183499
4423,513765202,513765203,513765205,513765219,513765232,513765244,513765230,513767630,0,513767633,513767638,513767641,1,2,14,27,12,-2,2400,-513767630,513767633,5,3,28,2439
4424,513776324,513776325,513776327,513776331,513776337,513776347,513776339,513778802,0,513778805,513778808,513778812,1,2,4,10,10,2,2463,-513778802,513778805,3,4,15,2488
4425,544122318,544122319,544122321,544122338,544122362,544122364,544122350,544125607,0,544125610,544125616,544125621,1,2,17,41,2,-12,3257,-544125607,544125610,6,5,32,3303
4426,549508097,549508098,549508100,549508114,549508131,549508133,549508124,549511579,0,549511583,549511586,549511590,1,2,14,31,2,-7,3455,-549511579,549511583,3,4,27,3493
4427,549572902,549572903,549572905,549572910,549572917,549572918,549572917,549576279,0,549576282,549576285,549576289,1,2,5,12,1,0,3362,-549576279,549576282,3,4,15,3387
4428,549591888,549591889,549591891,549591894,549591900,549591909,549591901,549595381,0,549595384,549595386,549595393,1,2,3,9,9,1,3480,-549595381,549595384,2,7,13,3505
4429,550026086,550026087,550026089,550026098,550026106,550026114,550026106,550029167,0,550029169,550029173,550029177,1,2,9,17,8,0,3061,-550029167,550029169,4,4,20,3091
4430,550026091,550026092,550026108,550026110,550026115,550026127,550026123,550029216,0,550029218,550029220,550029224,1,16,2,7,12,8,3093,-550029216,550029218,2,4,32,3133
4431,561441510,561441511,561441513,2147483647,2147483647,561441529,2147483647,2147483647,2147483647,2147483647,2147483647,2147483647,1,2,1586042134,1586042134,-1586042118,0,0,0,0,0,0,1586042137,1586042137
4432,564431818,564431819,564431821,2147483647,2147483647,564431833,2147483647,2147483647,2147483647,2147483647,2147483647,2147483647,1,2,1583051826,1583051826,-1583051814,0,0,0,0,0,0,1583051829,1583051829
4433,566607639,566607640,566607642,2147483647,2147483647,566607653,2147483647,2147483647,2147483647,2147483647,2147483647,2147483647,1,2,1580876005,1580876005,-1580875994,0,0,0,0,0,0,1580876008,1580876008
4434,571544385,571544386,571544391,571544402,571544416,571544418,571544405,571668368,571668368,571668370,571668374,571668379,1,5,11,25,2,-11,123963,0,2,4,5,20,123994
4435,584298179,584298180,584298182,584298199,584298218,584298221,584298209,584301830,0,584301834,584301839,584301843,1,2,17,36,3,-9,3621,-584301830,584301834,5,4,30,3664
4436,584381030,584381031,584381033,584381038,584381045,584381055,584381044,584384385,0,584384388,584384391,584384396,1,2,5,12,10,-1,3341,-584384385,584384388,3,5,14,3366
4437,597765364,597765366,597765368,597765384,597765406,597765408,597765399,597768880,0,597768883,597768888,597768893,2,2,16,38,2,-7,3481,-597768880,597768883,5,5,35,3529
4438,597915457,597915458,597915460,597915465,597915473,597915473,597915472,597918893,0,597918896,597918899,597918903,1,2,5,13,0,-1,3421,-597918893,597918896,3,4,15,3446
4439,600807153,600807154,600807156,600807164,600807175,600807185,600807173,600810602,0,600810605,600810608,600810612,1,2,8,19,10,-2,3429,-600810602,600810605,3,4,20,3459
4440,621788300,621788301,621788304,621788322,621788346,621788349,621788335,621791993,0,621791997,621792003,621792007,1,3,18,42,3,-11,3658,-621791993,621791997,6,4,35,3707
4441,627645016,627645017,627645019,627645036,627645059,627645063,627645049,627648465,0,627648468,627648474,627648478,1,2,17,40,4,-10,3416,-627648465,627648468,6,4,33,3462
4442,633477417,633477418,633477420,633477436,633477456,633477458,633477446,633480921,0,633480924,633480930,633480935,1,2,16,36,2,-10,3475,-633480921,633480924,6,5,29,3518
4443,633483060,633483061,633483063,633483067,633483074,633483082,633483074,633486482,0,633486485,633486487,633486491,1,2,4,11,8,0,3408,-633486482,633486485,2,4,14,3431
4444,633514452,633514453,633514455,633514458,633514464,633514465,633514464,633517871,0,633517874,633517876,633517880,1,2,3,9,1,0,3407,-633517871,633517874,2,4,12,3428
4445,633537009,633537009,633537011,633537015,633537021,633537029,633537021,633540466,0,633540469,633540471,633540475,0,2,4,10,8,0,3445,-633540466,633540469,2,4,12,3466
4446,722517525,722517526,722517529,722517547,722517565,722517568,722517562,722520033,0,722520037,722520043,722520047,1,3,18,36,3,-3,2471,-722520033,722520037,6,4,37,2522
4447,860962023,860962024,860962026,860962043,860962062,860962065,860962056,860964575,0,860964579,860964585,860964589,1,2,17,36,3,-6,2519,-860964575,860964579,6,4,33,2566
4448,864117760,864117761,864117763,864117774,864117786,864117787,864117784,864120403,0,864120406,864120411,864120414,1,2,11,23,1,-2,2619,-864120403,864120406,5,3,24,2654
4449,864140847,864140848,864140850,864140854,864140858,864140867,864140860,864143395,0,864143397,864143400,864143404,1,2,4,8,9,2,2535,-864143395,864143397,3,4,13,2557
4450,897588214,897588216,897588218,897588237,897588261,897588263,897588251,897591760,0,897591764,897591769,897591773,2,2,19,43,2,-10,3509,-897591760,897591764,5,4,37,3559
4451,897902158,897902160,897902162,897902168,897902177,897902178,897902175,897905518,0,897905521,897905524,897905527,2,2,6,15,1,-2,3343,-897905518,897905521,3,3,17,3369
4452,898100832,898100832,898100834,898100839,898100847,898100856,898100846,898104113,0,898104116,898104119,898104123,0,2,5,13,9,-1,3267,-898104113,898104116,3,4,14,3291
4453,935400465,935400469,935400471,935400489,935400507,935400510,935400502,935403092,0,935403096,935403100,935403105,4,2,18,36,3,-5,2590,-935403092,935403096,4,5,37,2640
4454,935552844,935552846,935552848,935552852,935552857,935552866,935552860,935555480,0,935555483,935555486,935555489,2,2,4,9,9,3,2620,-935555480,935555483,3,3,16,2645
4455,936874765,936874766,936874768,936874775,936874782,936874793,936874783,936877339,0,936877342,936877345,936877349,1,2,7,14,11,1,2556,-936877339,936877342,3,4,18,2584
4456,946172106,946172109,946172112,946172128,946172145,946172147,946172142,946174625,0,946174628,946174633,946174637,3,3,16,33,2,-3,2483,-946174625,946174628,5,4,36,2531
4457,946196098,946196099,946196101,946196104,946196109,946196120,946196111,946198487,0,946198489,946198491,946198496,1,2,3,8,11,2,2376,-946198487,946198489,2,5,13,2398
4458,950199606,950199607,950199609,950199620,950199632,950199634,950199629,950202186,0,950202189,950202194,950202198,1,2,11,23,2,-3,2557,-950202186,950202189,5,4,23,2592
4459,958235571,958235572,958235574,958235589,958235606,958235607,958235604,958238108,0,958238111,958238116,958238120,1,2,15,32,1,-2,2504,-958238108,958238111,5,4,33,2549
4460,987330117,987330118,987330120,987330139,987330164,987330166,987330153,987333669,0,987333672,987333678,987333683,1,2,19,44,2,-11,3516,-987333669,987333672,6,5,36,3566
4461,987336578,987336579,987336581,987336585,987336591,987336600,987336592,987340088,0,987340090,987340093,987340098,1,2,4,10,9,1,3496,-987340088,987340090,3,5,14,3520
4462,987340492,987340492,987340494,987340498,987340504,987340512,987340504,987344007,0,987344009,987344012,987344016,0,2,4,10,8,0,3503,-987344007,987344009,3,4,12,3524
4463,32380259,32380260,32380262,32380279,32380298,32380301,32380293,32383395,0,32383399,32383403,32383407,1,2,17,36,3,-5,3102,-32383395,32383399,4,4,34,3148
4464,50417902,50417904,50417906,50417923,50417941,50417944,50417936,50421293,0,50421296,50421302,50421307,2,2,17,35,3,-5,3357,-50421293,50421296,6,5,34,3405
4465,58357354,58357355,58357358,58357373,58357393,58357395,58357386,58359994,0,58359997,58360003,58360008,1,3,15,35,2,-7,2608,-58359994,58359997,6,5,32,2654
4466,73028109,73028113,73028115,73028134,73028159,73028161,73028148,73031676,0,73031679,73031684,73031688,4,2,19,44,2,-11,3528,-73031676,73031679,5,4,39,3579
4467,73046861,73046862,73046864,73046868,73046874,73046875,73046874,73050549,0,73050551,73050554,73050558,1,2,4,10,1,0,3675,-73050549,73050551,3,4,13,3697
4468,86667891,86667892,86667894,86667911,86667931,86667933,86667925,86670463,0,86670466,86670472,86670476,1,2,17,37,2,-6,2538,-86670463,86670466,6,4,34,2585
4469,104418417,104418418,104418421,104418437,104418456,104418458,104418452,104420964,0,104420968,104420973,104420977,1,3,16,35,2,-4,2512,-104420964,104420968,5,4,35,2560
4470,119560176,119560177,119560180,119560199,119560222,119560225,119560211,119563618,0,119563621,119563627,119563632,1,3,19,42,3,-11,3407,-119563618,119563621,6,5,35,3456
4471,119923683,119923684,119923686,119923692,119923700,119923709,119923700,119926603,0,119926606,119926610,119926614,1,2,6,14,9,0,2903,-119926603,119926606,4,4,17,2931
4472,119932494,119932495,119932497,119932500,119932505,119932515,119932507,119934742,0,119934744,119934747,119934751,1,2,3,8,10,2,2235,-119934742,119934744,3,4,13,2257
4473,171175883,171175884,171175887,171175904,171175923,171175926,171175918,171178293,0,171178297,171178304,171178307,1,3,17,36,3,-5,2375,-171178293,171178297,7,3,35,2424
4474,171179673,171179675,171179677,171179680,171179685,171179695,171179687,171182733,0,171182736,171182739,171182743,2,2,3,8,10,2,3046,-171182733,171182736,3,4,14,3070
4475,171225299,171225300,171225302,171225305,171225310,171225319,171225312,171227718,0,171227721,171227724,171227727,1,2,3,8,9,2,2406,-171227718,171227721,3,3,13,2428
4476,171242796,171242797,171242799,171242802,171242806,171242817,171242809,171245099,0,171245101,171245104,171245107,1,2,3,7,11,3,2290,-171245099,171245101,3,3,13,2311
4477,192138846,192138848,192138850,192138867,192138892,192138895,192138879,192142337,0,192142340,192142347,192142351,2,2,17,42,3,-13,3458,-192142337,192142340,7,4,33,3505
4478,192214745,192214746,192214748,192214752,192214760,192214769,192214759,192218262,0,192218265,192218268,192218272,1,2,4,12,9,-1,3503,-192218262,192218265,3,4,14,3527
4479,192219423,192219425,192219426,192219430,192219436,192219447,192219439,192222973,0,192222975,192222978,192222982,2,1,4,10,11,3,3534,-192222973,192222975,3,4,16,3559
4480,192435824,192435825,192435827,192435831,192435838,192435846,192435838,192439367,0,192439369,192439372,192439376,1,2,4,11,8,0,3529,-192439367,192439369,3,4,14,3552
4481,193137278,193137279,193137280,193137285,193137292,193137300,193137292,193140714,0,193140716,193140719,193140723,1,1,5,12,8,0,3422,-193140714,193140716,3,4,14,3445
4482,201857254,201857255,201857258,201857274,201857290,201857293,201857286,201859748,0,201859752,201859756,201859760,1,3,16,32,3,-4,2462,-201859748,201859752,4,4,32,2506
4483,222346898,222346899,222346901,222346921,222346948,222346951,222346934,222350169,0,222350173,222350179,222350184,1,2,20,47,3,-14,3235,-222350169,222350173,6,5,36,3286
4484,227499796,227499796,227499798,227499813,227499828,227499830,227499825,227502314,0,227502318,227502324,227502328,0,2,15,30,2,-3,2489,-227502314,227502318,6,4,29,2532
4485,229611772,229611773,229611775,229611783,229611791,229611802,229611791,229614269,0,229614272,229614276,229614279,1,2,8,16,11,0,2478,-229614269,229614272,4,3,19,2507
4486,246824571,246824573,246824575,246824591,246824610,246824613,246824605,246827095,0,246827099,246827104,246827108,2,2,16,35,3,-5,2490,-246827095,246827099,5,4,34,2537
4487,253325596,253325597,253325599,253325615,253325636,253325638,253325624,253329287,0,253329291,253329296,253329300,1,2,16,37,2,-12,3663,-253329287,253329291,5,4,28,3704
4488,255017030,255017030,255017032,255017041,255017050,255017060,255017049,255019375,0,255019378,255019383,255019387,0,2,9,18,10,-1,2326,-255019375,255019378,5,4,19,2357
4489,255199121,255199122,255199123,255199132,255199144,255199145,255199140,255202781,0,255202784,255202788,255202792,1,1,9,21,1,-4,3641,-255202781,255202784,4,4,19,3671
4490,256453673,256453675,256453677,256453684,256453694,256453703,256453692,256456979,0,256456982,256456986,256456990,2,2,7,17,9,-2,3287,-256456979,256456982,4,4,19,3317
4491,256786950,256786951,256786953,256786957,256786962,256786979,256786971,256789784,0,256789786,256789790,256789794,1,2,4,9,17,9,2813,-256789784,256789786,4,4,21,2844
4492,257724096,257724097,257724099,257724105,257724112,257724121,257724112,257727082,0,257727084,257727088,257727092,1,2,6,13,9,0,2970,-257727082,257727084,4,4,16,2996
4493,257829087,257829088,257829090,257829095,257829104,257829105,257829103,257832587,0,257832590,257832593,257832598,1,2,5,14,1,-1,3484,-257832587,257832590,3,5,16,3511
4494,259537554,259537555,259537557,259537562,259537569,259537578,259537568,259540998,0,259541001,259541004,259541008,1,2,5,12,9,-1,3430,-259540998,259541001,3,4,14,3454
4495,260620454,260620454,260620456,260620463,260620470,260620471,260620470,260622913,0,260622916,260622919,260622923,0,2,7,14,1,0,2443,-260622913,260622916,3,4,16,2469
4496,263340697,263340698,263340700,263340706,263340712,263340722,263340713,263343251,0,263343253,263343257,263343261,1,2,6,12,10,1,2538,-263343251,263343253,4,4,16,2564
4497,263643415,263643416,263643418,263643422,263643427,263643436,263643428,263646981,0,263646983,263646986,263646990,1,2,4,9,9,1,3553,-263646981,263646983,3,4,13,3575
4498,263902240,263902241,263902243,263902247,263902252,263902261,263902254,263904845,0,263904848,263904851,263904854,1,2,4,9,9,2,2591,-263904845,263904848,3,3,14,2614
4499,265838516,265838517,265838519,265838527,265838534,265838543,265838534,265840876,0,265840879,265840883,265840888,1,2,8,15,9,0,2342,-265840876,265840879,4,5,18,2372
4500,266765168,266765169,266765171,266765178,266765189,266765190,266765186,266768642,0,266768644,266768648,266768652,1,2,7,18,1,-3,3456,-266768642,266768644,4,4,18,3484
4501,275378838,275378839,275378842,275378856,275378875,275378877,275378866,275382282,0,275382286,275382291,275382295,1,3,14,33,2,-9,3416,-275382282,275382286,5,4,28,3457
4502,277224740,277224741,277224743,277224752,277224761,277224771,277224761,277227205,0,277227208,277227211,277227215,1,2,9,18,10,0,2444,-277227205,277227208,3,4,21,2475
4503,280053960,280053961,280053963,280053974,280053988,280053989,280053982,280057410,0,280057413,280057417,280057421,1,2,11,25,1,-6,3428,-280057410,280057413,4,4,22,3461
4504,281368364,281368365,281368367,281368375,281368382,281368394,281368383,281370903,0,281370907,281370911,281370916,1,2,8,15,12,1,2520,-281370903,281370907,4,5,19,2552
4505,281869391,281869392,281869394,281869400,281869406,281869415,281869407,281871780,0,281871783,281871787,281871790,1,2,6,12,9,1,2373,-281871780,281871783,4,3,16,2399
4506,281995508,281995509,281995511,281995516,281995522,281995532,281995524,281998130,0,281998132,281998136,281998141,1,2,5,11,10,2,2606,-281998130,281998132,4,5,16,2633
4507,282142490,282142491,282142493,282142497,282142503,282142512,282142505,282145092,0,282145094,282145097,282145101,1,2,4,10,9,2,2587,-282145092,282145094,3,4,15,2611
4508,282427118,282427119,282427120,282427127,282427136,282427145,282427134,282430403,0,282430405,282430410,282430415,1,1,7,16,9,-2,3269,-282430403,282430405,5,5,16,3297
4509,282730252,282730256,282730258,282730265,282730272,282730273,282730272,282732819,0,282732821,282732824,282732828,4,2,7,14,1,0,2547,-282732819,282732821,3,4,20,2576
4510,285079099,285079100,285079102,285079109,285079121,285079131,285079117,285082597,0,285082600,285082604,285082609,1,2,7,19,10,-4,3480,-285082597,285082600,4,5,18,3510
4511,285926921,285926923,285926925,285926931,285926938,285926946,285926938,285930616,0,285930619,285930622,285930626,2,2,6,13,8,0,3678,-285930616,285930619,3,4,17,3705
4512,285931047,285931048,285931050,285931053,285931057,285931067,285931059,285933395,0,285933398,285933401,285933405,1,2,3,7,10,2,2336,-285933395,285933398,3,4,12,2358
4513,285936957,285936958,285936960,285936963,285936967,285936976,285936969,285939413,0,285939416,285939419,285939423,1,2,3,7,9,2,2444,-285939413,285939416,3,4,12,2466
4514,287162376,287162377,287162379,287162386,287162399,287162400,287162396,287165850,0,287165853,287165857,287165861,1,2,7,20,1,-3,3454,-287165850,287165853,4,4,20,3485
4515,288377381,288377382,288377384,288377392,288377399,288377409,288377401,288380852,0,288380854,288380857,288380861,1,2,8,15,10,2,3451,-288380852,288380854,3,4,20,3480
4516,290840621,290840622,290840624,290840629,290840636,290840645,290840637,290843842,0,290843845,290843848,290843851,1,2,5,12,9,1,3205,-290843842,290843845,3,3,16,3230
4517,292339137,292339138,292339140,292339147,292339157,292339158,292339154,292342557,0,292342560,292342564,292342568,1,2,7,17,1,-3,3403,-292342557,292342560,4,4,17,3431
4518,292818707,292818707,292818709,292818716,292818722,292818731,292818723,292821156,0,292821159,292821162,292821166,0,2,7,13,9,1,2433,-292821156,292821159,3,4,16,2459
4519,294533474,294533475,294533477,294533484,294533493,294533503,294533492,294537076,0,294537079,294537083,294537087,1,2,7,16,10,-1,3584,-294537076,294537079,4,4,18,3613
4520,296556321,296556322,296556324,296556329,296556337,296556347,296556338,296559831,0,296559834,296559837,296559841,1,2,5,13,10,1,3493,-296559831,296559834,3,4,17,3520
4521,297439588,297439589,297439591,297439597,297439605,297439606,297439605,297442796,0,297442798,297442802,297442806,1,2,6,14,1,0,3191,-297442796,297442798,4,4,17,3218
4522,297933017,297933018,297933020,297933026,297933034,297933044,297933032,297936226,0,297936228,297936231,297936235,1,2,6,14,10,-2,3194,-297936226,297936228,3,4,15,3218
4523,299764391,299764391,299764393,299764401,299764411,299764420,299764408,299767722,0,299767725,299767729,299767733,0,2,8,18,9,-3,3314,-299767722,299767725,4,4,17,3342
4524,300948093,300948094,300948096,300948102,300948110,300948119,300948110,300951352,0,300951355,300951359,300951363,1,2,6,14,9,0,3242,-300951352,300951355,4,4,17,3270
4525,300952070,300952071,300952073,300952076,300952084,300952092,300952082,300956204,0,300956208,300956211,300956216,1,2,3,11,8,-2,4122,-300956204,300956208,3,5,12,4146
4526,300985019,300985020,300985022,300985025,300985032,300985039,300985032,300988385,0,300988387,300988392,300988398,1,2,3,10,7,0,3353,-300988385,300988387,5,6,13,3379
4527,302602841,302602842,302602844,302602849,302602857,302602865,302602857,302605348,0,302605350,302605354,302605358,1,2,5,13,8,0,2491,-302605348,302605350,4,4,16,2517
4528,303197592,303197593,303197595,303197602,303197612,303197613,303197610,303201112,0,303201115,303201119,303201123,1,2,7,17,1,-2,3502,-303201112,303201115,4,4,18,3531
4529,303344770,303344771,303344773,303344779,303344786,303344795,303344787,303347141,0,303347143,303347147,303347152,1,2,6,13,9,1,2354,-303347141,303347143,4,5,17,2382
4530,308592899,308592900,308592902,308592911,308592922,308592936,308592921,308596325,0,308596328,308596332,308596337,1,2,9,20,14,-1,3404,-308596325,308596328,4,5,22,3438
4531,308918806,308918807,308918809,308918813,308918819,308918830,308918821,308921261,0,308921263,308921266,308921272,1,2,4,10,11,2,2440,-308921261,308921263,3,6,15,2466
4532,308944139,308944140,308944142,308944145,308944150,308944160,308944152,308946484,0,308946486,308946489,308946492,1,2,3,8,10,2,2332,-308946484,308946486,3,3,13,2353
4533,328609216,328609217,328609220,328609240,328609266,328609268,328609254,328612831,0,328612835,328612840,328612846,1,3,20,46,2,-12,3577,-328612831,328612835,5,6,38,3630
4534,329690136,329690137,329690139,329690148,329690159,329690168,329690156,329693711,0,329693714,329693717,329693721,1,2,9,20,9,-3,3555,-329693711,329693714,3,4,20,3585
4535,330462533,330462534,330462537,330462544,330462553,330462563,330462552,330466030,0,330466033,330466036,330466041,1,3,7,16,10,-1,3478,-330466030,330466033,3,5,19,3508
4536,342434492,342434493,342434495,342434511,342434528,342434530,342434526,342437036,0,342437039,342437045,342437050,1,2,16,33,2,-2,2510,-342437036,342437039,6,5,34,2558
4537,347945411,347945413,347945415,347945428,347945442,347945444,347945438,347947793,0,347947796,347947802,347947807,2,2,13,27,2,-4,2355,-347947793,347947796,6,5,27,2396
4538,355063838,355063839,355063842,355063859,355063882,355063884,355063870,355067382,0,355067386,355067394,355067398,1,3,17,40,2,-12,3512,-355067382,355067386,8,4,32,3560
4539,356488090,356488091,356488093,356488102,356488111,356488113,356488110,356490621,0,356490624,356490628,356490633,1,2,9,18,2,-1,2511,-356490621,356490624,4,5,20,2543
4540,356884225,356884226,356884228,356884233,356884239,356884249,356884241,356886758,0,356886761,356886765,356886768,1,2,5,11,10,2,2517,-356886758,356886761,4,3,16,2543
4541,359868675,359868676,359868678,359868685,359868692,359868702,359868693,359872007,0,359872009,359872013,359872018,1,2,7,14,10,1,3314,-359872007,359872009,4,5,18,3343
4542,359908630,359908631,359908633,359908636,359908642,359908651,359908643,359911036,0,359911039,359911042,359911047,1,2,3,9,9,1,2393,-359911036,359911039,3,5,13,2417
4543,360596933,360596934,360596936,360596941,360596946,360596955,360596948,360599570,0,360599573,360599576,360599580,1,2,5,10,9,2,2622,-360599570,360599573,3,4,15,2647
4544,362159010,362159011,362159013,362159017,362159023,362159033,362159025,362161627,0,362161629,362161632,362161637,1,2,4,10,10,2,2602,-362161627,362161629,3,5,15,2627
4545,366522511,366522512,366522515,366522525,366522537,366522551,366522535,366524892,0,366524895,366524899,366524903,1,3,10,22,14,-2,2357,-366524892,366524895,4,4,24,2392
4546,368627482,368627483,368627485,368627494,368627507,368627517,368627501,368631129,0,368631132,368631135,368631139,1,2,9,22,10,-6,3628,-368631129,368631132,3,4,19,3657
4547,398464686,398464687,398464689,398464708,398464733,398464735,398464721,398468552,0,398468556,398468562,398468566,1,2,19,44,2,-12,3831,-398468552,398468556,6,4,35,3880
4548,399751363,399751365,399751367,399751378,399751395,399751405,399751391,399754803,0,399754805,399754810,399754814,2,2,11,28,10,-4,3412,-399754803,399754805,5,4,28,3451
4549,400537729,400537730,400537732,400537736,400537744,400537746,400537743,400541082,0,400541084,400541089,400541093,1,2,4,12,2,-1,3339,-400541082,400541084,5,4,14,3364
4550,405240464,405240465,405240467,405240478,405240489,405240498,405240486,405243812,0,405243815,405243819,405243823,1,2,11,22,9,-3,3326,-405243812,405243815,4,4,22,3359
4551,405507381,405507382,405507384,405507395,405507402,405507403,405507402,405510014,0,405510016,405510020,405510025,1,2,11,18,1,0,2612,-405510014,405510016,4,5,21,2644
4552,407775209,407775210,407775213,407775230,407775253,407775255,407775241,407778492,0,407778495,407778501,407778505,1,3,17,40,2,-12,3251,-407778492,407778495,6,4,32,3296
4553,423230574,423230576,423230578,423230595,423230613,423230615,423230609,423233119,0,423233123,423233129,423233133,2,2,17,35,2,-4,2510,-423233119,423233123,6,4,35,2559
4554,432163824,432163825,432163827,432163846,432163871,432163874,432163860,432167326,0,432167330,432167336,432167340,1,2,19,44,3,-11,3466,-432167326,432167330,6,4,36,3516
4555,432338844,432338845,432338847,432338852,432338860,432338869,432338860,432342355,0,432342358,432342361,432342367,1,2,5,13,9,0,3495,-432342355,432342358,3,6,16,3523
4556,440643165,440643166,440643169,440643184,440643206,440643208,440643196,440646705,0,440646708,440646713,440646718,1,3,15,37,2,-10,3509,-440646705,440646708,5,5,31,3553
4557,452798196,452798198,452798200,452798216,452798233,452798236,452798228,452800624,0,452800627,452800633,452800637,2,2,16,33,3,-5,2396,-452800624,452800627,6,4,32,2441
4558,487327519,487327520,487327523,487327539,487327557,487327559,487327553,487329948,0,487329952,487329957,487329961,1,3,16,34,2,-4,2395,-487329948,487329952,5,4,34,2442
4559,498810583,498810584,498810586,498810605,498810628,498810631,498810618,498813974,0,498813977,498813983,498813988,1,2,19,42,3,-10,3356,-498813974,498813977,6,5,35,3405
4560,510242156,510242158,510242160,510242179,510242204,510242207,510242193,510245759,0,510245762,510245769,510245773,2,2,19,44,3,-11,3566,-510245759,510245762,7,4,37,3617
4561,510269690,510269691,510269693,510269700,510269707,510269715,510269708,510271965,0,510271968,510271971,510271975,1,2,7,14,8,1,2257,-510271965,510271968,3,4,18,2285
4562,510467371,510467372,510467374,510467379,510467390,510467399,510467386,510471011,0,510471014,510471017,510471022,1,2,5,16,9,-4,3625,-510471011,510471014,3,5,15,3651
4563,515631688,515631691,515631692,515631701,515631711,515631713,515631709,515634318,0,515634322,515634327,515634332,3,1,9,19,2,-2,2609,-515634318,515634322,5,5,21,2644
4564,520949969,520949970,520949973,520949986,520949999,520950000,520949997,520952351,0,520952354,520952359,520952363,1,3,13,26,1,-2,2354,-520952351,520952354,5,4,28,2394
4565,530620616,530620617,530620619,530620632,530620650,530620659,530620641,530623933,0,530623937,530623941,530623946,1,2,13,31,9,-9,3292,-530623933,530623937,4,5,25,3330
4566,533597990,533597991,533597993,533598003,533598016,533598017,533598012,533601428,0,533601431,533601435,533601439,1,2,10,23,1,-4,3416,-533601428,533601431,4,4,22,3449
4567,549501852,549501853,549501855,549501873,549501897,549501900,549501885,549505580,0,549505583,549505589,549505593,1,2,18,42,3,-12,3695,-549505580,549505583,6,4,33,3741
4568,549901518,549901520,549901521,549901528,549901538,549901547,549901534,549905101,0,549905104,549905108,549905112,2,1,7,17,9,-4,3567,-549905101,549905104,4,4,16,3594
4569,596239329,596239330,596239333,596239351,596239376,596239378,596239364,596242918,0,596242921,596242927,596242932,1,3,18,43,2,-12,3554,-596242918,596242921,6,5,35,3603
4570,596507149,596507150,596507153,596507162,596507171,596507180,596507170,596509568,0,596509571,596509574,596509578,1,3,9,18,9,-1,2398,-596509568,596509571,3,4,21,2429
4571,596510534,596510535,596510537,596510540,596510544,596510555,596510547,596512893,0,596512895,596512898,596512902,1,2,3,7,11,3,2346,-596512893,596512895,3,4,13,2368
4572,597623453,597623453,597623455,597623464,597623477,597623478,597623472,597626957,0,597626960,597626964,597626969,0,2,9,22,1,-5,3485,-597626957,597626960,4,5,19,3516
4573,602291216,602291217,602291219,602291228,602291241,602291243,602291238,602294678,0,602294680,602294684,602294688,1,2,9,22,2,-3,3440,-602294678,602294680,4,4,22,3472
4574,602298831,602298832,602298834,602298837,602298843,602298852,602298844,602302996,0,602302998,602303001,602303006,1,2,3,9,9,1,4152,-602302996,602302998,3,5,13,4175
4575,602969243,602969244,602969246,602969251,602969259,602969269,602969260,602972741,0,602972743,602972746,602972751,1,2,5,13,10,1,3481,-602972741,602972743,3,5,17,3508
4576,621789055,621789056,621789058,621789076,621789102,621789105,621789090,621792439,0,621792443,621792449,621792453,1,2,18,44,3,-12,3349,-621792439,621792443,6,4,35,3398
4577,629561647,629561648,629561650,629561668,629561685,629561688,629561680,629564683,0,629564687,629564693,629564697,1,2,18,35,3,-5,3003,-629564683,629564687,6,4,33,3050
4578,638130619,638130620,638130623,638130643,638130666,638130669,638130654,638134052,0,638134055,638134061,638134066,1,3,20,43,3,-12,3398,-638134052,638134055,6,5,35,3447
4579,638704332,638704332,638704335,638704342,638704350,638704351,638704350,638707209,0,638707212,638707216,638707219,0,3,7,15,1,0,2859,-638707209,638707212,4,3,18,2887
4580,638983271,638983272,638983274,638983279,638983288,638983297,638983286,638986790,0,638986792,638986796,638986801,1,2,5,14,9,-2,3504,-638986790,638986792,4,5,15,3530
4581,641041060,641041060,641041063,641041069,641041078,641041079,641041078,641044011,0,641044014,641044017,641044021,0,3,6,15,1,0,2933,-641044011,641044014,3,4,18,2961
4582,647636701,647636702,647636705,647636720,647636736,647636738,647636732,647639119,0,647639122,647639128,647639132,1,3,15,31,2,-4,2387,-647639119,647639122,6,4,31,2431
4583,673246711,673246713,673246715,673246730,673246749,673246758,673246740,673250143,0,673250146,673250151,673250155,2,2,15,34,9,-9,3403,-673250143,673250146,5,4,29,3444
4584,673252927,673252928,673252930,673252934,673252940,673252948,673252939,673256191,0,673256194,673256196,673256200,1,2,4,10,8,-1,3252,-673256191,673256194,2,4,12,3273
4585,673282822,673282823,673282825,673282829,673282835,673282844,673282836,673286175,0,673286177,673286180,673286184,1,2,4,10,9,1,3339,-673286175,673286177,3,4,14,3362
4586,673289095,673289096,673289098,673289101,673289107,673289114,673289107,673292442,0,673292445,673292447,673292452,1,2,3,9,7,0,3335,-673292442,673292445,2,5,12,3357
4587,673306787,673306788,673306790,673306793,673306799,673306807,673306800,673310247,0,673310250,673310252,673310256,1,2,3,9,8,1,3447,-673310247,673310250,2,4,13,3469
4588,692118290,692118291,692118294,692118310,692118328,692118331,692118323,692120753,0,692120757,692120763,692120767,1,3,16,34,3,-5,2430,-692120753,692120757,6,4,33,2477
4589,694517076,694517077,694517079,694517092,694517111,694517112,694517103,694520492,0,694520495,694520500,694520505,1,2,13,32,1,-8,3389,-694520492,694520495,5,5,27,3429
4590,699920324,699920326,699920328,699920345,699920367,699920370,699920357,699923693,0,699923697,699923702,699923706,2,2,17,39,3,-10,3336,-699923693,699923697,5,4,33,3382
4591,699920335,699920336,699920379,699920382,699920392,699920416,699920404,699923852,0,699923853,699923855,699923860,1,43,3,13,24,12,3448,-699923852,699923853,2,5,69,3525
4592,699924138,699924139,699924141,699924145,699924151,699924161,699924152,699927307,0,699927309,699927313,699927317,1,2,4,10,10,1,3155,-699927307,699927309,4,4,14,3179
4593,699924207,699924208,699924210,699924213,699924219,699924234,699924222,699927641,0,699927642,699927644,699927649,1,2,3,9,15,3,3419,-699927641,699927642,2,5,15,3442
4594,699929383,699929384,699929386,699929396,699929404,699929411,699929403,699932838,0,699932841,699932843,699932847,1,2,10,18,7,-1,3435,-699932838,699932841,2,4,20,3464
4595,699929393,699929393,699929410,699929414,699929420,699929436,699929423,699932966,0,699932968,699932970,699932974,0,17,4,10,16,3,3543,-699932966,699932968,2,4,30,3581
4596,699929440,699929441,699929443,699929446,699929451,699929456,699929452,699933087,0,699933091,699933093,699933099,1,2,3,8,5,1,3635,-699933087,699933091,2,6,12,3659
4597,701218834,701218836,701218838,701218846,701218857,701218859,701218853,701222509,0,701222511,701222515,701222520,2,2,8,19,2,-4,3656,-701222509,701222511,4,5,19,3686
4598,701324805,701324806,701324808,701324812,701324819,701324828,701324819,701327747,0,701327750,701327755,701327759,1,2,4,11,9,0,2928,-701327747,701327750,5,4,14,2954
4599,701325029,701325030,701325032,701325037,701325046,701325047,701325043,701328212,0,701328214,701328217,701328221,1,2,5,14,1,-3,3169,-701328212,701328214,3,4,14,3192
4600,701325126,701325127,701325129,701325133,701325140,701325141,701325137,701328417,0,701328420,701328423,701328428,1,2,4,11,1,-3,3280,-701328417,701328420,3,5,11,3302
4601,701325203,701325204,701325206,701325210,701325217,701325225,701325215,701328343,0,701328345,701328348,701328352,1,2,4,11,8,-2,3128,-701328343,701328345,3,4,12,3149
4602,701325288,701325289,701325291,701325294,701325300,701325308,701325299,701329112,0,701329114,701329117,701329121,1,2,3,9,8,-1,3813,-701329112,701329114,3,4,11,3833
4603,701325337,701325338,701325340,701325343,701325351,701325358,701325349,701328507,0,701328509,701328512,701328516,1,2,3,11,7,-2,3158,-701328507,701328509,3,4,12,3179
4604,701325377,701325378,701325380,701325383,701325392,701325400,701325391,701328703,0,701328705,701328707,701328711,1,2,3,12,8,-1,3312,-701328703,701328705,2,4,14,3334
4605,701325423,701325424,701325426,701325429,701325436,701325443,701325434,701328816,0,701328818,701328821,701328824,1,2,3,10,7,-2,3382,-701328816,701328818,3,3,11,3401
4606,701325464,701325464,701325466,701325470,701325476,701325483,701325475,701328650,0,701328652,701328655,701328660,0,2,4,10,7,-1,3175,-701328650,701328652,3,5,11,3196
4607,701325534,701325535,701325537,701325540,701325546,701325555,701325545,701329342,0,701329348,701329351,701329357,1,2,3,9,9,-1,3797,-701329342,701329348,3,6,11,3823
4608,701325577,701325577,701325579,701325583,701325590,701325597,701325588,701329742,0,701329744,701329747,701329750,0,2,4,11,7,-2,4154,-701329742,701329744,3,3,11,4173
4609,701325622,701325623,701325625,701325629,701325636,701325637,701325633,701329860,0,701329866,701329869,701329874,1,2,4,11,1,-3,4227,-701329860,701329866,3,5,11,4252
4610,701325666,701325667,701325669,701325672,701325677,701325684,701325678,701329045,0,701329052,701329056,701329061,1,2,3,8,7,1,3367,-701329045,701329052,4,5,12,3395
4611,701325705,701325705,701325707,701325710,701325714,701325721,701325714,701329862,0,701329869,701329872,701329877,0,2,3,7,7,0,4148,-701329862,701329869,3,5,9,4172
4612,701325755,701325755,701325757,701325760,701325764,701325773,701325766,701329178,0,701329180,701329183,701329186,0,2,3,7,9,2,3412,-701329178,701329180,3,3,11,3431
4613,701325801,701325802,701325804,701325806,701325810,701325818,701325811,701329336,0,701329338,701329341,701329349,1,2,2,6,8,1,3525,-701329336,701329338,3,8,10,3548
4614,701325841,701325842,701325844,701325847,701325851,701325859,701325852,701328957,0,701328960,701328962,701328967,1,2,3,7,8,1,3105,-701328957,701328960,2,5,11,3126
4615,701325946,701325947,701325949,701325952,701325955,701325962,701325956,701329576,0,701329583,701329585,701329591,1,2,3,6,7,1,3620,-701329576,701329583,2,6,10,3645
4616,701326023,701326024,701326025,701326028,701326032,701326039,701326033,701329864,0,701329872,701329875,701329880,1,1,3,7,7,1,3831,-701329864,701329872,3,5,10,3857
4617,701326085,701326086,701326088,701326091,701326094,701326102,701326095,701329460,0,701329462,701329465,701329473,1,2,3,6,8,1,3365,-701329460,701329462,3,8,10,3388
4618,701326197,701326198,701326200,701326202,701326206,701326215,701326208,701329671,0,701329673,701329676,701329681,1,2,2,6,9,2,3463,-701329671,701329673,3,5,11,3484
4619,701326258,701326259,701326261,701326263,701326268,701326274,701326268,701329677,0,701329682,701329685,701329696,1,2,2,7,6,0,3409,-701329677,701329682,3,11,10,3438
4620,701326309,701326310,701326312,701326315,701326319,701326328,701326322,701329466,0,701329473,701329476,701329480,1,2,3,7,9,3,3144,-701329466,701329473,3,4,13,3171
4621,701326359,701326360,701326361,701326364,701326368,701326376,701326369,701329571,0,701329573,701329576,701329583,1,1,3,7,8,1,3202,-701329571,701329573,3,7,10,3224
4622,701326404,701326405,701326407,701326410,701326414,701326423,701326416,701329976,0,701329982,701329986,701329991,1,2,3,7,9,2,3560,-701329976,701329982,4,5,12,3587
4623,701326445,701326445,701326447,701326450,701326454,701326462,701326455,701330166,0,701330168,701330171,701330178,0,2,3,7,8,1,3711,-701330166,701330168,3,7,10,3733
4624,701326486,701326487,701326489,701326491,701326495,701326503,701326496,701329981,0,701329994,701329997,701330006,1,2,2,6,8,1,3485,-701329981,701329994,3,9,10,3520
4625,701328445,701328445,701328447,701328451,701328456,701328465,701328457,701330916,0,701330919,701330922,701330926,0,2,4,9,9,1,2459,-701330916,701330919,3,4,12,2481
4626,701328563,701328564,701328565,701328569,701328576,701328577,701328575,701332008,0,701332010,701332013,701332017,1,1,4,11,1,-1,3433,-701332008,701332010,3,4,12,3454
4627,701328852,701328853,701328855,701328858,701328865,701328873,701328864,701332448,0,701332450,701332453,701332457,1,2,3,10,8,-1,3584,-701332448,701332450,3,4,12,3605
4628,701329888,701329889,701329891,701329896,701329904,701329910,701329902,701333196,0,701333198,701333201,701333206,1,2,5,13,6,-2,3294,-701333196,701333198,3,5,14,3318
4629,701329981,701329982,701329997,701330000,701330007,701330021,701330016,701333323,0,701333325,701333328,701333331,1,15,3,10,14,9,3307,-701333323,701333325,3,3,35,3350
4630,701330157,701330158,701330160,701330163,701330167,701330188,701330173,701333396,0,701333398,701333400,701333404,1,2,3,7,21,6,3223,-701333396,701333398,2,4,16,3247
4631,701330698,701330699,701330701,701330704,701330710,701330721,701330710,701333899,0,701333902,701333905,701333908,1,2,3,9,11,0,3189,-701333899,701333902,3,3,12,3210
4632,701330763,701330764,701330766,701330768,701330773,701330780,701330773,701334090,0,701334092,701334095,701334100,1,2,2,7,7,0,3317,-701334090,701334092,3,5,10,3337
4633,701331001,701331002,701331004,701331007,701331011,701331019,701331012,701334095,0,701334102,701334104,701334113,1,2,3,7,8,1,3083,-701334095,701334102,2,9,11,3112
4634,701331305,701331305,701331307,701331310,701331313,701331325,701331318,701334252,0,701334256,701334258,701334264,0,2,3,6,12,5,2934,-701334252,701334256,2,6,13,2959
4635,701331859,701331860,701331862,701331864,701331869,701331877,701331871,701334341,0,701334346,701334348,701334354,1,2,2,7,8,2,2470,-701334341,701334346,2,6,12,2495
4636,701332110,701332112,701332113,701332116,701332120,701332128,701332121,701334437,0,701334439,701334442,701334446,2,1,3,7,8,1,2316,-701334437,701334439,3,4,11,2336
4637,701332284,701332285,701332287,701332289,701332292,701332300,701332294,701335597,0,701335599,701335602,701335606,1,2,2,5,8,2,3303,-701335597,701335599,3,4,10,3322
4638,701333558,701333559,701333561,701333565,701333570,701333578,701333570,701336014,0,701336017,701336020,701336023,1,2,4,9,8,0,2444,-701336014,701336017,3,3,12,2465
4639,701334707,701334708,701334710,701334714,701334719,701334727,701334720,701337086,0,701337088,701337091,701337095,1,2,4,9,8,1,2366,-701337086,701337088,3,4,13,2388
4640,701337290,701337291,701337293,701337297,701337303,701337304,701337301,701340541,0,701340543,701340546,701340550,1,2,4,10,1,-2,3240,-701340541,701340543,3,4,11,3260
4641,701337406,701337407,701337409,701337412,701337418,701337426,701337418,701340739,0,701340741,701340744,701340748,1,2,3,9,8,0,3321,-701340739,701340741,3,4,12,3342
4642,701337456,701337457,701337459,701337461,701337465,701337473,701337466,701340858,0,701340860,701340863,701340870,1,2,2,6,8,1,3392,-701340858,701340860,3,7,10,3414
4643,701337518,701337518,701337520,701337522,701337526,701337534,701337527,701340864,0,701340870,701340872,701340877,0,2,2,6,8,1,3337,-701340864,701340870,2,5,9,3359
4644,701337564,701337564,701337566,701337568,701337572,701337581,701337574,701340916,0,701340918,701340921,701340924,0,2,2,6,9,2,3342,-701340916,701340918,3,3,10,3360
4645,701337611,701337611,701337613,701337615,701337619,701337627,701337621,701340667,0,701340669,701340671,701340676,0,2,2,6,8,2,3046,-701340667,701340669,2,5,10,3065
4646,701337653,701337654,701337656,701337658,701337661,701337669,701337663,701339929,0,701339932,701339935,701339940,1,2,2,5,8,2,2266,-701339929,701339932,3,5,10,2287
4647,701382432,701382433,701382435,701382439,701382446,701382447,701382446,701385872,0,701385875,701385878,701385881,1,2,4,11,1,0,3426,-701385872,701385875,3,3,14,3449
4648,701382498,701382499,701382501,701382503,701382508,701382516,701382509,701386026,0,701386028,701386030,701386035,1,2,2,7,8,1,3517,-701386026,701386028,2,5,11,3537
4649,701401810,701401810,701401812,701401816,701401822,701401830,701401822,701405081,0,701405084,701405088,701405091,0,2,4,10,8,0,3259,-701405081,701405084,4,3,12,3281
4650,701401874,701401874,701401876,701401879,701401883,701401890,701401884,701405303,0,701405305,701405307,701405314,0,2,3,7,7,1,3419,-701405303,701405305,2,7,10,3440
4651,701405441,701405442,701405444,701405447,701405453,701405460,701405453,701408700,0,701408702,701408705,701408709,1,2,3,9,7,0,3247,-701408700,701408702,3,4,12,3268
4652,701408941,701408942,701408943,701408947,701408951,701408960,701408953,701412218,0,701412221,701412225,701412229,1,1,4,8,9,2,3265,-701412218,701412221,4,4,12,3288
4653,701412542,701412543,701412545,701412548,701412555,701412555,701412555,701415893,0,701415895,701415898,701415902,1,2,3,10,0,0,3338,-701415893,701415895,3,4,13,3360
4654,701431414,701431415,701431417,701431420,701431425,701431434,701431426,701434878,0,701434881,701434884,701434888,1,2,3,8,9,1,3452,-701434878,701434881,3,4,12,3474
4655,701464950,701464951,701464953,701464957,701464963,701464971,701464964,701468339,0,701468342,701468345,701468349,1,2,4,10,8,1,3375,-701468339,701468342,3,4,14,3399
4656,701572769,701572770,701572772,701572777,701572784,701572793,701572783,701576248,0,701576250,701576254,701576258,1,2,5,12,9,-1,3465,-701576248,701576250,4,4,14,3489
4657,704481714,704481715,704481717,704481723,704481730,704481739,704481730,704484179,0,704484182,704484184,704484188,1,2,6,13,9,0,2449,-704484179,704484182,2,4,16,2474
4658,705392681,705392682,705392684,705392689,705392694,705392705,705392696,705395552,0,705395556,705395559,705395563,1,2,5,10,11,2,2856,-705395552,705395556,3,4,15,2882
