index,req,ts,engine,cmdtr,tr,rsp,send,recv,rts,rengine,rtr,accep,rtt1,rtt2,rtt3,rtt4,rtt5,rtt6,rtt7,rtt8,rtt9,rtt10,rtt11,rtt
1,8681108,8681111,8681114,698143397,8681142,8681144,698143406,701167456,0,701167459,701167463,701167467,3,3,689462283,28,2,689462264,3024050,-701167456,701167459,4,4,692486359
2,601220680,601220681,601220683,601220697,601220709,601220712,601220705,601234823,0,601234826,601234830,601234835,1,2,14,26,3,-4,14118,-601234823,601234826,4,5,14155
3,601290577,601290578,601290580,601290584,601290589,601290597,601290590,601294559,0,601294561,601294563,601294567,1,2,4,9,8,1,3969,-601294559,601294561,2,4,3990
4,602379127,602379128,602379130,602379138,602379143,602379153,602379146,602382537,0,602382540,602382541,602382545,1,2,8,13,10,3,3391,-602382537,602382540,1,4,3418
5,602606535,602606536,602606538,602606545,602606550,602606560,602606552,602610412,0,602610414,602610416,602610420,1,2,7,12,10,2,3860,-602610412,602610414,2,4,3885
6,603474326,603474327,603474328,603474333,603474338,603474349,603474342,603477773,0,603477775,603477777,603477782,1,1,5,10,11,4,3431,-603477773,603477775,2,5,3456
7,603674108,603674109,603674111,603674116,603674121,603674131,603674124,603677731,0,603677734,603677735,603677740,1,2,5,10,10,3,3607,-603677731,603677734,1,5,3632
8,604724932,604724933,604724935,2147483647,2147483647,604724950,2147483647,2147483647,2147483647,2147483647,2147483647,2147483647,1,2,1542758712,1542758712,-1542758697,0,0,0,0,0,0,1542758715
9,606884164,606884165,606884167,2147483647,2147483647,606884182,2147483647,2147483647,2147483647,2147483647,2147483647,2147483647,1,2,1540599480,1540599480,-1540599465,0,0,0,0,0,0,1540599483
10,608393023,608393024,608393026,608393038,608393049,608393061,608393048,608395399,0,608395402,608395404,608395412,1,2,12,23,12,-1,2351,-608395399,608395402,2,8,2389
11,613999335,613999336,613999338,613999351,613999360,613999370,613999360,614002588,0,614002591,614002593,614002599,1,2,13,22,10,0,3228,-614002588,614002591,2,6,3264
12,619076257,619076260,619076291,619076296,619076301,619076319,619076311,619079225,0,619079228,619079229,619079233,3,31,5,10,18,10,2914,-619079225,619079228,1,4,2976
13,619076258,619076259,619076261,619076275,619076288,619076291,619076287,619079176,0,619079179,619079182,619079187,1,2,14,27,3,-1,2889,-619079176,619079179,3,5,2929
14,623076277,623076279,623076281,623076295,623076309,623076312,623076305,623079827,0,623079830,623079833,623079838,2,2,14,28,3,-4,3522,-623079827,623079830,3,5,3561
15,623357817,623357818,623357820,623357826,623357832,623357842,623357834,623361142,0,623361145,623361148,623361153,1,2,6,12,10,2,3308,-623361142,623361145,3,5,3336
16,623405276,623405277,623405279,623405284,623405291,623405300,623405291,623408608,0,623408611,623408613,623408618,1,2,5,12,9,0,3317,-623408608,623408611,2,5,3342
17,623646154,623646155,623646156,623646164,623646172,623646182,623646171,623649408,0,623649410,623649412,623649418,1,1,8,16,10,-1,3237,-623649408,623649410,2,6,3264
18,623742507,623742508,623742510,623742514,623742521,623742530,623742522,623745806,0,623745809,623745811,623745818,1,2,4,11,9,1,3284,-623745806,623745809,2,7,3311
19,623811161,623811162,623811164,623811167,623811173,623811182,623811174,623814421,0,623814424,623814426,623814429,1,2,3,9,9,1,3247,-623814421,623814424,2,3,3268
20,624956652,624956653,624956655,624956661,624956667,624956677,624956669,624959050,0,624959053,624959055,624959059,1,2,6,12,10,2,2381,-624959050,624959053,2,4,2407
21,625760468,625760469,625760471,625760475,625760480,625760491,625760482,625763525,0,625763529,625763531,625763535,1,2,4,9,11,2,3043,-625763525,625763529,2,4,3067
22,626528890,626528891,626528893,626528900,626528908,626528918,626528909,626532175,0,626532177,626532180,626532185,1,2,7,15,10,1,3266,-626532175,626532177,3,5,3295
23,626907207,626907208,626907210,626907217,626907224,626907226,626907225,626909892,0,626909894,626909896,626909900,1,2,7,14,2,1,2667,-626909892,626909894,2,4,2693
24,628735236,628735237,628735239,628735245,628735252,628735264,628735254,628738180,0,628738183,628738185,628738190,1,2,6,13,12,2,2926,-628738180,628738183,2,5,2954
25,628958296,628958297,628958298,628958304,628958311,628958321,628958310,628961392,0,628961395,628961399,628961404,1,1,6,13,10,-1,3082,-628961392,628961395,4,5,3108
26,629942848,629942849,629942851,629942858,629942864,629942875,629942866,629946167,0,629946170,629946172,629946178,1,2,7,13,11,2,3301,-629946167,629946170,2,6,3330
27,630223322,630223323,630223324,630223329,630223336,630223337,630223336,630226625,0,630226628,630226630,630226634,1,1,5,12,1,0,3289,-630226625,630226628,2,4,3312
28,630232859,630232860,630232862,630232865,630232871,630232879,630232872,630235993,0,630235996,630235998,630236003,1,2,3,9,8,1,3121,-630235993,630235996,2,5,3144
29,630312018,630312019,630312021,630312024,630312030,630312038,630312031,630315367,0,630315370,630315374,630315378,1,2,3,9,8,1,3336,-630315367,630315370,4,4,3360
30,630751296,630751297,630751299,630751304,630751309,630751319,630751311,630754087,0,630754089,630754093,630754098,1,2,5,10,10,2,2776,-630754087,630754089,4,5,2802
31,631183991,631183992,631183994,631184000,631184008,631184020,631184011,631187174,0,631187176,631187179,631187184,1,2,6,14,12,3,3163,-631187174,631187176,3,5,3193
32,632523039,632523040,632523042,632523049,632523055,632523066,632523058,632526338,0,632526341,632526343,632526348,1,2,7,13,11,3,3280,-632526338,632526341,2,5,3309
33,632528120,632528121,632528123,632528128,632528132,632528143,632528135,632530805,0,632530807,632530810,632530814,1,2,5,9,11,3,2670,-632530805,632530807,3,4,2694
34,634842943,634842944,634842946,634842952,634842959,634842969,634842960,634846293,0,634846296,634846299,634846303,1,2,6,13,10,1,3333,-634846293,634846296,3,4,3360
35,635767878,635767878,635767880,635767886,635767892,635767903,635767894,635771202,0,635771205,635771207,635771212,0,2,6,12,11,2,3308,-635771202,635771205,2,5,3334
36,635768728,635768729,635768731,635768737,635768745,635768755,635768744,635771941,0,635771943,635771946,635771949,1,2,6,14,10,-1,3197,-635771941,635771943,3,3,3221
37,635824397,635824398,635824401,635824415,635824426,635824427,635824416,636187889,636187889,636187891,636187895,636187900,1,3,14,25,1,-10,363473,0,2,4,5,363503
38,635824963,635824964,635824966,635824973,635824979,635824981,635824974,636327556,636327556,636327557,636327560,636327565,1,2,7,13,2,-5,502582,0,1,3,5,502602
39,635825037,635825038,635825039,635825046,635825053,635825054,635825047,636327572,636327572,636327574,636327576,636327580,1,1,7,14,1,-6,502525,0,2,2,4,502543
40,636934862,636934863,636934865,636934873,636934880,636934891,636934882,636937252,0,636937255,636937257,636937262,1,2,8,15,11,2,2370,-636937252,636937255,2,5,2400
41,637737371,637737372,637737374,637737380,637737386,637737397,637737388,637740516,0,637740519,637740522,637740526,1,2,6,12,11,2,3128,-637740516,637740519,3,4,3155
42,637739655,637739656,637739658,637739664,637739668,637739678,637739670,637741785,0,637741787,637741790,637741793,1,2,6,10,10,2,2115,-637741785,637741787,3,3,2138
43,637741838,637741839,637741841,637741844,637741848,637741865,637741859,637743907,0,637743909,637743912,637743917,1,2,3,7,17,11,2048,-637743907,637743909,3,5,2079
44,638087823,638087824,638087825,638087831,638087836,638087846,638087838,638090843,0,638090845,638090850,638090854,1,1,6,11,10,2,3005,-638090843,638090845,5,4,3031
45,638195275,638195276,638195278,638195283,638195288,638195299,638195290,638198605,0,638198610,638198612,638198617,1,2,5,10,11,2,3315,-638198605,638198610,2,5,3342
46,638410336,638410337,638410339,638410346,638410351,638410361,638410353,638413108,0,638413110,638413113,638413118,1,2,7,12,10,2,2755,-638413108,638413110,3,5,2782
47,638413415,638413416,638413418,638413421,638413425,638413434,638413427,638416521,0,638416524,638416527,638416531,1,2,3,7,9,2,3094,-638416521,638416524,3,4,3116
48,639911098,639911099,639911101,639911106,639911113,639911123,639911115,639913738,0,639913741,639913744,639913748,1,2,5,12,10,2,2623,-639913738,639913741,3,4,2650
49,640034598,640034599,640034601,640034608,640034614,640034626,640034618,640037733,0,640037735,640037738,640037743,1,2,7,13,12,4,3115,-640037733,640037735,3,5,3145
50,640204463,640204464,640204466,640204472,640204480,640204489,640204479,640207577,0,640207580,640207582,640207587,1,2,6,14,9,-1,3098,-640207577,640207580,2,5,3124
51,640451418,640451419,640451421,640451426,640451432,640451433,640451432,640454774,0,640454777,640454779,640454784,1,2,5,11,1,0,3342,-640454774,640454777,2,5,3366
52,640455467,640455468,640455469,640455473,640455478,640455487,640455479,640458642,0,640458645,640458648,640458652,1,1,4,9,9,1,3163,-640458642,640458645,3,4,3185
53,640460250,640460251,640460252,640460256,640460262,640460270,640460262,640463617,0,640463619,640463621,640463627,1,1,4,10,8,0,3355,-640463617,640463619,2,6,3377
54,640499543,640499544,640499546,640499550,640499555,640499564,640499557,640502812,0,640502815,640502817,640502821,1,2,4,9,9,2,3255,-640502812,640502815,2,4,3278
55,641584209,641584210,641584212,641584218,641584227,641584238,641584226,641587237,0,641587239,641587244,641587249,1,2,6,15,11,-1,3011,-641587237,641587239,5,5,3040
56,641635982,641635983,641635985,641635988,641635995,641635995,641635995,641639286,0,641639289,641639291,641639296,1,2,3,10,0,0,3291,-641639286,641639289,2,5,3314
57,641650962,641650963,641650965,641650969,641650974,641650983,641650976,641654202,0,641654205,641654207,641654211,1,2,4,9,9,2,3226,-641654202,641654205,2,4,3249
58,641815942,641815943,641815944,641815950,641815956,641815965,641815957,641819311,0,641819314,641819318,641819322,1,1,6,12,9,1,3354,-641819311,641819314,4,4,3380
59,641819716,641819717,641819719,641819723,641819728,641819737,641819729,641822957,0,641822960,641822962,641822966,1,2,4,9,9,1,3228,-641822957,641822960,2,4,3250
60,642054869,642054870,642054872,642054877,642054882,642054891,642054884,642057134,0,642057137,642057139,642057144,1,2,5,10,9,2,2250,-642057134,642057137,2,5,2275
61,642627299,642627300,642627302,642627306,642627311,642627321,642627313,642629730,0,642629734,642629736,642629741,1,2,4,9,10,2,2417,-642629730,642629734,2,5,2442
62,643210930,643210931,643210933,643210938,643210946,643210956,643210945,643214032,0,643214034,643214036,643214041,1,2,5,13,10,-1,3087,-643214032,643214034,2,5,3111
63,643409014,643409015,643409017,643409021,643409027,643409035,643409027,643412503,0,643412506,643412509,643412514,1,2,4,10,8,0,3476,-643412503,643412506,3,5,3500
64,643575417,643575418,643575420,643575424,643575428,643575438,643575430,643578706,0,643578709,643578711,643578716,1,2,4,8,10,2,3276,-643578706,643578709,2,5,3299
65,643580537,643580537,643580539,643580543,643580547,643580557,643580550,643582809,0,643582811,643582814,643582818,0,2,4,8,10,3,2259,-643582809,643582811,3,4,2281
66,643660004,643660005,643660007,643660013,643660018,643660027,643660019,643662757,0,643662759,643662761,643662766,1,2,6,11,9,1,2738,-643662757,643662759,2,5,2762
67,644389178,644389179,644389180,644389187,644389192,644389203,644389194,644392141,0,644392144,644392146,644392151,1,1,7,12,11,2,2947,-644392141,644392144,2,5,2973
68,644407272,644407273,644407275,644407281,644407287,644407296,644407288,644410546,0,644410549,644410551,644410556,1,2,6,12,9,1,3258,-644410546,644410549,2,5,3284
69,644496520,644496521,644496523,644496527,644496532,644496543,644496534,644499181,0,644499184,644499186,644499191,1,2,4,9,11,2,2647,-644499181,644499184,2,5,2671
70,645220867,645220867,645220869,645220874,645220879,645220888,645220880,645223346,0,645223348,645223351,645223355,0,2,5,10,9,1,2466,-645223346,645223348,3,4,2488
71,645453936,645453937,645453939,645453943,645453947,645453957,645453949,645456928,0,645456932,645456934,645456939,1,2,4,8,10,2,2979,-645456928,645456932,2,5,3003
72,646409010,646409011,646409013,646409022,646409030,646409031,646409030,646411528,0,646411531,646411533,646411538,1,2,9,17,1,0,2498,-646411528,646411531,2,5,2528
73,646880373,646880374,646880376,646880382,646880390,646880400,646880390,646883596,0,646883599,646883601,646883606,1,2,6,14,10,0,3206,-646883596,646883599,2,5,3233
74,646884093,646884094,646884096,646884100,646884105,646884113,646884106,646887403,0,646887405,646887407,646887413,1,2,4,9,8,1,3297,-646887403,646887405,2,6,3320
75,647451044,647451045,647451047,647451053,647451058,647451069,647451060,647453944,0,647453946,647453950,647453955,1,2,6,11,11,2,2884,-647453944,647453946,4,5,2911
76,647465028,647465029,647465031,647465036,647465043,647465043,647465042,647468015,0,647468018,647468021,647468028,1,2,5,12,0,-1,2973,-647468015,647468018,3,7,3000
77,648182153,648182154,648182156,648182161,648182167,648182177,648182169,648185191,0,648185193,648185196,648185201,1,2,5,11,10,2,3022,-648185191,648185193,3,5,3048
78,648329389,648329390,648329391,648329395,648329399,648329410,648329402,648331807,0,648331809,648331811,648331816,1,1,4,8,11,3,2405,-648331807,648331809,2,5,2427
79,648440347,648440348,648440350,648440353,648440357,648440367,648440360,648443793,0,648443795,648443797,648443807,1,2,3,7,10,3,3433,-648443793,648443795,2,10,3460
80,648484591,648484592,648484593,648484597,648484601,648484613,648484605,648487617,0,648487621,648487623,648487626,1,1,4,8,12,4,3012,-648487617,648487621,2,3,3035
81,648496771,648496772,648496774,648496777,648496781,648496790,648496782,648499820,0,648499824,648499827,648499831,1,2,3,7,9,1,3038,-648499820,648499824,3,4,3060
82,648503308,648503309,648503310,648503313,648503317,648503326,648503319,648506447,0,648506450,648506452,648506456,1,1,3,7,9,2,3128,-648506447,648506450,2,4,3148
83,648555886,648555887,648555889,648555892,648555895,648555905,648555897,648559050,0,648559053,648559055,648559058,1,2,3,6,10,2,3153,-648559050,648559053,2,3,3172
84,649984433,649984434,649984436,649984441,649984448,649984459,649984450,649987180,0,649987184,649987187,649987192,1,2,5,12,11,2,2730,-649987180,649987184,3,5,2759
85,650048633,650048634,650048636,650048640,650048645,650048655,650048647,650051563,0,650051566,650051569,650051573,1,2,4,9,10,2,2916,-650051563,650051566,3,4,2940
86,651532097,651532098,651532100,651532105,651532113,651532114,651532113,651535233,0,651535235,651535238,651535242,1,2,5,13,1,0,3120,-651535233,651535235,3,4,3145
87,651823494,651823495,651823497,651823506,651823512,651823522,651823513,651826259,0,651826261,651826264,651826268,1,2,9,15,10,1,2746,-651826259,651826261,3,4,2774
88,652391359,652391360,652391362,652391366,652391371,652391382,652391373,652393873,0,652393875,652393878,652393883,1,2,4,9,11,2,2500,-652393873,652393875,3,5,2524
89,652681837,652681838,652681840,652681847,652681855,652681865,652681854,652685258,0,652685260,652685263,652685268,1,2,7,15,10,-1,3404,-652685258,652685260,3,5,3431
90,652754306,652754307,652754309,652754313,652754320,652754321,652754320,652757550,0,652757552,652757554,652757559,1,2,4,11,1,0,3230,-652757550,652757552,2,5,3253
91,653336204,653336205,653336207,653336213,653336220,653336230,653336221,653339461,0,653339464,653339467,653339471,1,2,6,13,10,1,3240,-653339461,653339464,3,4,3267
92,653740125,653740126,653740127,653740134,653740141,653740150,653740142,653743562,0,653743565,653743569,653743573,1,1,7,14,9,1,3420,-653743562,653743565,4,4,3448
93,653930217,653930218,653930220,653930224,653930228,653930238,653930230,653933598,0,653933600,653933603,653933607,1,2,4,8,10,2,3368,-653933598,653933600,3,4,3390
94,654113449,654113450,654113452,654113456,654113460,654113470,654113462,654116004,0,654116007,654116010,654116015,1,2,4,8,10,2,2542,-654116004,654116007,3,5,2566
95,655442610,655442611,655442613,655442620,655442627,655442638,655442627,655445825,0,655445827,655445830,655445834,1,2,7,14,11,0,3198,-655445825,655445827,3,4,3224
96,655739265,655739266,655739268,655739274,655739281,655739290,655739282,655742602,0,655742605,655742607,655742612,1,2,6,13,9,1,3320,-655742602,655742605,2,5,3347
97,655745221,655745222,655745223,655745227,655745233,655745241,655745234,655748335,0,655748337,655748339,655748344,1,1,4,10,8,1,3101,-655748335,655748337,2,5,3123
98,655922160,655922161,655922163,655922169,655922176,655922177,655922176,655925332,0,655925335,655925337,655925342,1,2,6,13,1,0,3156,-655925332,655925335,2,5,3182
99,659436730,659436731,659436733,659436744,659436757,659436760,659436755,659440192,0,659440195,659440198,659440203,1,2,11,24,3,-2,3437,-659440192,659440195,3,5,3473
100,659441550,659441551,659441553,659441557,659441563,659441572,659441564,659444650,0,659444652,659444655,659444660,1,2,4,10,9,1,3086,-659444650,659444652,3,5,3110
101,659448599,659448600,659448602,659448606,659448611,659448624,659448616,659451731,0,659451734,659451737,659451742,1,2,4,9,13,5,3115,-659451731,659451734,3,5,3143
102,659716522,659716524,659716526,659716541,659716554,659716556,659716543,659849497,659849497,659849499,659849506,659849511,2,2,15,28,2,-11,132954,0,2,7,5,132989
103,659724312,659724312,659724314,659724322,659724329,659724330,659724322,659963534,659963534,659963536,659963539,659963543,0,2,8,15,1,-7,239212,0,2,3,4,239231
104,659726159,659726160,659726162,659726168,659726174,659726176,659726170,659963552,659963552,659963554,659963556,659963560,1,2,6,12,2,-4,237382,0,2,2,4,237401
105,661153601,661153602,661153604,661153613,661153621,661153624,661153622,661156803,0,661156805,661156807,661156812,1,2,9,17,3,1,3181,-661156803,661156805,2,5,3211
106,661310718,661310719,661310721,661310727,661310736,661310745,661310735,661313918,0,661313920,661313923,661313927,1,2,6,15,9,-1,3183,-661313918,661313920,3,4,3209
107,662039081,662039082,662039084,662039090,662039098,662039108,662039097,662042478,0,662042481,662042484,662042488,1,2,6,14,10,-1,3381,-662042478,662042481,3,4,3407
108,662039556,662039556,662039558,662039563,662039568,662039577,662039570,662042589,0,662042591,662042594,662042598,0,2,5,10,9,2,3019,-662042589,662042591,3,4,3042
109,662481470,662481471,662481473,662481478,662481486,662481496,662481486,662484651,0,662484654,662484656,662484661,1,2,5,13,10,0,3165,-662484651,662484654,2,5,3191
110,663057416,663057417,663057418,663057423,663057430,663057440,663057431,663060615,0,663060618,663060620,663060625,1,1,5,12,10,1,3184,-663060615,663060618,2,5,3209
111,664259931,664259932,664259934,664259941,664259946,664259958,664259948,664262872,0,664262875,664262878,664262883,1,2,7,12,12,2,2924,-664262872,664262875,3,5,2952
112,664263621,664263622,664263624,664263627,664263632,664263641,664263634,664266558,0,664266561,664266563,664266568,1,2,3,8,9,2,2924,-664266558,664266561,2,5,2947
113,664585537,664585538,664585540,664585545,664585549,664585560,664585552,664588711,0,664588714,664588717,664588722,1,2,5,9,11,3,3159,-664588711,664588714,3,5,3185
114,665366854,665366855,665366857,665366863,665366871,665366881,665366870,665370170,0,665370173,665370176,665370180,1,2,6,14,10,-1,3300,-665370170,665370173,3,4,3326
115,665626126,665626127,665626129,665626135,665626140,665626151,665626142,665628747,0,665628750,665628753,665628757,1,2,6,11,11,2,2605,-665628747,665628750,3,4,2631
116,665741636,665741637,665741639,665741644,665741649,665741661,665741652,665744086,0,665744088,665744091,665744099,1,2,5,10,12,3,2434,-665744086,665744088,3,8,2463
117,665810091,665810092,665810094,665810099,665810107,665810108,665810107,665813318,0,665813321,665813324,665813329,1,2,5,13,1,0,3211,-665813318,665813321,3,5,3238
118,665837927,665837928,665837929,665837935,665837941,665837949,665837941,665841107,0,665841109,665841112,665841116,1,1,6,12,8,0,3166,-665841107,665841109,3,4,3189
119,665903390,665903391,665903393,665903396,665903402,665903411,665903403,665906582,0,665906585,665906587,665906592,1,2,3,9,9,1,3179,-665906582,665906585,2,5,3202
120,667378628,667378629,667378631,667378637,667378645,667378646,667378645,667381969,0,667381971,667381974,667381979,1,2,6,14,1,0,3324,-667381969,667381971,3,5,3351
121,667489003,667489004,667489005,667489010,667489015,667489025,667489016,667491258,0,667491260,667491263,667491268,1,1,5,10,10,1,2242,-667491258,667491260,3,5,2265
122,667750899,667750900,667750902,667750906,667750913,667750923,667750914,667754285,0,667754287,667754291,667754296,1,2,4,11,10,1,3371,-667754285,667754287,4,5,3397
123,667791807,667791808,667791809,667791813,667791820,667791828,667791820,667795008,0,667795011,667795013,667795018,1,1,4,11,8,0,3188,-667795008,667795011,2,5,3211
124,667836308,667836309,667836311,667836316,667836323,667836335,667836327,667840181,0,667840184,667840186,667840192,1,2,5,12,12,4,3854,-667840181,667840184,2,6,3884
125,667939715,667939716,667939717,667939725,667939732,667939733,667939732,667942872,0,667942874,667942877,667942881,1,1,8,15,1,0,3140,-667942872,667942874,3,4,3166
126,667948445,667948446,667948448,667948451,667948457,667948466,667948458,667951632,0,667951634,667951636,667951640,1,2,3,9,9,1,3174,-667951632,667951634,2,4,3195
127,667948528,667948529,667948531,667948535,667948540,667948548,667948541,667951254,0,667951256,667951258,667951263,1,2,4,9,8,1,2713,-667951254,667951256,2,5,2735
128,668099139,668099140,668099142,668099149,668099156,668099157,668099156,668102225,0,668102227,668102231,668102236,1,2,7,14,1,0,3069,-668102225,668102227,4,5,3097
129,668291717,668291718,668291720,668291726,668291733,668291733,668291732,668295097,0,668295101,668295104,668295109,1,2,6,13,0,-1,3365,-668295097,668295101,3,5,3392
130,668368340,668368341,668368343,668368349,668368354,668368365,668368356,668371523,0,668371525,668371530,668371534,1,2,6,11,11,2,3167,-668371523,668371525,5,4,3194
131,668658136,668658137,668658139,668658145,668658152,668658167,668658152,668661552,0,668661554,668661557,668661562,1,2,6,13,15,0,3400,-668661552,668661554,3,5,3426
132,668701429,668701430,668701432,668701437,668701443,668701452,668701444,668704786,0,668704789,668704792,668704797,1,2,5,11,9,1,3342,-668704786,668704789,3,5,3368
133,668705272,668705273,668705275,668705278,668705284,668705285,668705284,668708451,0,668708454,668708457,668708463,1,2,3,9,1,0,3167,-668708451,668708454,3,6,3191
134,668710315,668710316,668710318,668710321,668710326,668710335,668710328,668713459,0,668713462,668713464,668713469,1,2,3,8,9,2,3131,-668713459,668713462,2,5,3154
135,668835326,668835327,668835329,668835333,668835337,668835347,668835339,668839064,0,668839068,668839071,668839075,1,2,4,8,10,2,3725,-668839064,668839068,3,4,3749
136,669314593,669314594,669314596,669314601,669314607,669314616,669314608,669316886,0,669316888,669316891,669316895,1,2,5,11,9,1,2278,-669316886,669316888,3,4,2302
137,669438194,669438195,669438197,669438202,669438209,669438218,669438209,669441519,0,669441521,669441525,669441530,1,2,5,12,9,0,3310,-669441519,669441521,4,5,3336
138,669449117,669449118,669449120,669449123,669449129,669449137,669449130,669452322,0,669452326,669452329,669452333,1,2,3,9,8,1,3192,-669452322,669452326,3,4,3216
139,669452608,669452609,669452611,669452614,669452620,669452629,669452621,669455563,0,669455565,669455569,669455574,1,2,3,9,9,1,2942,-669455563,669455565,4,5,2966
140,669464264,669464266,669464267,669464270,669464276,669464284,669464276,669467434,0,669467436,669467438,669467441,2,1,3,9,8,0,3158,-669467434,669467436,2,3,3177
141,669467700,669467701,669467703,669467706,669467712,669467720,669467713,669470761,0,669470763,669470766,669470771,1,2,3,9,8,1,3048,-669470761,669470763,3,5,3071
142,669553748,669553749,669553751,669553754,669553760,669553769,669553761,669556800,0,669556803,669556806,669556810,1,2,3,9,9,1,3039,-669556800,669556803,3,4,3062
143,669845353,669845354,669845356,669845361,669845368,669845377,669845368,669848627,0,669848630,669848632,669848637,1,2,5,12,9,0,3259,-669848627,669848630,2,5,3284
144,669875699,669875700,669875702,669875706,669875713,669875722,669875712,669878875,0,669878878,669878880,669878884,1,2,4,11,9,-1,3163,-669878875,669878878,2,4,3185
145,669908097,669908098,669908100,669908103,669908109,669908118,669908110,669911166,0,669911169,669911171,669911175,1,2,3,9,9,1,3056,-669911166,669911169,2,4,3078
146,669920272,669920272,669920274,669920277,669920283,669920291,669920282,669923429,0,669923432,669923434,669923437,0,2,3,9,8,-1,3147,-669923429,669923432,2,3,3165
147,669923763,669923764,669923766,669923769,669923775,669923783,669923776,669926806,0,669926809,669926811,669926815,1,2,3,9,8,1,3030,-669926806,669926809,2,4,3052
148,669953993,669953994,669953996,669954003,669954008,669954017,669954010,669957056,0,669957059,669957063,669957068,1,2,7,12,9,2,3046,-669957056,669957059,4,5,3075
149,670333714,670333715,670333717,670333723,670333728,670333738,670333730,670336696,0,670336698,670336702,670336706,1,2,6,11,10,2,2966,-670336696,670336698,4,4,2992
150,671266855,671266856,671266858,671266863,671266869,671266881,671266872,671269604,0,671269607,671269610,671269614,1,2,5,11,12,3,2732,-671269604,671269607,3,4,2759
151,672048350,672048351,672048353,672048360,672048368,672048369,672048368,672051533,0,672051537,672051540,672051545,1,2,7,15,1,0,3165,-672051533,672051537,3,5,3195
152,672151133,672151134,672151136,672151139,672151145,672151154,672151146,672154426,0,672154429,672154431,672154436,1,2,3,9,9,1,3280,-672154426,672154429,2,5,3303
153,672662580,672662581,672662583,672662588,672662595,672662596,672662595,672665860,0,672665862,672665865,672665869,1,2,5,12,1,0,3265,-672665860,672665862,3,4,3289
154,673355874,673355874,673355876,673355882,673355890,673355891,673355890,673359127,0,673359130,673359134,673359138,0,2,6,14,1,0,3237,-673359127,673359130,4,4,3264
155,673373165,673373166,673373168,673373172,673373178,673373186,673373178,673376346,0,673376350,673376353,673376357,1,2,4,10,8,0,3168,-673376346,673376350,3,4,3192
156,673401832,673401833,673401835,673401838,673401844,673401852,673401845,673405022,0,673405025,673405027,673405032,1,2,3,9,8,1,3177,-673405022,673405025,2,5,3200
157,673904353,673904354,673904356,673904362,673904371,673904381,673904370,673907609,0,673907612,673907616,673907621,1,2,6,15,10,-1,3239,-673907609,673907612,4,5,3268
158,673934570,673934571,673934573,673934579,673934586,673934596,673934586,673937789,0,673937792,673937795,673937800,1,2,6,13,10,0,3203,-673937789,673937792,3,5,3230
159,673950109,673950110,673950112,673950116,673950122,673950130,673950122,673953375,0,673953377,673953380,673953385,1,2,4,10,8,0,3253,-673953375,673953377,3,5,3276
160,674037438,674037439,674037441,674037446,674037453,674037463,674037453,674040758,0,674040761,674040764,674040768,1,2,5,12,10,0,3305,-674040758,674040761,3,4,3330
161,674064883,674064884,674064886,674064891,674064898,674064898,674064898,674068667,0,674068669,674068671,674068676,1,2,5,12,0,0,3769,-674068667,674068669,2,5,3793
162,674088318,674088319,674088321,674088325,674088329,674088339,674088331,674091790,0,674091793,674091795,674091799,1,2,4,8,10,2,3459,-674091790,674091793,2,4,3481
163,674109734,674109735,674109737,674109741,674109748,674109757,674109747,674112866,0,674112869,674112871,674112875,1,2,4,11,9,-1,3119,-674112866,674112869,2,4,3141
164,674232793,674232794,674232795,674232800,674232806,674232816,674232806,674236090,0,674236094,674236096,674236101,1,1,5,11,10,0,3284,-674236090,674236094,2,5,3308
165,674335008,674335009,674335011,674335016,674335023,674335033,674335023,674338217,0,674338221,674338224,674338228,1,2,5,12,10,0,3194,-674338217,674338221,3,4,3220
166,674703425,674703426,674703428,674703434,674703439,674703450,674703441,674705687,0,674705690,674705693,674705698,1,2,6,11,11,2,2246,-674705687,674705690,3,5,2273
167,675094656,675094657,675094659,675094663,675094670,675094679,675094669,675098018,0,675098021,675098024,675098028,1,2,4,11,9,-1,3349,-675098018,675098021,3,4,3372
168,675107190,675107191,675107193,675107198,675107204,675107212,675107204,675110467,0,675110471,675110473,675110478,1,2,5,11,8,0,3263,-675110467,675110471,2,5,3288
169,675240698,675240699,675240701,675240704,675240709,675240719,675240710,675243329,0,675243331,675243335,675243340,1,2,3,8,10,1,2619,-675243329,675243331,4,5,2642
170,675319587,675319588,675319590,675319597,675319602,675319611,675319603,675322515,0,675322519,675322521,675322526,1,2,7,12,9,1,2912,-675322515,675322519,2,5,2939
171,675335165,675335166,675335168,675335172,675335175,675335186,675335178,675338160,0,675338163,675338165,675338170,1,2,4,7,11,3,2982,-675338160,675338163,2,5,3005
172,675343442,675343443,675343445,675343448,675343451,675343461,675343453,675345833,0,675345837,675345838,675345844,1,2,3,6,10,2,2380,-675345833,675345837,1,6,2402
173,675345936,675345937,675345939,675345941,675345945,675345954,675345947,675349074,0,675349076,675349080,675349085,1,2,2,6,9,2,3127,-675349074,675349076,4,5,3149
174,675753702,675753703,675753705,675753710,675753718,675753726,675753718,675757026,0,675757029,675757031,675757036,1,2,5,13,8,0,3308,-675757026,675757029,2,5,3334
175,676096939,676096940,676096942,676096947,676096953,676096963,676096954,676100147,0,676100149,676100152,676100157,1,2,5,11,10,1,3193,-676100147,676100149,3,5,3218
176,677316474,677316475,677316477,677316483,677316491,677316504,677316490,677319760,0,677319762,677319765,677319770,1,2,6,14,13,-1,3270,-677319760,677319762,3,5,3296
177,677784980,677784981,677784982,677784989,677784996,677785005,677784997,677788333,0,677788336,677788339,677788344,1,1,7,14,9,1,3336,-677788333,677788336,3,5,3364
178,678338410,678338411,678338413,678338417,678338423,678338434,678338423,678341815,0,678341817,678341820,678341825,1,2,4,10,11,0,3392,-678341815,678341817,3,5,3415
179,678535763,678535764,678535766,678535771,678535778,678535779,678535778,678539262,0,678539265,678539269,678539274,1,2,5,12,1,0,3484,-678539262,678539265,4,5,3511
180,678841603,678841604,678841606,678841611,678841619,678841628,678841619,678844767,0,678844770,678844774,678844778,1,2,5,13,9,0,3148,-678844767,678844770,4,4,3175
181,678841701,678841702,678841704,678841707,678841712,678841720,678841713,678844887,0,678844889,678844891,678844900,1,2,3,8,8,1,3174,-678844887,678844889,2,9,3199
182,678841823,678841824,678841826,678841829,678841834,678841843,678841834,678844958,0,678844960,678844962,678844967,1,2,3,8,9,0,3124,-678844958,678844960,2,5,3144
183,679156540,679156541,679156543,679156551,679156558,679156567,679156558,679159921,0,679159925,679159928,679159932,1,2,8,15,9,0,3363,-679159921,679159925,3,4,3392
184,679220800,679220801,679220803,679220806,679220812,679220821,679220813,679224216,0,679224219,679224222,679224227,1,2,3,9,9,1,3403,-679224216,679224219,3,5,3427
185,679260346,679260347,679260349,679260353,679260359,679260367,679260359,679263564,0,679263567,679263570,679263575,1,2,4,10,8,0,3205,-679263564,679263567,3,5,3229
186,680178497,680178498,680178500,680178509,680178518,680178528,680178517,680181601,0,680181604,680181607,680181611,1,2,9,18,10,-1,3084,-680181601,680181604,3,4,3114
187,680472212,680472213,680472215,680472220,680472226,680472235,680472227,680474619,0,680474622,680474625,680474629,1,2,5,11,9,1,2392,-680474619,680474622,3,4,2417
188,681325962,681325963,681325965,681325971,681325977,681325987,681325979,681328305,0,681328307,681328310,681328316,1,2,6,12,10,2,2326,-681328305,681328307,3,6,2354
189,682119042,682119043,682119045,682119051,682119060,682119069,682119059,682122563,0,682122566,682122569,682122573,1,2,6,15,9,-1,3504,-682122563,682122566,3,4,3531
190,682481601,682481602,682481603,682481609,682481614,682481623,682481616,682484553,0,682484556,682484559,682484563,1,1,6,11,9,2,2937,-682484553,682484556,3,4,2962
191,682539390,682539391,682539393,682539397,682539402,682539412,682539404,682541702,0,682541706,682541708,682541713,1,2,4,9,10,2,2298,-682541702,682541706,2,5,2323
192,682551155,682551156,682551158,682551163,682551171,682551178,682551169,682554488,0,682554491,682554494,682554498,1,2,5,13,7,-2,3319,-682554488,682554491,3,4,3343
193,682572960,682572961,682572963,682572966,682572971,682572980,682572973,682576096,0,682576099,682576101,682576106,1,2,3,8,9,2,3123,-682576096,682576099,2,5,3146
194,682592965,682592966,682592968,682592971,682592977,682592985,682592978,682596243,0,682596246,682596249,682596254,1,2,3,9,8,1,3265,-682596243,682596246,3,5,3289
195,683646789,683646790,683646792,683646797,683646806,683646807,683646806,683650245,0,683650248,683650250,683650255,1,2,5,14,1,0,3439,-683650245,683650248,2,5,3466
196,683930191,683930192,683930194,683930199,683930206,683930207,683930206,683933268,0,683933271,683933276,683933281,1,2,5,12,1,0,3062,-683933268,683933271,5,5,3090
197,683961504,683961505,683961507,683961511,683961516,683961525,683961517,683964050,0,683964052,683964055,683964059,1,2,4,9,9,1,2533,-683964050,683964052,3,4,2555
198,685251339,685251340,685251342,685251350,685251358,685251368,685251357,685254631,0,685254634,685254636,685254641,1,2,8,16,10,-1,3274,-685254631,685254634,2,5,3302
199,685822015,685822016,685822017,685822022,685822030,685822039,685822029,685825288,0,685825292,685825294,685825298,1,1,5,13,9,-1,3259,-685825288,685825292,2,4,3283
200,685833318,685833319,685833321,685833325,685833332,685833341,685833331,685836583,0,685836586,685836588,685836593,1,2,4,11,9,-1,3252,-685836583,685836586,2,5,3275
201,685905479,685905479,685905481,685905486,685905494,685905505,685905493,685908662,0,685908665,685908668,685908672,0,2,5,13,11,-1,3169,-685908662,685908665,3,4,3193
202,685930158,685930159,685930161,685930165,685930171,685930180,685930172,685933352,0,685933355,685933357,685933362,1,2,4,10,9,1,3180,-685933352,685933355,2,5,3204
203,687763459,687763460,687763462,687763470,687763477,687763479,687763478,687765755,0,687765758,687765761,687765765,1,2,8,15,2,1,2277,-687765755,687765758,3,4,2306
204,688784328,688784329,688784331,688784339,688784348,688784357,688784347,688787562,0,688787564,688787567,688787573,1,2,8,17,9,-1,3215,-688787562,688787564,3,6,3245
205,688788354,688788355,688788357,688788361,688788368,688788368,688788367,688791390,0,688791392,688791395,688791400,1,2,4,11,0,-1,3023,-688791390,688791392,3,5,3046
206,689149968,689149969,689149971,689149977,689149984,689149994,689149983,689153190,0,689153193,689153195,689153200,1,2,6,13,10,-1,3207,-689153190,689153193,2,5,3232
207,689472002,689472002,689472004,689472010,689472018,689472028,689472018,689475389,0,689475392,689475395,689475400,0,2,6,14,10,0,3371,-689475389,689475392,3,5,3398
208,689491777,689491778,689491780,689491784,689491790,689491800,689491792,689494959,0,689494962,689494964,689494970,1,2,4,10,10,2,3167,-689494959,689494962,2,6,3193
209,689502515,689502516,689502518,689502521,689502525,689502536,689502528,689506048,0,689506050,689506052,689506057,1,2,3,7,11,3,3520,-689506048,689506050,2,5,3542
210,689893613,689893614,689893616,689893620,689893625,689893635,689893627,689896382,0,689896385,689896387,689896392,1,2,4,9,10,2,2755,-689896382,689896385,2,5,2779
211,690010622,690010623,690010625,690010628,690010632,690010645,690010636,690013145,0,690013148,690013150,690013155,1,2,3,7,13,4,2509,-690013145,690013148,2,5,2533
212,690294245,690294246,690294248,690294256,690294263,690294265,690294262,690297018,0,690297020,690297024,690297028,1,2,8,15,2,-1,2756,-690297018,690297020,4,4,2783
213,690472348,690472349,690472351,690472354,690472359,690472369,690472360,690474745,0,690474748,690474750,690474755,1,2,3,8,10,1,2385,-690474745,690474748,2,5,2407
214,690478914,690478915,690478917,690478920,690478924,690478933,690478925,690482023,0,690482026,690482028,690482033,1,2,3,7,9,1,3098,-690482023,690482026,2,5,3119
215,691594930,691594931,691594932,691594938,691594944,691594954,691594945,691598407,0,691598409,691598412,691598417,1,1,6,12,10,1,3462,-691598407,691598409,3,5,3487
216,692102798,692102799,692102801,692102807,692102816,692102825,692102813,692106056,0,692106060,692106063,692106068,1,2,6,15,9,-3,3243,-692106056,692106060,3,5,3270
217,692363104,692363105,692363107,692363113,692363121,692363131,692363120,692366386,0,692366388,692366391,692366396,1,2,6,14,10,-1,3266,-692366386,692366388,3,5,3292
218,692963949,692963950,692963952,692963958,692963967,692963977,692963966,692967304,0,692967307,692967310,692967314,1,2,6,15,10,-1,3338,-692967304,692967307,3,4,3365
219,694617747,694617748,694617750,694617755,694617763,694617773,694617764,694621080,0,694621084,694621086,694621091,1,2,5,13,10,1,3316,-694621080,694621084,2,5,3344
220,694641074,694641075,694641077,694641082,694641089,694641099,694641089,694644244,0,694644247,694644250,694644254,1,2,5,12,10,0,3155,-694644244,694644247,3,4,3180
221,697925121,697925122,697925124,697925134,697925146,697925148,697925142,697928393,0,697928396,697928399,697928403,1,2,10,22,2,-4,3251,-697928393,697928396,3,4,3282
222,698446621,698446622,698446624,698446630,698446637,698446647,698446638,698449715,0,698449718,698449721,698449725,1,2,6,13,10,1,3077,-698449715,698449718,3,4,3104
223,699033664,699033664,699033666,699033673,699033678,699033689,699033680,699036857,0,699036860,699036863,699036867,0,2,7,12,11,2,3177,-699036857,699036860,3,4,3203
224,699399913,699399914,699399916,699399921,699399926,699399935,699399927,699403030,0,699403032,699403035,699403040,1,2,5,10,9,1,3103,-699403030,699403032,3,5,3127
225,700011140,700011141,700011143,700011148,700011154,700011164,700011155,700014642,0,700014645,700014648,700014652,1,2,5,11,10,1,3487,-700014642,700014645,3,4,3512
226,700288647,700288648,700288650,700288654,700288659,700288669,700288661,700291683,0,700291688,700291691,700291696,1,2,4,9,10,2,3022,-700291683,700291688,3,5,3049
227,700551131,700551132,700551135,700551138,700551143,700551153,700551145,700553447,0,700553450,700553453,700553458,1,3,3,8,10,2,2302,-700553447,700553450,3,5,2327
228,700751437,700751438,700751440,700751446,700751454,700751464,700751454,700754559,0,700754562,700754566,700754570,1,2,6,14,10,0,3105,-700754559,700754562,4,4,3133
229,700808822,700808823,700808825,700808829,700808835,700808843,700808835,700811957,0,700811960,700811963,700811968,1,2,4,10,8,0,3122,-700811957,700811960,3,5,3146
230,700927285,700927286,700927288,700927292,700927298,700927308,700927298,700930508,0,700930510,700930513,700930518,1,2,4,10,10,0,3210,-700930508,700930510,3,5,3233
231,701383275,701383276,701383278,701383284,701383292,701383302,701383292,701386531,0,701386533,701386536,701386544,1,2,6,14,10,0,3239,-701386531,701386533,3,8,3269
232,702340853,702340854,702340856,702340861,702340866,702340877,702340868,702343165,0,702343168,702343171,702343175,1,2,5,10,11,2,2297,-702343165,702343168,3,4,2322
233,702343898,702343899,702343901,702343904,702343909,702343918,702343910,702346565,0,702346567,702346571,702346576,1,2,3,8,9,1,2655,-702346565,702346567,4,5,2678
234,702796277,702796278,702796280,702796295,702796309,702796310,702796298,702949995,702949995,702949997,702950002,702950007,1,2,15,29,1,-11,153697,0,2,5,5,153730
235,702798118,702798119,702798121,702798127,702798134,702798136,702798129,703063392,703063392,703063394,703063396,703063401,1,2,6,13,2,-5,265263,0,2,2,5,265283
236,702798192,702798193,702798195,702798201,702798208,702798209,702798202,703063415,703063415,703063417,703063419,703063422,1,2,6,13,1,-6,265213,0,2,2,3,265230
237,703812282,703812283,703812285,703812291,703812297,703812308,703812299,703814944,0,703814947,703814950,703814954,1,2,6,12,11,2,2645,-703814944,703814947,3,4,2672
238,703845121,703845122,703845124,703845129,703845134,703845144,703845136,703848496,0,703848498,703848505,703848509,1,2,5,10,10,2,3360,-703848496,703848498,7,4,3388
239,704898941,704898942,704898944,704898950,704898955,704898965,704898957,704901970,0,704901972,704901975,704901979,1,2,6,11,10,2,3013,-704901970,704901972,3,4,3038
240,706605518,706605519,706605521,706605526,706605533,706605543,706605534,706608846,0,706608849,706608852,706608856,1,2,5,12,10,1,3312,-706608846,706608849,3,4,3338
241,706746843,706746844,706746846,706746853,706746861,706746872,706746864,706750011,0,706750014,706750017,706750021,1,2,7,15,11,3,3147,-706750011,706750014,3,4,3178
242,706875130,706875131,706875133,706875136,706875141,706875152,706875143,706877462,0,706877465,706877467,706877472,1,2,3,8,11,2,2319,-706877462,706877465,2,5,2342
243,707022481,707022482,707022484,707022489,707022494,707022507,707022495,707025217,0,707025220,707025223,707025227,1,2,5,10,13,1,2722,-707025217,707025220,3,4,2746
244,707746400,707746401,707746403,707746409,707746415,707746425,707746417,707749632,0,707749635,707749639,707749644,1,2,6,12,10,2,3215,-707749632,707749635,4,5,3244
245,708362314,708362315,708362317,708362322,708362327,708362338,708362330,708365681,0,708365683,708365686,708365690,1,2,5,10,11,3,3351,-708365681,708365683,3,4,3376
246,709875076,709875077,709875079,709875085,709875092,709875102,709875094,709877806,0,709877809,709877812,709877816,1,2,6,13,10,2,2712,-709877806,709877809,3,4,2740
247,709940392,709940393,709940395,709940401,709940406,709940415,709940407,709943524,0,709943527,709943529,709943534,1,2,6,11,9,1,3117,-709943524,709943527,2,5,3142
248,709993466,709993466,709993468,709993473,709993477,709993487,709993479,709996808,0,709996810,709996813,709996818,0,2,5,9,10,2,3329,-709996808,709996810,3,5,3352
249,710042715,710042716,710042718,710042722,710042727,710042736,710042728,710045716,0,710045718,710045721,710045725,1,2,4,9,9,1,2988,-710045716,710045718,3,4,3010
250,710132637,710132638,710132640,710132644,710132648,710132659,710132650,710134975,0,710134978,710134980,710134986,1,2,4,8,11,2,2325,-710134975,710134978,2,6,2349
251,710400576,710400577,710400579,710400583,710400588,710400598,710400590,710403907,0,710403909,710403912,710403916,1,2,4,9,10,2,3317,-710403907,710403909,3,4,3340
252,710404573,710404574,710404575,710404578,710404582,710404591,710404584,710406979,0,710406982,710406984,710406988,1,1,3,7,9,2,2395,-710406979,710406982,2,4,2415
253,710414356,710414357,710414359,710414361,710414365,710414375,710414367,710417171,0,710417174,710417176,710417180,1,2,2,6,10,2,2804,-710417171,710417174,2,4,2824
254,710631363,710631364,710631365,710631371,710631376,710631386,710631378,710633868,0,710633871,710633873,710633877,1,1,6,11,10,2,2490,-710633868,710633871,2,4,2514
255,710913699,710913700,710913702,710913707,710913712,710913727,710913714,710916090,0,710916093,710916096,710916101,1,2,5,10,15,2,2376,-710916090,710916093,3,5,2402
256,711491437,711491438,711491440,711491444,711491449,711491460,711491451,711494482,0,711494485,711494487,711494492,1,2,4,9,11,2,3031,-711494482,711494485,2,5,3055
257,712465206,712465207,712465209,712465216,712465226,712465236,712465225,712468527,0,712468531,712468534,712468538,1,2,7,17,10,-1,3302,-712468527,712468531,3,4,3332
258,712577820,712577821,712577823,712577828,712577835,712577844,712577834,712581062,0,712581064,712581067,712581071,1,2,5,12,9,-1,3228,-712581062,712581064,3,4,3251
259,712596388,712596389,712596391,712596396,712596401,712596410,712596402,712598787,0,712598790,712598793,712598798,1,2,5,10,9,1,2385,-712598787,712598790,3,5,2410
260,712631442,712631443,712631445,712631450,712631455,712631465,712631457,712633614,0,712633616,712633620,712633625,1,2,5,10,10,2,2157,-712633614,712633616,4,5,2183
261,712762995,712762996,712762998,712763001,712763006,712763016,712763008,712765283,0,712765285,712765288,712765292,1,2,3,8,10,2,2275,-712765283,712765285,3,4,2297
262,712769064,712769065,712769067,712769070,712769074,712769084,712769076,712771331,0,712771334,712771336,712771341,1,2,3,7,10,2,2255,-712771331,712771334,2,5,2277
263,712773806,712773807,712773809,712773812,712773816,712773827,712773819,712776114,0,712776116,712776118,712776123,1,2,3,7,11,3,2295,-712776114,712776116,2,5,2317
264,712859663,712859663,712859665,712859669,712859674,712859684,712859676,712862793,0,712862796,712862799,712862804,0,2,4,9,10,2,3117,-712862793,712862796,3,5,3141
265,712864001,712864002,712864004,712864007,712864011,712864021,712864014,712866969,0,712866971,712866974,712866979,1,2,3,7,10,3,2955,-712866969,712866971,3,5,2978
266,712864307,712864307,712864309,712864312,712864316,712864324,712864317,712867508,0,712867510,712867513,712867517,0,2,3,7,8,1,3191,-712867508,712867510,3,4,3210
267,712867837,712867838,712867840,712867843,712867847,712867857,712867850,712870964,0,712870967,712870970,712870974,1,2,3,7,10,3,3114,-712870964,712870967,3,4,3137
268,712871289,712871290,712871292,712871295,712871299,712871308,712871301,712874026,0,712874029,712874032,712874037,1,2,3,7,9,2,2725,-712874026,712874029,3,5,2748
269,712871371,712871372,712871374,712871376,712871380,712871389,712871381,712874151,0,712874154,712874156,712874160,1,2,2,6,9,1,2770,-712874151,712874154,2,4,2789
270,712881772,712881773,712881775,712881778,712881783,712881794,712881785,712884120,0,712884123,712884125,712884129,1,2,3,8,11,2,2335,-712884120,712884123,2,4,2357
271,712896033,712896034,712896036,712896039,712896044,712896054,712896046,712899313,0,712899315,712899318,712899324,1,2,3,8,10,2,3267,-712899313,712899315,3,6,3291
272,712911238,712911239,712911241,712911244,712911248,712911258,712911250,712914484,0,712914486,712914489,712914494,1,2,3,7,10,2,3234,-712914484,712914486,3,5,3256
273,712911272,712911274,712911275,712911278,712911281,712911290,712911283,712914630,0,712914632,712914634,712914640,2,1,3,6,9,2,3347,-712914630,712914632,2,6,3368
274,712914857,712914858,712914860,712914864,712914867,712914877,712914870,712917091,0,712917093,712917096,712917101,1,2,4,7,10,3,2221,-712917091,712917093,3,5,2244
275,713112918,713112919,713112920,713112925,713112930,713112940,713112931,713116097,0,713116099,713116102,713116106,1,1,5,10,10,1,3166,-713116097,713116099,3,4,3188
276,713942779,713942780,713942781,713942787,713942793,713942803,713942794,713946150,0,713946153,713946156,713946160,1,1,6,12,10,1,3356,-713946150,713946153,3,4,3381
277,714510620,714510621,714510623,714510628,714510634,714510644,714510635,714513857,0,714513860,714513863,714513867,1,2,5,11,10,1,3222,-714513857,714513860,3,4,3247
278,714658238,714658239,714658240,714658244,714658248,714658259,714658251,714660550,0,714660552,714660555,714660559,1,1,4,8,11,3,2299,-714660550,714660552,3,4,2321
279,714660924,714660925,714660927,714660930,714660934,714660943,714660935,714663129,0,714663131,714663133,714663139,1,2,3,7,9,1,2194,-714663129,714663131,2,6,2215
280,714663471,714663472,714663473,714663476,714663480,714663489,714663482,714665679,0,714665682,714665684,714665689,1,1,3,7,9,2,2197,-714665679,714665682,2,5,2218
281,714748439,714748440,714748442,714748446,714748451,714748461,714748452,714751586,0,714751589,714751591,714751596,1,2,4,9,10,1,3134,-714751586,714751589,2,5,3157
282,714754451,714754452,714754453,714754456,714754461,714754471,714754463,714757537,0,714757539,714757542,714757546,1,1,3,8,10,2,3074,-714757537,714757539,3,4,3095
283,714762140,714762141,714762143,714762146,714762149,714762159,714762151,714765230,0,714765232,714765234,714765239,1,2,3,6,10,2,3079,-714765230,714765232,2,5,3099
284,714784465,714784466,714784468,714784472,714784479,714784487,714784478,714787659,0,714787661,714787663,714787668,1,2,4,11,8,-1,3181,-714787659,714787661,2,5,3203
285,714795401,714795402,714795404,714795408,714795414,714795423,714795415,714798509,0,714798512,714798514,714798519,1,2,4,10,9,1,3094,-714798509,714798512,2,5,3118
286,714922180,714922181,714922183,714922187,714922192,714922202,714922194,714925410,0,714925413,714925417,714925422,1,2,4,9,10,2,3216,-714925410,714925413,4,5,3242
287,714929707,714929708,714929710,714929713,714929717,714929727,714929719,714931956,0,714931959,714931961,714931965,1,2,3,7,10,2,2237,-714931956,714931959,2,4,2258
288,714932347,714932348,714932350,714932353,714932356,714932366,714932358,714934616,0,714934619,714934621,714934625,1,2,3,6,10,2,2258,-714934616,714934619,2,4,2278
289,715043973,715043974,715043976,715043979,715043983,715043993,715043985,715046498,0,715046502,715046505,715046510,1,2,3,7,10,2,2513,-715046498,715046502,3,5,2537
290,715134541,715134542,715134543,715134547,715134551,715134561,715134553,715136991,0,715136994,715136996,715137001,1,1,4,8,10,2,2438,-715136991,715136994,2,5,2460
291,715363609,715363609,715363611,715363614,715363619,715363629,715363621,715366121,0,715366123,715366125,715366129,0,2,3,8,10,2,2500,-715366121,715366123,2,4,2520
292,715733217,715733218,715733220,715733226,715733233,715733244,715733236,715736266,0,715736269,715736272,715736276,1,2,6,13,11,3,3030,-715736266,715736269,3,4,3059
293,715793584,715793585,715793586,715793590,715793595,715793605,715793597,715796826,0,715796828,715796831,715796835,1,1,4,9,10,2,3229,-715796826,715796828,3,4,3251
294,715798070,715798071,715798073,715798076,715798080,715798089,715798081,715801155,0,715801159,715801162,715801166,1,2,3,7,9,1,3074,-715801155,715801159,3,4,3096
295,715871645,715871646,715871648,715871651,715871656,715871666,715871658,715873783,0,715873786,715873788,715873792,1,2,3,8,10,2,2125,-715873783,715873786,2,4,2147
296,715877563,715877564,715877566,715877569,715877573,715877582,715877575,715880825,0,715880828,715880830,715880835,1,2,3,7,9,2,3250,-715880825,715880828,2,5,3272
297,716249620,716249621,716249623,716249629,716249634,716249644,716249636,716252912,0,716252914,716252917,716252922,1,2,6,11,10,2,3276,-716252912,716252914,3,5,3302
298,716302204,716302205,716302207,716302213,716302217,716302227,716302219,716305578,0,716305581,716305584,716305588,1,2,6,10,10,2,3359,-716305578,716305581,3,4,3384
299,716485088,716485089,716485092,716485096,716485101,716485110,716485102,716487794,0,716487796,716487798,716487804,1,3,4,9,9,1,2692,-716487794,716487796,2,6,2716
300,716975589,716975590,716975592,716975597,716975604,716975614,716975604,716978818,0,716978821,716978825,716978830,1,2,5,12,10,0,3214,-716978818,716978821,4,5,3241
301,717681561,717681563,717681564,717681571,717681579,717681589,717681578,717684773,0,717684777,717684780,717684785,2,1,7,15,10,-1,3195,-717684773,717684777,3,5,3224
302,717957873,717957874,717957876,717957881,717957889,717957899,717957888,717961371,0,717961373,717961378,717961383,1,2,5,13,10,-1,3483,-717961371,717961373,5,5,3510
303,718085938,718085939,718085940,718085945,718085951,718085960,718085952,718088463,0,718088466,718088469,718088474,1,1,5,11,9,1,2511,-718088463,718088466,3,5,2536
304,719048698,719048698,719048700,719048706,719048712,719048722,719048714,719051604,0,719051607,719051610,719051614,0,2,6,12,10,2,2890,-719051604,719051607,3,4,2916
305,719093970,719093971,719093973,719093977,719093984,719093994,719093983,719097349,0,719097352,719097354,719097359,1,2,4,11,10,-1,3366,-719097349,719097352,2,5,3389
306,719239355,719239356,719239357,719239362,719239370,719239379,719239369,719242420,0,719242423,719242428,719242433,1,1,5,13,9,-1,3051,-719242420,719242423,5,5,3078
307,719286795,719286796,719286798,719286802,719286808,719286809,719286808,719289812,0,719289814,719289817,719289822,1,2,4,10,1,0,3004,-719289812,719289814,3,5,3027
308,719544517,719544518,719544520,719544524,719544532,719544541,719544533,719547686,0,719547688,719547691,719547695,1,2,4,12,9,1,3153,-719547686,719547688,3,4,3178
309,719612338,719612339,719612340,719612345,719612351,719612352,719612351,719615422,0,719615425,719615427,719615432,1,1,5,11,1,0,3071,-719615422,719615425,2,5,3094
310,719641024,719641024,719641026,719641030,719641036,719641045,719641037,719644147,0,719644149,719644152,719644157,0,2,4,10,9,1,3110,-719644147,719644149,3,5,3133
311,719939786,719939787,719939789,719939793,719939800,719939810,719939799,719943250,0,719943253,719943256,719943261,1,2,4,11,10,-1,3451,-719943250,719943253,3,5,3475
312,720784319,720784320,720784322,720784328,720784336,720784347,720784336,720787590,0,720787592,720787596,720787601,1,2,6,14,11,0,3254,-720787590,720787592,4,5,3282
313,721164867,721164868,721164870,721164875,721164881,721164889,721164881,721167834,0,721167837,721167840,721167845,1,2,5,11,8,0,2953,-721167834,721167837,3,5,2978
314,721752201,721752202,721752203,721752209,721752214,721752225,721752216,721755100,0,721755103,721755106,721755111,1,1,6,11,11,2,2884,-721755100,721755103,3,5,2910
315,721805570,721805571,721805572,721805576,721805581,721805591,721805583,721808741,0,721808744,721808746,721808750,1,1,4,9,10,2,3158,-721808741,721808744,2,4,3180
316,722096518,722096519,722096521,722096525,722096533,722096534,722096533,722099689,0,722099691,722099694,722099699,1,2,4,12,1,0,3156,-722099689,722099691,3,5,3181
317,722100169,722100170,722100172,722100176,722100182,722100182,722100182,722103217,0,722103220,722103223,722103227,1,2,4,10,0,0,3035,-722103217,722103220,3,4,3058
318,722103725,722103726,722103728,722103731,722103737,722103745,722103738,722107011,0,722107015,722107018,722107023,1,2,3,9,8,1,3273,-722107011,722107015,3,5,3298
319,722107387,722107388,722107390,722107393,722107399,722107407,722107400,722110478,0,722110481,722110483,722110487,1,2,3,9,8,1,3078,-722110478,722110481,2,4,3100
320,722444898,722444899,722444901,722444908,722444914,722444924,722444916,722448291,0,722448294,722448297,722448301,1,2,7,13,10,2,3375,-722448291,722448294,3,4,3403
321,722449456,722449457,722449459,722449463,722449467,722449477,722449469,722452717,0,722452720,722452725,722452730,1,2,4,8,10,2,3248,-722452717,722452720,5,5,3274
322,722454018,722454019,722454021,722454024,722454028,722454038,722454030,722457136,0,722457139,722457142,722457147,1,2,3,7,10,2,3106,-722457136,722457139,3,5,3129
323,722584477,722584478,722584480,722584486,722584494,722584507,722584493,722587628,0,722587630,722587633,722587638,1,2,6,14,13,-1,3135,-722587628,722587630,3,5,3161
324,722595595,722595596,722595598,722595601,722595606,722595615,722595608,722598452,0,722598454,722598456,722598461,1,2,3,8,9,2,2844,-722598452,722598454,2,5,2866
325,722742681,722742682,722742683,722742688,722742694,722742704,722742696,722745003,0,722745006,722745008,722745013,1,1,5,11,10,2,2307,-722745003,722745006,2,5,2332
326,722944309,722944310,722944311,722944315,722944319,722944329,722944321,722947568,0,722947571,722947573,722947578,1,1,4,8,10,2,3247,-722947568,722947571,2,5,3269
327,723064279,723064280,723064282,723064286,723064291,723064301,723064293,723067499,0,723067504,723067507,723067511,1,2,4,9,10,2,3206,-723067499,723067504,3,4,3232
328,724113035,724113036,724113038,724113043,724113048,724113059,724113051,724116381,0,724116384,724116387,724116393,1,2,5,10,11,3,3330,-724116381,724116384,3,6,3358
329,724374305,724374306,724374308,724374312,724374316,724374326,724374318,724376621,0,724376623,724376626,724376630,1,2,4,8,10,2,2303,-724376621,724376623,3,4,2325
330,724508554,724508555,724508557,724508561,724508565,724508575,724508567,724511494,0,724511497,724511504,724511509,1,2,4,8,10,2,2927,-724511494,724511497,7,5,2955
331,724508815,724508815,724508817,724508822,724508828,724508838,724508827,724512135,0,724512137,724512139,724512144,0,2,5,11,10,-1,3308,-724512135,724512137,2,5,3329
332,724512365,724512366,724512368,724512371,724512376,724512385,724512378,724514636,0,724514639,724514641,724514646,1,2,3,8,9,2,2258,-724514636,724514639,2,5,2281
333,725622799,725622800,725622802,725622809,725622817,725622826,725622815,725626070,0,725626073,725626076,725626081,1,2,7,15,9,-2,3255,-725626070,725626073,3,5,3282
334,726904216,726904217,726904219,726904225,726904234,726904245,726904236,726907634,0,726907636,726907639,726907645,1,2,6,15,11,2,3398,-726907634,726907636,3,6,3429
335,727381081,727381082,727381085,727381090,727381097,727381107,727381097,727384533,0,727384536,727384539,727384543,1,3,5,12,10,0,3436,-727384533,727384536,3,4,3462
336,727406870,727406871,727406872,727406876,727406882,727406890,727406882,727410213,0,727410216,727410218,727410223,1,1,4,10,8,0,3331,-727410213,727410216,2,5,3353
337,727500010,727500011,727500013,727500017,727500023,727500024,727500024,727503102,0,727503105,727503107,727503112,1,2,4,10,1,1,3078,-727503102,727503105,2,5,3102
338,727766267,727766269,727766270,727766274,727766281,727766290,727766282,727769379,0,727769382,727769384,727769390,2,1,4,11,9,1,3097,-727769379,727769382,2,6,3123
339,727782124,727782125,727782127,727782130,727782136,727782145,727782138,727785278,0,727785281,727785283,727785288,1,2,3,9,9,2,3140,-727785278,727785281,2,5,3164
340,728360323,728360324,728360326,728360332,728360338,728360347,728360338,728363310,0,728363312,728363315,728363320,1,2,6,12,9,0,2972,-728363310,728363312,3,5,2997
341,729222463,729222464,729222466,729222471,729222479,729222489,729222479,729225625,0,729225627,729225630,729225635,1,2,5,13,10,0,3146,-729225625,729225627,3,5,3172
342,729226042,729226043,729226045,729226049,729226054,729226062,729226055,729229107,0,729229109,729229113,729229118,1,2,4,9,8,1,3052,-729229107,729229109,4,5,3076
343,729419340,729419341,729419343,729419348,729419354,729419363,729419356,729422401,0,729422404,729422407,729422411,1,2,5,11,9,2,3045,-729422401,729422404,3,4,3071
344,729572837,729572838,729572840,729572845,729572854,729572862,729572852,729576012,0,729576015,729576018,729576023,1,2,5,14,8,-2,3160,-729576012,729576015,3,5,3186
345,729835409,729835410,729835412,729835416,729835423,729835431,729835423,729838611,0,729838613,729838616,729838620,1,2,4,11,8,0,3188,-729838611,729838613,3,4,3211
346,730190176,730190177,730190179,730190184,730190190,730190200,730190191,730192531,0,730192533,730192536,730192540,1,2,5,11,10,1,2340,-730192531,730192533,3,4,2364
347,730932998,730932999,730933000,730933005,730933010,730933020,730933012,730936223,0,730936225,730936228,730936232,1,1,5,10,10,2,3211,-730936223,730936225,3,4,3234
348,730983443,730983444,730983446,730983450,730983455,730983464,730983456,730986929,0,730986932,730986934,730986940,1,2,4,9,9,1,3473,-730986929,730986932,2,6,3497
349,731001990,731001991,731001993,731001996,731002000,731002011,731002003,731005043,0,731005046,731005049,731005054,1,2,3,7,11,3,3040,-731005043,731005046,3,5,3064
350,731005985,731005986,731005988,731005991,731005995,731006004,731005996,731009059,0,731009062,731009064,731009069,1,2,3,7,9,1,3063,-731009059,731009062,2,5,3084
351,731181493,731181494,731181496,731181504,731181509,731181518,731181511,731183764,0,731183766,731183771,731183775,1,2,8,13,9,2,2253,-731183764,731183766,5,4,2282
352,731185255,731185256,731185258,731185261,731185265,731185274,731185266,731187484,0,731187486,731187488,731187493,1,2,3,7,9,1,2218,-731187484,731187486,2,5,2238
353,731456627,731456628,731456630,731456633,731456638,731456648,731456640,731458765,0,731458768,731458770,731458775,1,2,3,8,10,2,2125,-731458765,731458768,2,5,2148
354,732039811,732039812,732039814,732039819,732039824,732039835,732039826,732043370,0,732043373,732043377,732043382,1,2,5,10,11,2,3544,-732043370,732043373,4,5,3571
355,732537801,732537802,732537804,732537811,732537820,732537830,732537819,732540971,0,732540974,732540977,732540982,1,2,7,16,10,-1,3152,-732540971,732540974,3,5,3181
356,732670777,732670778,732670780,732670783,732670788,732670798,732670790,732673398,0,732673401,732673404,732673409,1,2,3,8,10,2,2608,-732673398,732673401,3,5,2632
357,733229018,733229019,733229020,733229026,733229035,733229036,733229033,733232205,0,733232208,733232212,733232216,1,1,6,15,1,-2,3172,-733232205,733232208,4,4,3198
358,734415244,734415245,734415247,734415253,734415258,734415268,734415260,734418296,0,734418299,734418301,734418306,1,2,6,11,10,2,3036,-734418296,734418299,2,5,3062
359,734418485,734418485,734418487,734418490,734418494,734418508,734418496,734421687,0,734421689,734421692,734421697,0,2,3,7,14,2,3191,-734421687,734421689,3,5,3212
360,734422162,734422163,734422165,734422168,734422171,734422180,734422173,734425328,0,734425330,734425332,734425337,1,2,3,6,9,2,3155,-734425328,734425330,2,5,3175
361,734425573,734425574,734425576,734425579,734425583,734425594,734425586,734428543,0,734428546,734428548,734428553,1,2,3,7,11,3,2957,-734428543,734428546,2,5,2980
362,734457715,734457716,734457718,734457724,734457728,734457738,734457730,734459977,0,734459979,734459982,734459986,1,2,6,10,10,2,2247,-734459977,734459979,3,4,2271
363,736386892,736386893,736386895,736386901,736386906,736386920,736386911,736389971,0,736389973,736389977,736389981,1,2,6,11,14,5,3060,-736389971,736389973,4,4,3089
364,736891730,736891731,736891732,736891737,736891742,736891753,736891744,736894715,0,736894718,736894720,736894725,1,1,5,10,11,2,2971,-736894715,736894718,2,5,2995
365,736892282,736892283,736892285,736892288,736892293,736892302,736892295,736895520,0,736895522,736895525,736895529,1,2,3,8,9,2,3225,-736895520,736895522,3,4,3247
366,736995752,736995753,736995755,736995758,736995764,736995773,736995765,736998343,0,736998345,736998348,736998353,1,2,3,9,9,1,2578,-736998343,736998345,3,5,2601
367,737005400,737005401,737005403,737005406,737005410,737005419,737005412,737008836,0,737008839,737008841,737008846,1,2,3,7,9,2,3424,-737008836,737008839,2,5,3446
368,737032705,737032706,737032708,737032712,737032716,737032726,737032718,737035651,0,737035655,737035658,737035662,1,2,4,8,10,2,2933,-737035651,737035655,3,4,2957
369,737312556,737312556,737312558,737312565,737312571,737312581,737312573,737315772,0,737315774,737315780,737315784,0,2,7,13,10,2,3199,-737315772,737315774,6,4,3228
370,738593336,738593337,738593339,738593344,738593350,738593360,738593352,738595868,0,738595871,738595874,738595882,1,2,5,11,10,2,2516,-738595868,738595871,3,8,2546
371,738754646,738754647,738754649,738754653,738754658,738754669,738754660,738756957,0,738756960,738756962,738756967,1,2,4,9,11,2,2297,-738756957,738756960,2,5,2321
372,738966868,738966870,738966872,738966876,738966882,738966892,738966883,738969181,0,738969183,738969186,738969190,2,2,4,10,10,1,2298,-738969181,738969183,3,4,2322
373,739350964,739350965,739350967,739350970,739350975,739350984,739350977,739353351,0,739353354,739353357,739353362,1,2,3,8,9,2,2374,-739353351,739353354,3,5,2398
374,739384931,739384932,739384934,739384937,739384941,739384951,739384943,739388048,0,739388051,739388053,739388058,1,2,3,7,10,2,3105,-739388048,739388051,2,5,3127
375,740270702,740270703,740270705,740270712,740270718,740270728,740270719,740273770,0,740273773,740273776,740273780,1,2,7,13,10,1,3051,-740273770,740273773,3,4,3078
376,740274892,740274893,740274895,740274898,740274903,740274912,740274904,740277048,0,740277051,740277054,740277058,1,2,3,8,9,1,2144,-740277048,740277051,3,4,2166
377,740282820,740282821,740282822,740282825,740282829,740282839,740282831,740284993,0,740284995,740284997,740285001,1,1,3,7,10,2,2162,-740284993,740284995,2,4,2181
378,740334642,740334643,740334645,740334649,740334653,740334663,740334655,740337918,0,740337921,740337923,740337927,1,2,4,8,10,2,3263,-740337918,740337921,2,4,3285
379,740380010,740380011,740380013,740380017,740380021,740380031,740380023,740382865,0,740382867,740382869,740382874,1,2,4,8,10,2,2842,-740382865,740382867,2,5,2864
380,741361549,741361550,741361552,741361556,741361562,741361573,741361565,741364154,0,741364157,741364160,741364165,1,2,4,10,11,3,2589,-741364154,741364157,3,5,2616
381,741907758,741907759,741907760,741907766,741907772,741907782,741907773,741910016,0,741910019,741910022,741910026,1,1,6,12,10,1,2243,-741910016,741910019,3,4,2268
382,741912033,741912034,741912036,741912039,741912044,741912054,741912046,741915202,0,741915204,741915206,741915211,1,2,3,8,10,2,3156,-741915202,741915204,2,5,3178
383,741978006,741978007,741978009,741978013,741978018,741978027,741978019,741981177,0,741981180,741981183,741981187,1,2,4,9,9,1,3158,-741981177,741981180,3,4,3181
384,742198893,742198894,742198896,742198899,742198904,742198913,742198906,742201276,0,742201278,742201281,742201285,1,2,3,8,9,2,2370,-742201276,742201278,3,4,2392
385,742239619,742239619,742239621,742239624,742239629,742239638,742239630,742241877,0,742241879,742241882,742241887,0,2,3,8,9,1,2247,-742241877,742241879,3,5,2268
386,742249657,742249659,742249661,742249664,742249668,742249680,742249673,742251880,0,742251882,742251884,742251889,2,2,3,7,12,5,2207,-742251880,742251882,2,5,2232
387,742375580,742375581,742375582,742375585,742375590,742375599,742375591,742378600,0,742378603,742378605,742378610,1,1,3,8,9,1,3009,-742378600,742378603,2,5,3030
388,742375673,742375674,742375676,742375679,742375682,742375691,742375684,742378765,0,742378767,742378769,742378774,1,2,3,6,9,2,3081,-742378765,742378767,2,5,3101
389,742666888,742666889,742666891,742666895,742666900,742666911,742666902,742669819,0,742669823,742669825,742669830,1,2,4,9,11,2,2917,-742669819,742669823,2,5,2942
390,743040811,743040812,743040814,743040818,743040824,743040834,743040826,743043827,0,743043830,743043833,743043837,1,2,4,10,10,2,3001,-743043827,743043830,3,4,3026
391,743051434,743051435,743051436,743051440,743051444,743051455,743051447,743054534,0,743054537,743054540,743054544,1,1,4,8,11,3,3087,-743054534,743054537,3,4,3110
392,743062826,743062827,743062829,743062833,743062838,743062847,743062839,743065069,0,743065071,743065074,743065078,1,2,4,9,9,1,2230,-743065069,743065071,3,4,2252
393,743108497,743108498,743108500,743108506,743108511,743108521,743108513,743111599,0,743111602,743111604,743111608,1,2,6,11,10,2,3086,-743111599,743111602,2,4,3111
394,743680536,743680537,743680538,743680543,743680549,743680560,743680551,743683759,0,743683763,743683765,743683770,1,1,5,11,11,2,3208,-743683759,743683763,2,5,3234
395,744096256,744096256,744096258,744096262,744096268,744096276,744096269,744098526,0,744098528,744098531,744098536,0,2,4,10,8,1,2257,-744098526,744098528,3,5,2280
396,744098965,744098966,744098967,744098971,744098975,744098985,744098977,744101231,0,744101233,744101236,744101240,1,1,4,8,10,2,2254,-744101231,744101233,3,4,2275
397,744221642,744221643,744221645,744221648,744221653,744221663,744221654,744224514,0,744224517,744224520,744224524,1,2,3,8,10,1,2860,-744224514,744224517,3,4,2882
398,745681715,745681716,745681718,745681723,745681728,745681740,745681731,745684053,0,745684055,745684058,745684062,1,2,5,10,12,3,2322,-745684053,745684055,3,4,2347
399,745958961,745958962,745958964,745958968,745958973,745958984,745958975,745961910,0,745961912,745961915,745961919,1,2,4,9,11,2,2935,-745961910,745961912,3,4,2958
400,745993423,745993424,745993426,745993429,745993435,745993443,745993437,745996404,0,745996406,745996409,745996413,1,2,3,9,8,2,2967,-745996404,745996406,3,4,2990
401,746097274,746097275,746097276,746097281,746097287,746097297,746097289,746100381,0,746100383,746100386,746100391,1,1,5,11,10,2,3092,-746100381,746100383,3,5,3117
402,746101256,746101257,746101259,746101263,746101267,746101277,746101269,746104563,0,746104566,746104568,746104573,1,2,4,8,10,2,3294,-746104563,746104566,2,5,3317
403,746105082,746105083,746105085,746105088,746105092,746105101,746105094,746108231,0,746108235,746108238,746108246,1,2,3,7,9,2,3137,-746108231,746108235,3,8,3164
404,746314764,746314768,746314768,746314776,746314786,746314796,746314783,746318123,0,746318125,746318130,746318135,4,0,8,18,10,-3,3340,-746318123,746318125,5,5,3371
405,746318536,746318537,746318539,746318543,746318548,746318556,746318549,746321816,0,746321818,746321821,746321826,1,2,4,9,8,1,3267,-746321816,746321818,3,5,3290
406,747381787,747381788,747381790,747381795,747381802,747381812,747381803,747384327,0,747384329,747384333,747384338,1,2,5,12,10,1,2524,-747384327,747384329,4,5,2551
407,747443458,747443459,747443461,747443464,747443468,747443479,747443471,747446233,0,747446236,747446238,747446243,1,2,3,7,11,3,2762,-747446233,747446236,2,5,2785
408,747496437,747496438,747496440,747496443,747496447,747496456,747496449,747498860,0,747498863,747498866,747498871,1,2,3,7,9,2,2411,-747498860,747498863,3,5,2434
409,747616512,747616513,747616515,747616521,747616528,747616538,747616530,747619667,0,747619669,747619673,747619678,1,2,6,13,10,2,3137,-747619667,747619669,4,5,3166
410,748761346,748761350,748761363,2147483647,2147483647,748761393,2147483647,2147483647,2147483647,2147483647,2147483647,2147483647,4,13,1398722284,1398722284,-1398722254,0,0,0,0,0,0,1398722301
411,748761348,748761349,748761351,2147483647,2147483647,748761361,2147483647,2147483647,2147483647,2147483647,2147483647,2147483647,1,2,1398722296,1398722296,-1398722286,0,0,0,0,0,0,1398722299
412,748761863,748761864,748761866,2147483647,2147483647,748761874,2147483647,2147483647,2147483647,2147483647,2147483647,2147483647,1,2,1398721781,1398721781,-1398721773,0,0,0,0,0,0,1398721784
413,748761876,748761877,748761879,2147483647,2147483647,748761895,2147483647,2147483647,2147483647,2147483647,2147483647,2147483647,1,2,1398721768,1398721768,-1398721752,0,0,0,0,0,0,1398721771
414,748761920,748761921,748761923,2147483647,2147483647,748761934,2147483647,2147483647,2147483647,2147483647,2147483647,2147483647,1,2,1398721724,1398721724,-1398721713,0,0,0,0,0,0,1398721727
415,748767751,748767752,748767754,2147483647,2147483647,748767764,2147483647,2147483647,2147483647,2147483647,2147483647,2147483647,1,2,1398715893,1398715893,-1398715883,0,0,0,0,0,0,1398715896
416,748767801,748767802,748767804,2147483647,2147483647,748767808,2147483647,2147483647,2147483647,2147483647,2147483647,2147483647,1,2,1398715843,1398715843,-1398715839,0,0,0,0,0,0,1398715846
417,748767818,748767819,748767820,2147483647,2147483647,748767824,2147483647,2147483647,2147483647,2147483647,2147483647,2147483647,1,1,1398715827,1398715827,-1398715823,0,0,0,0,0,0,1398715829
418,748767935,748767936,748767938,2147483647,2147483647,748767941,2147483647,2147483647,2147483647,2147483647,2147483647,2147483647,1,2,1398715709,1398715709,-1398715706,0,0,0,0,0,0,1398715712
419,748767984,748767984,748767986,2147483647,2147483647,748767990,2147483647,2147483647,2147483647,2147483647,2147483647,2147483647,0,2,1398715661,1398715661,-1398715657,0,0,0,0,0,0,1398715663
420,748768129,748768129,748768131,2147483647,2147483647,748768137,2147483647,2147483647,2147483647,2147483647,2147483647,2147483647,0,2,1398715516,1398715516,-1398715510,0,0,0,0,0,0,1398715518
421,748768132,748768132,748768138,2147483647,2147483647,748768148,2147483647,2147483647,2147483647,2147483647,2147483647,2147483647,0,6,1398715509,1398715509,-1398715499,0,0,0,0,0,0,1398715515
422,748768155,748768155,748768157,2147483647,2147483647,748768161,2147483647,2147483647,2147483647,2147483647,2147483647,2147483647,0,2,1398715490,1398715490,-1398715486,0,0,0,0,0,0,1398715492
423,748768171,748768172,748768174,2147483647,2147483647,748768178,2147483647,2147483647,2147483647,2147483647,2147483647,2147483647,1,2,1398715473,1398715473,-1398715469,0,0,0,0,0,0,1398715476
424,748768305,748768306,748768307,2147483647,2147483647,748768313,2147483647,2147483647,2147483647,2147483647,2147483647,2147483647,1,1,1398715340,1398715340,-1398715334,0,0,0,0,0,0,1398715342
425,748791564,748791565,748791567,2147483647,2147483647,748791576,2147483647,2147483647,2147483647,2147483647,2147483647,2147483647,1,2,1398692080,1398692080,-1398692071,0,0,0,0,0,0,1398692083
426,748791604,748791605,748791607,2147483647,2147483647,748791613,2147483647,2147483647,2147483647,2147483647,2147483647,2147483647,1,2,1398692040,1398692040,-1398692034,0,0,0,0,0,0,1398692043
427,748791655,748791656,748791658,2147483647,2147483647,748791662,2147483647,2147483647,2147483647,2147483647,2147483647,2147483647,1,2,1398691989,1398691989,-1398691985,0,0,0,0,0,0,1398691992
428,748791675,748791675,748791677,2147483647,2147483647,748791681,2147483647,2147483647,2147483647,2147483647,2147483647,2147483647,0,2,1398691970,1398691970,-1398691966,0,0,0,0,0,0,1398691972
429,748791763,748791764,748791766,2147483647,2147483647,748791770,2147483647,2147483647,2147483647,2147483647,2147483647,2147483647,1,2,1398691881,1398691881,-1398691877,0,0,0,0,0,0,1398691884
430,748884813,748884814,748884816,748884820,748884827,748884838,748884830,748888323,0,748888326,748888329,748888333,1,2,4,11,11,3,3493,-748888323,748888326,3,4,3520
431,748927496,748927497,748927499,748927505,748927510,748927520,748927511,748930891,0,748930893,748930896,748930901,1,2,6,11,10,1,3380,-748930891,748930893,3,5,3405
432,749204595,749204596,749204598,749204603,749204608,749204619,749204610,749207043,0,749207046,749207048,749207053,1,2,5,10,11,2,2433,-749207043,749207046,2,5,2458
433,749931839,749931840,749931842,749931849,749931857,749931866,749931856,749935112,0,749935114,749935117,749935121,1,2,7,15,9,-1,3256,-749935112,749935114,3,4,3282
434,750762152,750762153,750762155,2147483647,2147483647,750762162,2147483647,2147483647,2147483647,2147483647,2147483647,2147483647,1,2,1396721492,1396721492,-1396721485,0,0,0,0,0,0,1396721495
435,750762181,750762182,750762183,2147483647,2147483647,750762193,2147483647,2147483647,2147483647,2147483647,2147483647,2147483647,1,1,1396721464,1396721464,-1396721454,0,0,0,0,0,0,1396721466
436,750762241,750762242,750762244,2147483647,2147483647,750762248,2147483647,2147483647,2147483647,2147483647,2147483647,2147483647,1,2,1396721403,1396721403,-1396721399,0,0,0,0,0,0,1396721406
437,750762263,750762264,750762265,2147483647,2147483647,750762270,2147483647,2147483647,2147483647,2147483647,2147483647,2147483647,1,1,1396721382,1396721382,-1396721377,0,0,0,0,0,0,1396721384
438,750762310,750762311,750762312,2147483647,2147483647,750762316,2147483647,2147483647,2147483647,2147483647,2147483647,2147483647,1,1,1396721335,1396721335,-1396721331,0,0,0,0,0,0,1396721337
439,750768193,750768194,750768196,2147483647,2147483647,750768199,2147483647,2147483647,2147483647,2147483647,2147483647,2147483647,1,2,1396715451,1396715451,-1396715448,0,0,0,0,0,0,1396715454
440,750768504,750768505,750768507,2147483647,2147483647,750768511,2147483647,2147483647,2147483647,2147483647,2147483647,2147483647,1,2,1396715140,1396715140,-1396715136,0,0,0,0,0,0,1396715143
441,750768583,750768584,750768585,2147483647,2147483647,750768589,2147483647,2147483647,2147483647,2147483647,2147483647,2147483647,1,1,1396715062,1396715062,-1396715058,0,0,0,0,0,0,1396715064
442,750768610,750768611,750768612,2147483647,2147483647,750768616,2147483647,2147483647,2147483647,2147483647,2147483647,2147483647,1,1,1396715035,1396715035,-1396715031,0,0,0,0,0,0,1396715037
443,750768627,750768628,750768630,2147483647,2147483647,750768634,2147483647,2147483647,2147483647,2147483647,2147483647,2147483647,1,2,1396715017,1396715017,-1396715013,0,0,0,0,0,0,1396715020
444,750768647,750768647,750768649,2147483647,2147483647,750768653,2147483647,2147483647,2147483647,2147483647,2147483647,2147483647,0,2,1396714998,1396714998,-1396714994,0,0,0,0,0,0,1396715000
445,750791896,750791896,750791898,2147483647,2147483647,750791904,2147483647,2147483647,2147483647,2147483647,2147483647,2147483647,0,2,1396691749,1396691749,-1396691743,0,0,0,0,0,0,1396691751
446,750791924,750791925,750791927,2147483647,2147483647,750791935,2147483647,2147483647,2147483647,2147483647,2147483647,2147483647,1,2,1396691720,1396691720,-1396691712,0,0,0,0,0,0,1396691723
447,750791958,750791959,750791960,2147483647,2147483647,750791964,2147483647,2147483647,2147483647,2147483647,2147483647,2147483647,1,1,1396691687,1396691687,-1396691683,0,0,0,0,0,0,1396691689
448,750792032,750792033,750792034,2147483647,2147483647,750792038,2147483647,2147483647,2147483647,2147483647,2147483647,2147483647,1,1,1396691613,1396691613,-1396691609,0,0,0,0,0,0,1396691615
449,750792091,750792092,750792094,2147483647,2147483647,750792097,2147483647,2147483647,2147483647,2147483647,2147483647,2147483647,1,2,1396691553,1396691553,-1396691550,0,0,0,0,0,0,1396691556
450,750938371,750938372,750938374,2147483647,2147483647,750938387,2147483647,2147483647,2147483647,2147483647,2147483647,2147483647,1,2,1396545273,1396545273,-1396545260,0,0,0,0,0,0,1396545276
451,750938381,750938382,750938388,2147483647,2147483647,750938399,2147483647,2147483647,2147483647,2147483647,2147483647,2147483647,1,6,1396545259,1396545259,-1396545248,0,0,0,0,0,0,1396545266
452,750938421,750938422,750938423,2147483647,2147483647,750938427,2147483647,2147483647,2147483647,2147483647,2147483647,2147483647,1,1,1396545224,1396545224,-1396545220,0,0,0,0,0,0,1396545226
453,750938468,750938469,750938471,2147483647,2147483647,750938479,2147483647,2147483647,2147483647,2147483647,2147483647,2147483647,1,2,1396545176,1396545176,-1396545168,0,0,0,0,0,0,1396545179
454,750938471,750938472,750938475,2147483647,2147483647,750938485,2147483647,2147483647,2147483647,2147483647,2147483647,2147483647,1,3,1396545172,1396545172,-1396545162,0,0,0,0,0,0,1396545176
455,751180083,751180084,751180086,2147483647,2147483647,751180090,2147483647,2147483647,2147483647,2147483647,2147483647,2147483647,1,2,1396303561,1396303561,-1396303557,0,0,0,0,0,0,1396303564
456,751969390,751969391,751969393,751969399,751969407,751969418,751969408,751972681,0,751972683,751972687,751972691,1,2,6,14,11,1,3273,-751972681,751972683,4,4,3301
457,751975528,751975529,751975530,751975534,751975538,751975549,751975541,751977782,0,751977784,751977787,751977792,1,1,4,8,11,3,2241,-751977782,751977784,3,5,2264
458,752768471,752768473,752768475,2147483647,2147483647,752768483,2147483647,2147483647,2147483647,2147483647,2147483647,2147483647,2,2,1394715172,1394715172,-1394715164,0,0,0,0,0,0,1394715176
459,752768486,752768487,752768488,2147483647,2147483647,752768515,2147483647,2147483647,2147483647,2147483647,2147483647,2147483647,1,1,1394715159,1394715159,-1394715132,0,0,0,0,0,0,1394715161
460,752768496,752768497,752768498,2147483647,2147483647,752768510,2147483647,2147483647,2147483647,2147483647,2147483647,2147483647,1,1,1394715149,1394715149,-1394715137,0,0,0,0,0,0,1394715151
461,752768525,752768526,752768528,2147483647,2147483647,752768533,2147483647,2147483647,2147483647,2147483647,2147483647,2147483647,1,2,1394715119,1394715119,-1394715114,0,0,0,0,0,0,1394715122
462,752768568,752768569,752768571,2147483647,2147483647,752768575,2147483647,2147483647,2147483647,2147483647,2147483647,2147483647,1,2,1394715076,1394715076,-1394715072,0,0,0,0,0,0,1394715079
463,752792237,752792238,752792240,2147483647,2147483647,752792250,2147483647,2147483647,2147483647,2147483647,2147483647,2147483647,1,2,1394691407,1394691407,-1394691397,0,0,0,0,0,0,1394691410
464,752792254,752792255,752792257,2147483647,2147483647,752792261,2147483647,2147483647,2147483647,2147483647,2147483647,2147483647,1,2,1394691390,1394691390,-1394691386,0,0,0,0,0,0,1394691393
465,752792313,752792314,752792316,2147483647,2147483647,752792320,2147483647,2147483647,2147483647,2147483647,2147483647,2147483647,1,2,1394691331,1394691331,-1394691327,0,0,0,0,0,0,1394691334
466,752792398,752792399,752792401,2147483647,2147483647,752792409,2147483647,2147483647,2147483647,2147483647,2147483647,2147483647,1,2,1394691246,1394691246,-1394691238,0,0,0,0,0,0,1394691249
467,752792402,752792402,752792405,2147483647,2147483647,752792416,2147483647,2147483647,2147483647,2147483647,2147483647,2147483647,0,3,1394691242,1394691242,-1394691231,0,0,0,0,0,0,1394691245
468,752938752,752938753,752938755,2147483647,2147483647,752938761,2147483647,2147483647,2147483647,2147483647,2147483647,2147483647,1,2,1394544892,1394544892,-1394544886,0,0,0,0,0,0,1394544895
469,752938780,752938781,752938782,2147483647,2147483647,752938786,2147483647,2147483647,2147483647,2147483647,2147483647,2147483647,1,1,1394544865,1394544865,-1394544861,0,0,0,0,0,0,1394544867
470,752938818,752938819,752938821,2147483647,2147483647,752938824,2147483647,2147483647,2147483647,2147483647,2147483647,2147483647,1,2,1394544826,1394544826,-1394544823,0,0,0,0,0,0,1394544829
471,752938836,752938837,752938838,2147483647,2147483647,752938841,2147483647,2147483647,2147483647,2147483647,2147483647,2147483647,1,1,1394544809,1394544809,-1394544806,0,0,0,0,0,0,1394544811
472,752938851,752938852,752938854,2147483647,2147483647,752938857,2147483647,2147483647,2147483647,2147483647,2147483647,2147483647,1,2,1394544793,1394544793,-1394544790,0,0,0,0,0,0,1394544796
473,752969581,752969582,752969584,752969588,752969594,752969604,752969596,752972550,0,752972553,752972556,752972561,1,2,4,10,10,2,2954,-752972550,752972553,3,5,2980
474,753180339,753180340,753180342,2147483647,2147483647,753180347,2147483647,2147483647,2147483647,2147483647,2147483647,2147483647,1,2,1394303305,1394303305,-1394303300,0,0,0,0,0,0,1394303308
475,753180362,753180363,753180364,753180371,753180384,753180385,753180373,753373233,753373233,753373235,753373239,753373244,1,1,7,20,1,-11,192860,0,2,4,5,192882
476,753180383,753180384,753180387,753180391,753180396,753180406,753180400,753373249,753373249,753373251,753373253,753373256,1,3,4,9,10,4,192849,0,2,2,3,192873
477,754768848,754768849,754768851,2147483647,2147483647,754768861,2147483647,2147483647,2147483647,2147483647,2147483647,2147483647,1,2,1392714796,1392714796,-1392714786,0,0,0,0,0,0,1392714799
478,754768889,754768890,754768892,2147483647,2147483647,754768897,2147483647,2147483647,2147483647,2147483647,2147483647,2147483647,1,2,1392714755,1392714755,-1392714750,0,0,0,0,0,0,1392714758
479,754768928,754768929,754768931,2147483647,2147483647,754768935,2147483647,2147483647,2147483647,2147483647,2147483647,2147483647,1,2,1392714716,1392714716,-1392714712,0,0,0,0,0,0,1392714719
480,754768946,754768948,754768953,2147483647,2147483647,754768965,2147483647,2147483647,2147483647,2147483647,2147483647,2147483647,2,5,1392714694,1392714694,-1392714682,0,0,0,0,0,0,1392714701
481,754768946,754768947,754768949,2147483647,2147483647,754768960,2147483647,2147483647,2147483647,2147483647,2147483647,2147483647,1,2,1392714698,1392714698,-1392714687,0,0,0,0,0,0,1392714701
482,754792540,754792541,754792543,2147483647,2147483647,754792548,2147483647,2147483647,2147483647,2147483647,2147483647,2147483647,1,2,1392691104,1392691104,-1392691099,0,0,0,0,0,0,1392691107
483,754792623,754792624,754792626,2147483647,2147483647,754792629,2147483647,2147483647,2147483647,2147483647,2147483647,2147483647,1,2,1392691021,1392691021,-1392691018,0,0,0,0,0,0,1392691024
484,754792639,754792640,754792641,2147483647,2147483647,754792650,2147483647,2147483647,2147483647,2147483647,2147483647,2147483647,1,1,1392691006,1392691006,-1392690997,0,0,0,0,0,0,1392691008
485,754792668,754792669,754792671,2147483647,2147483647,754792675,2147483647,2147483647,2147483647,2147483647,2147483647,2147483647,1,2,1392690976,1392690976,-1392690972,0,0,0,0,0,0,1392690979
486,754792691,754792692,754792694,2147483647,2147483647,754792697,2147483647,2147483647,2147483647,2147483647,2147483647,2147483647,1,2,1392690953,1392690953,-1392690950,0,0,0,0,0,0,1392690956
487,754867496,754867497,754867499,754867506,754867514,754867515,754867514,754870630,0,754870632,754870636,754870641,1,2,7,15,1,0,3116,-754870630,754870632,4,5,3145
488,755370467,755370468,755370470,755370476,755370486,755370486,755370483,755373786,0,755373789,755373791,755373796,1,2,6,16,0,-3,3303,-755373786,755373789,2,5,3329
489,755388173,755388174,755388176,755388179,755388185,755388195,755388186,755391552,0,755391555,755391557,755391562,1,2,3,9,10,1,3366,-755391552,755391555,2,5,3389
490,755546836,755546837,755546839,755546843,755546850,755546858,755546850,755550151,0,755550154,755550156,755550161,1,2,4,11,8,0,3301,-755550151,755550154,2,5,3325
491,757564943,757564944,757564946,757564953,757564961,757564972,757564962,757567947,0,757567949,757567952,757567957,1,2,7,15,11,1,2985,-757567947,757567949,3,5,3014
492,757739182,757739183,757739185,757739190,757739196,757739204,757739197,757741529,0,757741531,757741534,757741539,1,2,5,11,8,1,2332,-757741529,757741531,3,5,2357
493,763218795,763218796,763218798,763218810,763218822,763218825,763218821,763221180,0,763221184,763221188,763221192,1,2,12,24,3,-1,2359,-763221180,763221184,4,4,2397
494,763750542,763750543,763750544,763750552,763750558,763750568,763750560,763752826,0,763752829,763752831,763752836,1,1,8,14,10,2,2266,-763752826,763752829,2,5,2294
495,763935807,763935808,763935810,763935817,763935827,763935835,763935823,763938988,0,763938991,763938994,763938998,1,2,7,17,8,-4,3165,-763938988,763938991,3,4,3191
496,763984792,763984793,763984794,763984799,763984805,763984816,763984805,763987933,0,763987935,763987938,763987943,1,1,5,11,11,0,3128,-763987933,763987935,3,5,3151
497,764048141,764048142,764048144,764048148,764048154,764048163,764048154,764051379,0,764051382,764051384,764051389,1,2,4,10,9,0,3225,-764051379,764051382,2,5,3248
498,764400487,764400488,764400490,764400498,764400508,764400520,764400508,764403804,0,764403806,764403810,764403815,1,2,8,18,12,0,3296,-764403804,764403806,4,5,3328
499,764532385,764532386,764532388,764532392,764532398,764532408,764532399,764535387,0,764535389,764535392,764535397,1,2,4,10,10,1,2988,-764535387,764535389,3,5,3012
500,764534998,764534999,764535000,764535003,764535008,764535017,764535009,764537292,0,764537294,764537296,764537301,1,1,3,8,9,1,2283,-764537292,764537294,2,5,2303
501,764621507,764621507,764621509,764621513,764621518,764621527,764621520,764623731,0,764623733,764623736,764623740,0,2,4,9,9,2,2211,-764623731,764623733,3,4,2233
502,764621537,764621537,764621540,764621542,764621546,764621554,764621547,764623788,0,764623790,764623792,764623796,0,3,2,6,8,1,2241,-764623788,764623790,2,4,2259
503,764775693,764775694,764775696,764775700,764775705,764775714,764775706,764778120,0,764778122,764778125,764778130,1,2,4,9,9,1,2414,-764778120,764778122,3,5,2437
504,764869296,764869296,764869298,764869302,764869306,764869316,764869308,764871773,0,764871776,764871778,764871783,0,2,4,8,10,2,2465,-764871773,764871776,2,5,2487
505,765199503,765199504,765199506,765199510,765199514,765199524,765199516,765201766,0,765201769,765201771,765201776,1,2,4,8,10,2,2250,-765201766,765201769,2,5,2273
506,765314570,765314571,765314573,765314576,765314581,765314591,765314583,765317590,0,765317593,765317595,765317600,1,2,3,8,10,2,3007,-765317590,765317593,2,5,3030
507,765495093,765495094,765495096,765495099,765495103,765495113,765495105,765497824,0,765497826,765497829,765497834,1,2,3,7,10,2,2719,-765497824,765497826,3,5,2741
508,766690688,766690689,766690691,766690696,766690701,766690713,766690705,766693151,0,766693154,766693156,766693161,1,2,5,10,12,4,2446,-766693151,766693154,2,5,2473
509,766995952,766995953,766995955,766995959,766995964,766995973,766995966,766998229,0,766998232,766998234,766998239,1,2,4,9,9,2,2263,-766998229,766998232,2,5,2287
510,767000395,767000396,767000397,767000401,767000405,767000414,767000406,767003461,0,767003464,767003467,767003473,1,1,4,8,9,1,3055,-767003461,767003464,3,6,3078
511,767316760,767316761,767316763,767316768,767316773,767316786,767316775,767319193,0,767319196,767319199,767319203,1,2,5,10,13,2,2418,-767319193,767319196,3,4,2443
512,767629210,767629211,767629213,767629218,767629227,767629236,767629225,767632728,0,767632730,767632734,767632739,1,2,5,14,9,-2,3503,-767632728,767632730,4,5,3529
513,767646017,767646018,767646020,767646024,767646030,767646038,767646030,767649254,0,767649257,767649259,767649264,1,2,4,10,8,0,3224,-767649254,767649257,2,5,3247
514,769263485,769263485,769263487,769263493,769263504,769263505,769263504,769266821,0,769266824,769266826,769266831,0,2,6,17,1,0,3317,-769266821,769266824,2,5,3346
515,769423880,769423881,769423882,769423888,769423894,769423903,769423896,769426650,0,769426653,769426655,769426660,1,1,6,12,9,2,2754,-769426650,769426653,2,5,2780
516,769635620,769635621,769635622,769635628,769635633,769635644,769635635,769638664,0,769638667,769638670,769638674,1,1,6,11,11,2,3029,-769638664,769638667,3,4,3054
517,769680558,769680559,769680561,2147483647,2147483647,769680571,2147483647,2147483647,2147483647,2147483647,2147483647,2147483647,1,2,1377803086,1377803086,-1377803076,0,0,0,0,0,0,1377803089
518,769680564,769680566,769680574,2147483647,2147483647,769680586,2147483647,2147483647,2147483647,2147483647,2147483647,2147483647,2,8,1377803073,1377803073,-1377803061,0,0,0,0,0,0,1377803083
519,769681318,769681321,769681322,2147483647,2147483647,769681335,2147483647,2147483647,2147483647,2147483647,2147483647,2147483647,3,1,1377802325,1377802325,-1377802312,0,0,0,0,0,0,1377802329
520,769681323,769681324,769681330,2147483647,2147483647,769681342,2147483647,2147483647,2147483647,2147483647,2147483647,2147483647,1,6,1377802317,1377802317,-1377802305,0,0,0,0,0,0,1377802324
521,769681404,769681405,769681407,2147483647,2147483647,769681413,2147483647,2147483647,2147483647,2147483647,2147483647,2147483647,1,2,1377802240,1377802240,-1377802234,0,0,0,0,0,0,1377802243
522,769681409,769681410,769681414,2147483647,2147483647,769681418,2147483647,2147483647,2147483647,2147483647,2147483647,2147483647,1,4,1377802233,1377802233,-1377802229,0,0,0,0,0,0,1377802238
523,769681459,769681460,769681462,2147483647,2147483647,769681474,2147483647,2147483647,2147483647,2147483647,2147483647,2147483647,1,2,1377802185,1377802185,-1377802173,0,0,0,0,0,0,1377802188
524,769706370,769706371,769706373,2147483647,2147483647,769706378,2147483647,2147483647,2147483647,2147483647,2147483647,2147483647,1,2,1377777274,1377777274,-1377777269,0,0,0,0,0,0,1377777277
525,769706380,769706381,769706383,2147483647,2147483647,769706397,2147483647,2147483647,2147483647,2147483647,2147483647,2147483647,1,2,1377777264,1377777264,-1377777250,0,0,0,0,0,0,1377777267
526,769706485,769706486,769706488,2147483647,2147483647,769706491,2147483647,2147483647,2147483647,2147483647,2147483647,2147483647,1,2,1377777159,1377777159,-1377777156,0,0,0,0,0,0,1377777162
527,769706493,769706494,769706496,2147483647,2147483647,769706512,2147483647,2147483647,2147483647,2147483647,2147483647,2147483647,1,2,1377777151,1377777151,-1377777135,0,0,0,0,0,0,1377777154
528,769706521,769706522,769706523,2147483647,2147483647,769706527,2147483647,2147483647,2147483647,2147483647,2147483647,2147483647,1,1,1377777124,1377777124,-1377777120,0,0,0,0,0,0,1377777126
529,769741526,769741526,769741528,2147483647,2147483647,769741534,2147483647,2147483647,2147483647,2147483647,2147483647,2147483647,0,2,1377742119,1377742119,-1377742113,0,0,0,0,0,0,1377742121
530,769741566,769741567,769741569,2147483647,2147483647,769741572,2147483647,2147483647,2147483647,2147483647,2147483647,2147483647,1,2,1377742078,1377742078,-1377742075,0,0,0,0,0,0,1377742081
531,769741581,769741581,769741583,2147483647,2147483647,769741587,2147483647,2147483647,2147483647,2147483647,2147483647,2147483647,0,2,1377742064,1377742064,-1377742060,0,0,0,0,0,0,1377742066
532,769741635,769741636,769741637,2147483647,2147483647,769741641,2147483647,2147483647,2147483647,2147483647,2147483647,2147483647,1,1,1377742010,1377742010,-1377742006,0,0,0,0,0,0,1377742012
533,769741700,769741701,769741702,2147483647,2147483647,769741706,2147483647,2147483647,2147483647,2147483647,2147483647,2147483647,1,1,1377741945,1377741945,-1377741941,0,0,0,0,0,0,1377741947
534,769750767,769750768,769750770,769750773,769750778,769750788,769750780,769753364,0,769753366,769753370,769753374,1,2,3,8,10,2,2584,-769753364,769753366,4,4,2607
535,769885087,769885088,769885090,769885094,769885099,769885109,769885101,769888065,0,769888068,769888072,769888077,1,2,4,9,10,2,2964,-769888065,769888068,4,5,2990
536,769897435,769897436,769897438,769897441,769897446,769897455,769897447,769900386,0,769900389,769900392,769900396,1,2,3,8,9,1,2939,-769900386,769900389,3,4,2961
537,771403505,771403506,771403508,771403514,771403520,771403530,771403521,771405813,0,771405816,771405819,771405824,1,2,6,12,10,1,2292,-771405813,771405816,3,5,2319
538,771680838,771680839,771680841,2147483647,2147483647,771680849,2147483647,2147483647,2147483647,2147483647,2147483647,2147483647,1,2,1375802806,1375802806,-1375802798,0,0,0,0,0,0,1375802809
539,771680861,771680861,771680863,2147483647,2147483647,771680868,2147483647,2147483647,2147483647,2147483647,2147483647,2147483647,0,2,1375802784,1375802784,-1375802779,0,0,0,0,0,0,1375802786
540,771680880,771680881,771680883,2147483647,2147483647,771680887,2147483647,2147483647,2147483647,2147483647,2147483647,2147483647,1,2,1375802764,1375802764,-1375802760,0,0,0,0,0,0,1375802767
541,771680945,771680945,771680947,2147483647,2147483647,771680952,2147483647,2147483647,2147483647,2147483647,2147483647,2147483647,0,2,1375802700,1375802700,-1375802695,0,0,0,0,0,0,1375802702
542,771680950,771680951,771680952,2147483647,2147483647,771680960,2147483647,2147483647,2147483647,2147483647,2147483647,2147483647,1,1,1375802695,1375802695,-1375802687,0,0,0,0,0,0,1375802697
543,771681751,771681752,771681754,2147483647,2147483647,771681758,2147483647,2147483647,2147483647,2147483647,2147483647,2147483647,1,2,1375801893,1375801893,-1375801889,0,0,0,0,0,0,1375801896
544,771681810,771681813,771681817,2147483647,2147483647,771681830,2147483647,2147483647,2147483647,2147483647,2147483647,2147483647,3,4,1375801830,1375801830,-1375801817,0,0,0,0,0,0,1375801837
545,771681811,771681811,771681813,2147483647,2147483647,771681821,2147483647,2147483647,2147483647,2147483647,2147483647,2147483647,0,2,1375801834,1375801834,-1375801826,0,0,0,0,0,0,1375801836
546,771681826,771681826,771681828,2147483647,2147483647,771681841,2147483647,2147483647,2147483647,2147483647,2147483647,2147483647,0,2,1375801819,1375801819,-1375801806,0,0,0,0,0,0,1375801821
547,771681857,771681858,771681860,2147483647,2147483647,771681863,2147483647,2147483647,2147483647,2147483647,2147483647,2147483647,1,2,1375801787,1375801787,-1375801784,0,0,0,0,0,0,1375801790
548,771706750,771706751,771706753,2147483647,2147483647,771706756,2147483647,2147483647,2147483647,2147483647,2147483647,2147483647,1,2,1375776894,1375776894,-1375776891,0,0,0,0,0,0,1375776897
549,771706758,771706759,771706761,2147483647,2147483647,771706776,2147483647,2147483647,2147483647,2147483647,2147483647,2147483647,1,2,1375776886,1375776886,-1375776871,0,0,0,0,0,0,1375776889
550,771706779,771706780,771706782,2147483647,2147483647,771706785,2147483647,2147483647,2147483647,2147483647,2147483647,2147483647,1,2,1375776865,1375776865,-1375776862,0,0,0,0,0,0,1375776868
551,771706787,771706788,771706790,2147483647,2147483647,771706803,2147483647,2147483647,2147483647,2147483647,2147483647,2147483647,1,2,1375776857,1375776857,-1375776844,0,0,0,0,0,0,1375776860
552,771706820,771706821,771706823,2147483647,2147483647,771706826,2147483647,2147483647,2147483647,2147483647,2147483647,2147483647,1,2,1375776824,1375776824,-1375776821,0,0,0,0,0,0,1375776827
553,771741937,771741938,771741940,2147483647,2147483647,771741944,2147483647,2147483647,2147483647,2147483647,2147483647,2147483647,1,2,1375741707,1375741707,-1375741703,0,0,0,0,0,0,1375741710
554,771741978,771741978,771741980,2147483647,2147483647,771741984,2147483647,2147483647,2147483647,2147483647,2147483647,2147483647,0,2,1375741667,1375741667,-1375741663,0,0,0,0,0,0,1375741669
555,771741997,771741998,771742000,2147483647,2147483647,771742003,2147483647,2147483647,2147483647,2147483647,2147483647,2147483647,1,2,1375741647,1375741647,-1375741644,0,0,0,0,0,0,1375741650
556,771742020,771742021,771742023,2147483647,2147483647,771742032,2147483647,2147483647,2147483647,2147483647,2147483647,2147483647,1,2,1375741624,1375741624,-1375741615,0,0,0,0,0,0,1375741627
557,771742035,771742036,771742037,2147483647,2147483647,771742040,2147483647,2147483647,2147483647,2147483647,2147483647,2147483647,1,1,1375741610,1375741610,-1375741607,0,0,0,0,0,0,1375741612
558,771939299,771939300,771939302,2147483647,2147483647,771939315,2147483647,2147483647,2147483647,2147483647,2147483647,2147483647,1,2,1375544345,1375544345,-1375544332,0,0,0,0,0,0,1375544348
559,771939328,771939328,771939330,2147483647,2147483647,771939334,2147483647,2147483647,2147483647,2147483647,2147483647,2147483647,0,2,1375544317,1375544317,-1375544313,0,0,0,0,0,0,1375544319
560,771939343,771939344,771939346,2147483647,2147483647,771939350,2147483647,2147483647,2147483647,2147483647,2147483647,2147483647,1,2,1375544301,1375544301,-1375544297,0,0,0,0,0,0,1375544304
561,771939405,771939406,771939408,2147483647,2147483647,771939411,2147483647,2147483647,2147483647,2147483647,2147483647,2147483647,1,2,1375544239,1375544239,-1375544236,0,0,0,0,0,0,1375544242
562,771939484,771939485,771939487,2147483647,2147483647,771939490,2147483647,2147483647,2147483647,2147483647,2147483647,2147483647,1,2,1375544160,1375544160,-1375544157,0,0,0,0,0,0,1375544163
563,772186277,772186278,772186280,2147483647,2147483647,772186287,2147483647,2147483647,2147483647,2147483647,2147483647,2147483647,1,2,1375297367,1375297367,-1375297360,0,0,0,0,0,0,1375297370
564,772893543,772893544,772893545,772893552,772893563,772893573,772893562,772896839,0,772896842,772896845,772896850,1,1,7,18,10,-1,3277,-772896839,772896842,3,5,3307
565,772897420,772897421,772897423,772897427,772897433,772897441,772897433,772900458,0,772900460,772900462,772900466,1,2,4,10,8,0,3025,-772900458,772900460,2,4,3046
566,772984980,772984981,772984983,772984987,772984994,772985003,772984993,772988245,0,772988247,772988249,772988254,1,2,4,11,9,-1,3252,-772988245,772988247,2,5,3274
567,773681226,773681228,773681229,2147483647,2147483647,773681238,2147483647,2147483647,2147483647,2147483647,2147483647,2147483647,2,1,1373802418,1373802418,-1373802409,0,0,0,0,0,0,1373802421
568,773681254,773681255,773681257,2147483647,2147483647,773681262,2147483647,2147483647,2147483647,2147483647,2147483647,2147483647,1,2,1373802390,1373802390,-1373802385,0,0,0,0,0,0,1373802393
569,773681269,773681270,773681271,2147483647,2147483647,773681276,2147483647,2147483647,2147483647,2147483647,2147483647,2147483647,1,1,1373802376,1373802376,-1373802371,0,0,0,0,0,0,1373802378
570,773681289,773681290,773681291,2147483647,2147483647,773681296,2147483647,2147483647,2147483647,2147483647,2147483647,2147483647,1,1,1373802356,1373802356,-1373802351,0,0,0,0,0,0,1373802358
571,773681295,773681296,773681297,2147483647,2147483647,773681304,2147483647,2147483647,2147483647,2147483647,2147483647,2147483647,1,1,1373802350,1373802350,-1373802343,0,0,0,0,0,0,1373802352
572,773742285,773742286,773742288,2147483647,2147483647,773742293,2147483647,2147483647,2147483647,2147483647,2147483647,2147483647,1,2,1373741359,1373741359,-1373741354,0,0,0,0,0,0,1373741362
573,773742307,773742309,773742310,2147483647,2147483647,773742314,2147483647,2147483647,2147483647,2147483647,2147483647,2147483647,2,1,1373741337,1373741337,-1373741333,0,0,0,0,0,0,1373741340
574,773742323,773742324,773742326,2147483647,2147483647,773742335,2147483647,2147483647,2147483647,2147483647,2147483647,2147483647,1,2,1373741321,1373741321,-1373741312,0,0,0,0,0,0,1373741324
575,773742355,773742356,773742358,2147483647,2147483647,773742362,2147483647,2147483647,2147483647,2147483647,2147483647,2147483647,1,2,1373741289,1373741289,-1373741285,0,0,0,0,0,0,1373741292
576,773742381,773742382,773742384,2147483647,2147483647,773742388,2147483647,2147483647,2147483647,2147483647,2147483647,2147483647,1,2,1373741263,1373741263,-1373741259,0,0,0,0,0,0,1373741266
577,773898504,773898505,773898507,773898511,773898521,773898531,773898520,773901708,0,773901711,773901715,773901720,1,2,4,14,10,-1,3188,-773901708,773901711,4,5,3216
578,773939793,773939794,773939796,2147483647,2147483647,773939803,2147483647,2147483647,2147483647,2147483647,2147483647,2147483647,1,2,1373543851,1373543851,-1373543844,0,0,0,0,0,0,1373543854
579,773939881,773939882,773939884,2147483647,2147483647,773939888,2147483647,2147483647,2147483647,2147483647,2147483647,2147483647,1,2,1373543763,1373543763,-1373543759,0,0,0,0,0,0,1373543766
580,773939915,773939915,773939917,2147483647,2147483647,773939921,2147483647,2147483647,2147483647,2147483647,2147483647,2147483647,0,2,1373543730,1373543730,-1373543726,0,0,0,0,0,0,1373543732
581,773939931,773939932,773939934,2147483647,2147483647,773939937,2147483647,2147483647,2147483647,2147483647,2147483647,2147483647,1,2,1373543713,1373543713,-1373543710,0,0,0,0,0,0,1373543716
582,773939950,773939950,773939952,2147483647,2147483647,773939960,2147483647,2147483647,2147483647,2147483647,2147483647,2147483647,0,2,1373543695,1373543695,-1373543687,0,0,0,0,0,0,1373543697
583,774186489,774186490,774186492,2147483647,2147483647,774186496,2147483647,2147483647,2147483647,2147483647,2147483647,2147483647,1,2,1373297155,1373297155,-1373297151,0,0,0,0,0,0,1373297158
584,775742687,775742688,775742690,2147483647,2147483647,775742704,2147483647,2147483647,2147483647,2147483647,2147483647,2147483647,1,2,1371740957,1371740957,-1371740943,0,0,0,0,0,0,1371740960
585,775742695,775742696,775742699,2147483647,2147483647,775742712,2147483647,2147483647,2147483647,2147483647,2147483647,2147483647,1,3,1371740948,1371740948,-1371740935,0,0,0,0,0,0,1371740952
586,775742739,775742740,775742742,2147483647,2147483647,775742745,2147483647,2147483647,2147483647,2147483647,2147483647,2147483647,1,2,1371740905,1371740905,-1371740902,0,0,0,0,0,0,1371740908
587,775742771,775742772,775742773,2147483647,2147483647,775742780,2147483647,2147483647,2147483647,2147483647,2147483647,2147483647,1,1,1371740874,1371740874,-1371740867,0,0,0,0,0,0,1371740876
588,775742786,775742787,775742789,2147483647,2147483647,775742792,2147483647,2147483647,2147483647,2147483647,2147483647,2147483647,1,2,1371740858,1371740858,-1371740855,0,0,0,0,0,0,1371740861
589,775940213,775940214,775940215,2147483647,2147483647,775940222,2147483647,2147483647,2147483647,2147483647,2147483647,2147483647,1,1,1371543432,1371543432,-1371543425,0,0,0,0,0,0,1371543434
590,775940218,775940219,775940222,2147483647,2147483647,775940226,2147483647,2147483647,2147483647,2147483647,2147483647,2147483647,1,3,1371543425,1371543425,-1371543421,0,0,0,0,0,0,1371543429
591,775940243,775940244,775940246,2147483647,2147483647,775940250,2147483647,2147483647,2147483647,2147483647,2147483647,2147483647,1,2,1371543401,1371543401,-1371543397,0,0,0,0,0,0,1371543404
592,775940248,775940249,775940250,2147483647,2147483647,775940257,2147483647,2147483647,2147483647,2147483647,2147483647,2147483647,1,1,1371543397,1371543397,-1371543390,0,0,0,0,0,0,1371543399
593,775940299,775940300,775940302,2147483647,2147483647,775940310,2147483647,2147483647,2147483647,2147483647,2147483647,2147483647,1,2,1371543345,1371543345,-1371543337,0,0,0,0,0,0,1371543348
594,776725724,776725726,776725728,776725737,776725752,776725753,776725738,776879550,776879550,776879552,776879556,776879560,2,2,9,24,1,-14,153812,0,2,4,4,153836
595,777116685,777116686,777116688,777116696,777116705,777116716,777116704,777119676,0,777119679,777119684,777119689,1,2,8,17,11,-1,2972,-777119676,777119679,5,5,3004
596,777681791,777681792,777681794,2147483647,2147483647,777681804,2147483647,2147483647,2147483647,2147483647,2147483647,2147483647,1,2,1369801853,1369801853,-1369801843,0,0,0,0,0,0,1369801856
597,777681816,777681820,777681822,2147483647,2147483647,777681828,2147483647,2147483647,2147483647,2147483647,2147483647,2147483647,4,2,1369801825,1369801825,-1369801819,0,0,0,0,0,0,1369801831
598,777681957,777681958,777681959,2147483647,2147483647,777681965,2147483647,2147483647,2147483647,2147483647,2147483647,2147483647,1,1,1369801688,1369801688,-1369801682,0,0,0,0,0,0,1369801690
599,777681976,777681976,777681978,2147483647,2147483647,777681983,2147483647,2147483647,2147483647,2147483647,2147483647,2147483647,0,2,1369801669,1369801669,-1369801664,0,0,0,0,0,0,1369801671
600,777681982,777681983,777681984,2147483647,2147483647,777681992,2147483647,2147483647,2147483647,2147483647,2147483647,2147483647,1,1,1369801663,1369801663,-1369801655,0,0,0,0,0,0,1369801665
601,777940569,777940570,777940572,2147483647,2147483647,777940580,2147483647,2147483647,2147483647,2147483647,2147483647,2147483647,1,2,1369543075,1369543075,-1369543067,0,0,0,0,0,0,1369543078
602,777940593,777940594,777940596,2147483647,2147483647,777940600,2147483647,2147483647,2147483647,2147483647,2147483647,2147483647,1,2,1369543051,1369543051,-1369543047,0,0,0,0,0,0,1369543054
603,777940619,777940620,777940622,2147483647,2147483647,777940631,2147483647,2147483647,2147483647,2147483647,2147483647,2147483647,1,2,1369543025,1369543025,-1369543016,0,0,0,0,0,0,1369543028
604,777940623,777940623,777940626,2147483647,2147483647,777940636,2147483647,2147483647,2147483647,2147483647,2147483647,2147483647,0,3,1369543021,1369543021,-1369543011,0,0,0,0,0,0,1369543024
605,777940684,777940684,777940686,2147483647,2147483647,777940690,2147483647,2147483647,2147483647,2147483647,2147483647,2147483647,0,2,1369542961,1369542961,-1369542957,0,0,0,0,0,0,1369542963
606,778753433,778753434,778753436,778753442,778753451,778753452,778753451,778756447,0,778756450,778756453,778756457,1,2,6,15,1,0,2996,-778756447,778756450,3,4,3024
607,778848089,778848090,778848092,778848099,778848104,778848114,778848106,778850499,0,778850501,778850504,778850508,1,2,7,12,10,2,2393,-778850499,778850501,3,4,2419
608,778864188,778864189,778864191,778864195,778864199,778864209,778864201,778866867,0,778866870,778866872,778866877,1,2,4,8,10,2,2666,-778866867,778866870,2,5,2689
609,778867216,778867217,778867219,778867222,778867226,778867234,778867227,778869509,0,778869512,778869514,778869518,1,2,3,7,8,1,2282,-778869509,778869512,2,4,2302
610,779965019,779965020,779965022,779965027,779965034,779965043,779965035,779967726,0,779967729,779967732,779967736,1,2,5,12,9,1,2691,-779967726,779967729,3,4,2717
611,780964336,780964337,780964339,780964346,780964356,780964365,780964355,780967440,0,780967443,780967448,780967452,1,2,7,17,9,-1,3085,-780967440,780967443,5,4,3116
612,781277210,781277211,781277213,781277217,781277223,781277224,781277223,781280449,0,781280452,781280455,781280460,1,2,4,10,1,0,3226,-781280449,781280452,3,5,3250
613,781380384,781380385,781380387,781380390,781380396,781380405,781380397,781383749,0,781383752,781383754,781383759,1,2,3,9,9,1,3352,-781383749,781383752,2,5,3375
614,781403071,781403072,781403073,781403077,781403083,781403091,781403083,781406187,0,781406190,781406193,781406198,1,1,4,10,8,0,3104,-781406187,781406190,3,5,3127
615,781575146,781575147,781575149,781575153,781575158,781575168,781575160,781578255,0,781578258,781578260,781578265,1,2,4,9,10,2,3095,-781578255,781578258,2,5,3119
616,782501789,782501790,782501792,782501797,782501804,782501813,782501805,782504298,0,782504301,782504304,782504308,1,2,5,12,9,1,2493,-782504298,782504301,3,4,2519
617,783029739,783029740,783029742,783029754,783029767,783029768,783029756,783201294,783201294,783201296,783201300,783201305,1,2,12,25,1,-11,171538,0,2,4,5,171566
618,783807649,783807650,783807652,783807658,783807666,783807668,783807666,783810229,0,783810232,783810236,783810240,1,2,6,14,2,0,2563,-783810229,783810232,4,4,2591
619,783910907,783910908,783910910,783910915,783910920,783910931,783910922,783913268,0,783913270,783913273,783913277,1,2,5,10,11,2,2346,-783913268,783913270,3,4,2370
620,783913901,783913902,783913904,783913908,783913912,783913922,783913914,783916226,0,783916228,783916231,783916236,1,2,4,8,10,2,2312,-783916226,783916228,3,5,2335
621,784159060,784159061,784159063,784159067,784159072,784159081,784159073,784161925,0,784161927,784161931,784161936,1,2,4,9,9,1,2852,-784161925,784161927,4,5,2876
622,784869863,784869864,784869866,784869871,784869876,784869887,784869878,784872944,0,784872946,784872949,784872954,1,2,5,10,11,2,3066,-784872944,784872946,3,5,3091
623,784886224,784886225,784886227,784886231,784886235,784886246,784886237,784889603,0,784889605,784889607,784889611,1,2,4,8,11,2,3366,-784889603,784889605,2,4,3387
624,784969156,784969157,784969159,784969163,784969167,784969181,784969173,784971457,0,784971461,784971463,784971468,1,2,4,8,14,6,2284,-784971457,784971461,2,5,2312
625,786074445,786074446,786074448,786074456,786074467,786074477,786074463,786077610,0,786077613,786077618,786077623,1,2,8,19,10,-4,3147,-786077610,786077613,5,5,3178
626,786409374,786409375,786409377,786409382,786409388,786409397,786409389,786412432,0,786412435,786412438,786412442,1,2,5,11,9,1,3043,-786412432,786412435,3,4,3068
627,787418473,787418474,787418476,787418481,787418486,787418497,787418488,787421227,0,787421229,787421232,787421236,1,2,5,10,11,2,2739,-787421227,787421229,3,4,2763
628,787455641,787455642,787455643,787455649,787455657,787455657,787455655,787458729,0,787458731,787458734,787458739,1,1,6,14,0,-2,3074,-787458729,787458731,3,5,3098
629,787500198,787500199,787500201,787500216,787500228,787500229,787500217,787663714,787663714,787663716,787663720,787663725,1,2,15,27,1,-11,163497,0,2,4,5,163527
630,787910706,787910707,787910708,787910714,787910721,787910730,787910722,787913944,0,787913946,787913949,787913953,1,1,6,13,9,1,3222,-787913944,787913946,3,4,3247
631,787910803,787910804,787910806,787910809,787910813,787910814,787910813,787912993,0,787912996,787912999,787913003,1,2,3,7,1,0,2180,-787912993,787912996,3,4,2200
632,787915348,787915349,787915351,787915355,787915359,787915370,787915362,787918177,0,787918181,787918184,787918188,1,2,4,8,11,3,2815,-787918177,787918181,3,4,2840
633,787922847,787922848,787922850,787922853,787922859,787922867,787922860,787925493,0,787925497,787925500,787925507,1,2,3,9,8,1,2633,-787925493,787925497,3,7,2660
634,788002279,788002280,788002282,788002290,788002297,788002307,788002296,788005206,0,788005209,788005211,788005216,1,2,8,15,10,-1,2910,-788005206,788005209,2,5,2937
635,788069535,788069536,788069538,788069542,788069548,788069549,788069548,788071866,0,788071868,788071871,788071876,1,2,4,10,1,0,2318,-788071866,788071868,3,5,2341
636,788110076,788110077,788110079,788110083,788110089,788110099,788110089,788112999,0,788113002,788113005,788113009,1,2,4,10,10,0,2910,-788112999,788113002,3,4,2933
637,789443952,789443953,789443955,789443960,789443966,789443977,789443968,789446856,0,789446859,789446862,789446866,1,2,5,11,11,2,2888,-789446856,789446859,3,4,2914
638,789449246,789449247,789449248,789449252,789449257,789449267,789449259,789452270,0,789452273,789452276,789452281,1,1,4,9,10,2,3011,-789452270,789452273,3,5,3035
639,789725944,789725945,789725947,789725952,789725958,789725968,789725960,789729162,0,789729165,789729169,789729174,1,2,5,11,10,2,3202,-789729162,789729165,4,5,3230
640,789929924,789929925,789929927,789929933,789929939,789929948,789929940,789932109,0,789932112,789932115,789932119,1,2,6,12,9,1,2169,-789932109,789932112,3,4,2195
641,790112326,790112326,790112328,790112332,790112336,790112346,790112338,790115438,0,790115442,790115444,790115449,0,2,4,8,10,2,3100,-790115438,790115442,2,5,3123
642,790152540,790152541,790152543,790152549,790152555,790152556,790152556,790155801,0,790155803,790155806,790155810,1,2,6,12,1,1,3245,-790155801,790155803,3,4,3270
643,790793241,790793242,790793244,790793248,790793254,790793263,790793255,790796511,0,790796514,790796519,790796523,1,2,4,10,9,1,3256,-790796511,790796514,5,4,3282
644,790797564,790797565,790797567,790797570,790797575,790797585,790797577,790800215,0,790800218,790800220,790800225,1,2,3,8,10,2,2638,-790800215,790800218,2,5,2661
645,790803265,790803266,790803268,790803271,790803275,790803284,790803276,790805727,0,790805730,790805734,790805739,1,2,3,7,9,1,2451,-790805727,790805730,4,5,2474
646,790911291,790911292,790911294,790911298,790911302,790911312,790911304,790914676,0,790914678,790914681,790914685,1,2,4,8,10,2,3372,-790914676,790914678,3,4,3394
647,790964147,790964148,790964149,790964153,790964158,790964168,790964160,790967009,0,790967011,790967014,790967019,1,1,4,9,10,2,2849,-790967009,790967011,3,5,2872
648,791021796,791021797,791021799,791021802,791021807,791021818,791021809,791024030,0,791024033,791024035,791024040,1,2,3,8,11,2,2221,-791024030,791024033,2,5,2244
649,791065050,791065051,791065053,791065056,791065061,791065071,791065062,791068109,0,791068111,791068113,791068119,1,2,3,8,10,1,3047,-791068109,791068111,2,6,3069
650,793146818,793146818,793146820,793146826,793146833,793146842,793146833,793149115,0,793149118,793149121,793149125,0,2,6,13,9,0,2282,-793149115,793149118,3,4,2307
651,793230049,793230050,793230052,793230056,793230061,793230070,793230062,793232996,0,793232999,793233002,793233006,1,2,4,9,9,1,2934,-793232996,793232999,3,4,2957
652,793231814,793231815,793231817,793231821,793231825,793231835,793231827,793234572,0,793234575,793234577,793234582,1,2,4,8,10,2,2745,-793234572,793234575,2,5,2768
653,793326818,793326819,793326821,793326824,793326829,793326839,793326831,793329834,0,793329837,793329839,793329844,1,2,3,8,10,2,3003,-793329834,793329837,2,5,3026
654,793514620,793514621,793514623,793514626,793514631,793514641,793514633,793517710,0,793517713,793517715,793517720,1,2,3,8,10,2,3077,-793517710,793517713,2,5,3100
655,793564806,793564807,793564809,793564814,793564819,793564829,793564821,793567981,0,793567984,793567987,793567991,1,2,5,10,10,2,3160,-793567981,793567984,3,4,3185
656,793787652,793787653,793787655,793787668,793787679,793787681,793787671,793961629,793961629,793961631,793961635,793961640,1,2,13,24,2,-8,173958,0,2,4,5,173988
657,795585774,795585775,795585777,795585782,795585789,795585790,795585789,795589365,0,795589368,795589371,795589376,1,2,5,12,1,0,3576,-795589365,795589368,3,5,3602
658,795600282,795600283,795600285,795600288,795600293,795600302,795600294,795602673,0,795602677,795602680,795602685,1,2,3,8,9,1,2379,-795602673,795602677,3,5,2403
659,798368302,798368303,798368305,798368315,798368329,798368331,798368326,798371640,0,798371643,798371647,798371652,1,2,10,24,2,-3,3314,-798371640,798371643,4,5,3350
660,799482849,799482850,799482852,799482859,799482868,799482878,799482866,799486104,0,799486107,799486110,799486115,1,2,7,16,10,-2,3238,-799486104,799486107,3,5,3266
661,799900757,799900758,799900760,2147483647,2147483647,799900772,2147483647,2147483647,2147483647,2147483647,2147483647,2147483647,1,2,1347582887,1347582887,-1347582875,0,0,0,0,0,0,1347582890
662,799900800,799900801,799900803,2147483647,2147483647,799900811,2147483647,2147483647,2147483647,2147483647,2147483647,2147483647,1,2,1347582844,1347582844,-1347582836,0,0,0,0,0,0,1347582847
663,799900854,799900855,799900856,2147483647,2147483647,799900869,2147483647,2147483647,2147483647,2147483647,2147483647,2147483647,1,1,1347582791,1347582791,-1347582778,0,0,0,0,0,0,1347582793
664,799900861,799900862,799900863,2147483647,2147483647,799900878,2147483647,2147483647,2147483647,2147483647,2147483647,2147483647,1,1,1347582784,1347582784,-1347582769,0,0,0,0,0,0,1347582786
665,799901321,799901322,799901324,2147483647,2147483647,799901334,2147483647,2147483647,2147483647,2147483647,2147483647,2147483647,1,2,1347582323,1347582323,-1347582313,0,0,0,0,0,0,1347582326
666,799926112,799926113,799926115,799926118,799926127,799926128,799926127,799929274,0,799929276,799929279,799929284,1,2,3,12,1,0,3147,-799929274,799929276,3,5,3172
667,799946433,799946434,799946436,799946439,799946446,799946455,799946446,799949597,0,799949600,799949603,799949608,1,2,3,10,9,0,3151,-799949597,799949600,3,5,3175
668,800004271,800004272,800004274,800004278,800004284,800004293,800004285,800007351,0,800007353,800007357,800007362,1,2,4,10,9,1,3066,-800007351,800007353,4,5,3091
669,801901628,801901632,801901643,2147483647,2147483647,801901655,2147483647,2147483647,2147483647,2147483647,2147483647,2147483647,4,11,1345582004,1345582004,-1345581992,0,0,0,0,0,0,1345582019
670,801901629,801901630,801901633,2147483647,2147483647,801901641,2147483647,2147483647,2147483647,2147483647,2147483647,2147483647,1,3,1345582014,1345582014,-1345582006,0,0,0,0,0,0,1345582018
671,801901691,801901692,801901694,2147483647,2147483647,801901698,2147483647,2147483647,2147483647,2147483647,2147483647,2147483647,1,2,1345581953,1345581953,-1345581949,0,0,0,0,0,0,1345581956
672,801901718,801901719,801901720,2147483647,2147483647,801901725,2147483647,2147483647,2147483647,2147483647,2147483647,2147483647,1,1,1345581927,1345581927,-1345581922,0,0,0,0,0,0,1345581929
673,801901744,801901745,801901747,2147483647,2147483647,801901751,2147483647,2147483647,2147483647,2147483647,2147483647,2147483647,1,2,1345581900,1345581900,-1345581896,0,0,0,0,0,0,1345581903
674,802223235,802223237,802223239,802223248,802223260,802223263,802223258,802226441,0,802226444,802226447,802226451,2,2,9,21,3,-2,3183,-802226441,802226444,3,4,3216
675,802224770,802224771,802224773,802224778,802224783,802224794,802224785,802227078,0,802227081,802227083,802227087,1,2,5,10,11,2,2293,-802227078,802227081,2,4,2317
676,802224774,802224775,802224789,802224792,802224798,802224819,802224808,802228076,0,802228078,802228080,802228084,1,14,3,9,21,10,3268,-802228076,802228078,2,4,3310
677,802226891,802226892,802226894,802226898,802226904,802226913,802226904,802230174,0,802230176,802230178,802230183,1,2,4,10,9,0,3270,-802230174,802230176,2,5,3292
678,802242779,802242780,802242782,802242786,802242791,802242803,802242793,802246058,0,802246061,802246064,802246069,1,2,4,9,12,2,3265,-802246058,802246061,3,5,3290
679,802745283,802745284,802745286,802745294,802745301,802745302,802745301,802748462,0,802748465,802748467,802748472,1,2,8,15,1,0,3161,-802748462,802748465,2,5,3189
680,802762078,802762079,802762081,802762086,802762092,802762102,802762093,802765305,0,802765307,802765310,802765314,1,2,5,11,10,1,3212,-802765305,802765307,3,4,3236
681,802974505,802974506,802974508,802974513,802974522,802974534,802974525,802977718,0,802977721,802977725,802977730,1,2,5,14,12,3,3193,-802977718,802977721,4,5,3225
682,803005221,803005222,803005224,803005231,803005238,803005247,803005237,803008550,0,803008553,803008555,803008562,1,2,7,14,9,-1,3313,-803008550,803008553,2,7,3341
683,803250266,803250268,803250270,803250274,803250281,803250283,803250282,803253643,0,803253646,803253649,803253654,2,2,4,11,2,1,3361,-803253643,803253646,3,5,3388
684,803318207,803318208,803318210,803318218,803318225,803318233,803318225,803321538,0,803321541,803321544,803321548,1,2,8,15,8,0,3313,-803321538,803321541,3,4,3341
685,803425539,803425540,803425542,803425548,803425555,803425565,803425556,803428973,0,803428976,803428979,803428983,1,2,6,13,10,1,3417,-803428973,803428976,3,4,3444
686,803425545,803425545,803425560,803425563,803425568,803425592,803425581,803429123,0,803429125,803429127,803429136,0,15,3,8,24,13,3542,-803429123,803429125,2,9,3591
687,803429581,803429582,803429584,803429587,803429593,803429603,803429594,803432642,0,803432644,803432646,803432652,1,2,3,9,10,1,3048,-803432642,803432644,2,6,3071
688,803468427,803468428,803468430,803468435,803468441,803468442,803468441,803471818,0,803471822,803471824,803471829,1,2,5,11,1,0,3377,-803471818,803471822,2,5,3402
689,803506851,803506852,803506854,803506858,803506865,803506876,803506866,803510073,0,803510076,803510078,803510082,1,2,4,11,11,1,3207,-803510073,803510076,2,4,3231
690,803509483,803509484,803509486,803509489,803509494,803509509,803509496,803512540,0,803512542,803512544,803512549,1,2,3,8,15,2,3044,-803512540,803512542,2,5,3066
691,803510580,803510581,803510583,803510587,803510593,803510603,803510594,803513763,0,803513766,803513768,803513772,1,2,4,10,10,1,3169,-803513763,803513766,2,4,3192
692,803512651,803512652,803512654,803512657,803512663,803512674,803512665,803515773,0,803515775,803515777,803515781,1,2,3,9,11,2,3108,-803515773,803515775,2,4,3130
693,803754821,803754823,803754824,803754829,803754836,803754843,803754836,803758071,0,803758075,803758077,803758082,2,1,5,12,7,0,3235,-803758071,803758075,2,5,3261
694,803793492,803793493,803793495,803793500,803793509,803793520,803793511,803796733,0,803796736,803796738,803796743,1,2,5,14,11,2,3222,-803796733,803796736,2,5,3251
695,803901969,803901970,803901972,2147483647,2147483647,803901982,2147483647,2147483647,2147483647,2147483647,2147483647,2147483647,1,2,1343581675,1343581675,-1343581665,0,0,0,0,0,0,1343581678
696,803901977,803901978,803901983,2147483647,2147483647,803901997,2147483647,2147483647,2147483647,2147483647,2147483647,2147483647,1,5,1343581664,1343581664,-1343581650,0,0,0,0,0,0,1343581670
697,803902065,803902068,803902075,2147483647,2147483647,803902089,2147483647,2147483647,2147483647,2147483647,2147483647,2147483647,3,7,1343581572,1343581572,-1343581558,0,0,0,0,0,0,1343581582
698,803902066,803902067,803902069,2147483647,2147483647,803902079,2147483647,2147483647,2147483647,2147483647,2147483647,2147483647,1,2,1343581578,1343581578,-1343581568,0,0,0,0,0,0,1343581581
699,803902094,803902095,803902096,2147483647,2147483647,803902101,2147483647,2147483647,2147483647,2147483647,2147483647,2147483647,1,1,1343581551,1343581551,-1343581546,0,0,0,0,0,0,1343581553
700,804047762,804047762,804047764,804047768,804047775,804047782,804047776,804050940,0,804050943,804050946,804050952,0,2,4,11,7,1,3164,-804050940,804050943,3,6,3190
701,804409342,804409343,804409345,804409349,804409355,804409366,804409356,804412589,0,804412592,804412594,804412599,1,2,4,10,11,1,3233,-804412589,804412592,2,5,3257
702,804425601,804425602,804425604,804425607,804425613,804425624,804425615,804428798,0,804428801,804428804,804428809,1,2,3,9,11,2,3183,-804428798,804428801,3,5,3208
703,804667102,804667103,804667105,804667110,804667117,804667123,804667117,804670605,0,804670607,804670610,804670615,1,2,5,12,6,0,3488,-804670605,804670607,3,5,3513
704,804854636,804854637,804854639,804854644,804854652,804854653,804854652,804858100,0,804858103,804858107,804858111,1,2,5,13,1,0,3448,-804858100,804858103,4,4,3475
705,805235827,805235828,805235830,805235836,805235845,805235846,805235843,805239182,0,805239184,805239188,805239193,1,2,6,15,1,-2,3339,-805239182,805239184,4,5,3366
706,805412356,805412357,805412359,805412363,805412369,805412377,805412369,805415610,0,805415613,805415615,805415620,1,2,4,10,8,0,3241,-805415610,805415613,2,5,3264
707,805420812,805420813,805420815,805420818,805420824,805420833,805420825,805423997,0,805423999,805424003,805424008,1,2,3,9,9,1,3172,-805423997,805423999,4,5,3196
708,805505820,805505821,805505823,805505827,805505834,805505842,805505833,805509097,0,805509100,805509104,805509108,1,2,4,11,8,-1,3264,-805509097,805509100,4,4,3288
709,805572989,805572990,805572992,805572997,805573005,805573014,805573004,805576208,0,805576210,805576214,805576218,1,2,5,13,9,-1,3204,-805576208,805576210,4,4,3229
710,805598171,805598172,805598175,805598181,805598186,805598196,805598187,805600481,0,805600485,805600487,805600492,1,3,6,11,10,1,2294,-805600481,805600485,2,5,2321
711,805633654,805633655,805633657,805633661,805633668,805633677,805633667,805636848,0,805636850,805636853,805636858,1,2,4,11,9,-1,3181,-805636848,805636850,3,5,3204
712,805755500,805755506,805755507,805755511,805755518,805755528,805755518,805758577,0,805758580,805758583,805758587,6,1,4,11,10,0,3059,-805758577,805758580,3,4,3087
713,805759304,805759305,805759307,805759310,805759316,805759327,805759319,805762384,0,805762387,805762390,805762395,1,2,3,9,11,3,3065,-805762384,805762387,3,5,3091
714,805762961,805762962,805762963,805762967,805762972,805762981,805762974,805766025,0,805766028,805766030,805766035,1,1,4,9,9,2,3051,-805766025,805766028,2,5,3074
715,805766635,805766636,805766638,805766641,805766647,805766655,805766647,805769769,0,805769772,805769775,805769780,1,2,3,9,8,0,3122,-805769769,805769772,3,5,3145
716,806048316,806048317,806048319,806048324,806048332,806048332,806048331,806051430,0,806051433,806051436,806051441,1,2,5,13,0,-1,3099,-806051430,806051433,3,5,3125
717,806052306,806052307,806052309,806052312,806052318,806052325,806052318,806055792,0,806055795,806055797,806055802,1,2,3,9,7,0,3474,-806055792,806055795,2,5,3496
718,806148254,806148255,806148256,806148261,806148267,806148269,806148268,806151476,0,806151479,806151481,806151486,1,1,5,11,2,1,3208,-806151476,806151479,2,5,3232
719,806562270,806562274,806562274,806562280,806562288,806562299,806562287,806566321,0,806566324,806566328,806566332,4,0,6,14,11,-1,4034,-806566321,806566324,4,4,4062
720,806562328,806562329,806562331,806562334,806562339,806562349,806562340,806566454,0,806566456,806566458,806566462,1,2,3,8,10,1,4114,-806566454,806566456,2,4,4134
721,806731955,806731956,806731958,806731965,806731972,806731980,806731973,806735397,0,806735400,806735402,806735407,1,2,7,14,8,1,3424,-806735397,806735400,2,5,3452
722,806883459,806883461,806883463,806883467,806883473,806883483,806883474,806886699,0,806886702,806886704,806886709,2,2,4,10,10,1,3225,-806886699,806886702,2,5,3250
723,807177181,807177183,807177184,807177189,807177196,807177206,807177195,807180731,0,807180734,807180737,807180742,2,1,5,12,10,-1,3536,-807180731,807180734,3,5,3561
724,807177220,807177221,807177223,807177226,807177231,807177239,807177230,807180849,0,807180850,807180851,807180859,1,2,3,8,8,-1,3619,-807180849,807180850,1,8,3639
725,807334858,807334859,807334861,807334867,807334873,807334874,807334873,807338284,0,807338287,807338290,807338294,1,2,6,12,1,0,3411,-807338284,807338287,3,4,3436
726,807334864,807334865,807334878,807334881,807334886,807334901,807334885,807338442,0,807338444,807338446,807338452,1,13,3,8,15,-1,3557,-807338442,807338444,2,6,3588
727,807484203,807484204,807484206,807484211,807484218,807484229,807484219,807487468,0,807487470,807487473,807487478,1,2,5,12,11,1,3249,-807487468,807487470,3,5,3275
728,807763375,807763376,807763377,807763384,807763393,807763394,807763391,807766362,0,807766365,807766370,807766376,1,1,7,16,1,-2,2971,-807766362,807766365,5,6,3001
729,808069382,808069383,808069385,808069389,808069396,808069407,808069395,808072553,0,808072556,808072558,808072564,1,2,4,11,11,-1,3158,-808072553,808072556,2,6,3182
730,808148040,808148041,808148043,808148049,808148056,808148062,808148056,808151204,0,808151206,808151208,808151213,1,2,6,13,6,0,3148,-808151204,808151206,2,5,3173
731,808188376,808188377,808188379,808188383,808188389,808188399,808188390,808191677,0,808191681,808191683,808191688,1,2,4,10,10,1,3287,-808191677,808191681,2,5,3312
732,808282220,808282221,808282222,808282226,808282232,808282243,808282233,808285508,0,808285510,808285512,808285517,1,1,4,10,11,1,3275,-808285508,808285510,2,5,3297
733,808375471,808375472,808375474,808375480,808375489,808375490,808375486,808378575,0,808378578,808378580,808378585,1,2,6,15,1,-3,3089,-808378575,808378578,2,5,3114
734,808392259,808392260,808392262,808392269,808392274,808392281,808392275,808394961,0,808394964,808394966,808394971,1,2,7,12,7,1,2686,-808394961,808394964,2,5,2712
735,808420259,808420260,808420262,808420265,808420270,808420285,808420273,808422631,0,808422633,808422635,808422640,1,2,3,8,15,3,2358,-808422631,808422633,2,5,2381
736,808438277,808438278,808438280,808438284,808438290,808438301,808438292,808441509,0,808441511,808441513,808441518,1,2,4,10,11,2,3217,-808441509,808441511,2,5,3241
737,808439716,808439717,808439719,808439722,808439727,808439737,808439728,808442928,0,808442930,808442932,808442936,1,2,3,8,10,1,3200,-808442928,808442930,2,4,3220
738,808622271,808622272,808622274,808622277,808622283,808622307,808622287,808625506,0,808625509,808625511,808625514,1,2,3,9,24,4,3219,-808625506,808625509,2,3,3243
739,808622279,808622280,808622288,808622291,808622295,808622307,808622317,808625640,0,808625642,808625644,808625648,1,8,3,7,12,22,3323,-808625640,808625642,2,4,3369
740,808626955,808626957,808626958,808626962,808626968,808626976,808626968,808630076,0,808630078,808630080,808630084,2,1,4,10,8,0,3108,-808630076,808630078,2,4,3129
741,808630184,808630185,808630187,808630190,808630196,808630196,808630196,808633677,0,808633679,808633681,808633686,1,2,3,9,0,0,3481,-808633677,808633679,2,5,3502
742,808699273,808699274,808699276,808699281,808699288,808699299,808699288,808702431,0,808702434,808702437,808702441,1,2,5,12,11,0,3143,-808702431,808702434,3,4,3168
743,808885277,808885278,808885280,808885284,808885289,808885297,808885291,808888078,0,808888082,808888085,808888090,1,2,4,9,8,2,2787,-808888078,808888082,3,5,2813
744,808933278,808933279,808933281,808933285,808933291,808933301,808933292,808936748,0,808936750,808936753,808936759,1,2,4,10,10,1,3456,-808936748,808936750,3,6,3481
745,809036293,809036294,809036295,809036301,809036307,809036315,809036308,809039487,0,809039489,809039492,809039497,1,1,6,12,8,1,3179,-809039487,809039489,3,5,3204
746,809107285,809107288,809107290,809107294,809107301,809107312,809107301,809110546,0,809110549,809110552,809110556,3,2,4,11,11,0,3245,-809110546,809110549,3,4,3271
747,809278999,809279000,809279002,809279007,809279016,809279026,809279014,809282277,0,809282279,809282282,809282286,1,2,5,14,10,-2,3263,-809282277,809282279,3,4,3287
748,809428552,809428553,809428555,809428560,809428567,809428568,809428567,809431787,0,809431789,809431792,809431798,1,2,5,12,1,0,3220,-809431787,809431789,3,6,3246
749,809432055,809432056,809432057,809432062,809432068,809432077,809432068,809435299,0,809435301,809435303,809435308,1,1,5,11,9,0,3231,-809435299,809435301,2,5,3253
750,809486930,809486931,809486934,809486938,809486944,809486955,809486945,809490202,0,809490204,809490208,809490213,1,3,4,10,11,1,3257,-809490202,809490204,4,5,3283
751,809652323,809652324,809652326,809652331,809652338,809652339,809652338,809655543,0,809655546,809655549,809655554,1,2,5,12,1,0,3205,-809655543,809655546,3,5,3231
752,809789765,809789766,809789768,809789775,809789782,809789789,809789782,809792977,0,809792979,809792982,809792988,1,2,7,14,7,0,3195,-809792977,809792979,3,6,3223
753,810073050,810073051,810073053,810073058,810073065,810073074,810073064,810076476,0,810076480,810076482,810076487,1,2,5,12,9,-1,3412,-810076476,810076480,2,5,3437
754,810158196,810158197,810158199,810158203,810158209,810158216,810158210,810161326,0,810161329,810161332,810161336,1,2,4,10,7,1,3116,-810161326,810161329,3,4,3140
755,812040556,812040556,812040558,812040565,812040572,812040582,812040573,812043032,0,812043035,812043038,812043042,0,2,7,14,10,1,2459,-812043032,812043035,3,4,2486
756,812273956,812273957,812273959,812273965,812273973,812273981,812273972,812277344,0,812277347,812277350,812277354,1,2,6,14,8,-1,3372,-812277344,812277347,3,4,3398
757,812282068,812282069,812282071,812282076,812282084,812282094,812282083,812285289,0,812285292,812285296,812285301,1,2,5,13,10,-1,3206,-812285289,812285292,4,5,3233
758,812295599,812295600,812295602,812295606,812295613,812295622,812295612,812298737,0,812298740,812298744,812298749,1,2,4,11,9,-1,3125,-812298737,812298740,4,5,3150
759,812304498,812304499,812304502,812304506,812304512,812304521,812304512,812307583,0,812307585,812307587,812307593,1,3,4,10,9,0,3071,-812307583,812307585,2,6,3095
760,812424691,812424692,812424694,812424698,812424705,812424706,812424705,812427954,0,812427957,812427959,812427964,1,2,4,11,1,0,3249,-812427954,812427957,2,5,3273
761,812428323,812428324,812428326,812428329,812428335,812428343,812428336,812431832,0,812431835,812431837,812431842,1,2,3,9,8,1,3496,-812431832,812431835,2,5,3519
762,812433759,812433760,812433762,812433765,812433771,812433780,812433772,812436970,0,812436972,812436975,812436980,1,2,3,9,9,1,3198,-812436970,812436972,3,5,3221
763,812447473,812447474,812447476,812447480,812447487,812447495,812447487,812450708,0,812450711,812450714,812450719,1,2,4,11,8,0,3221,-812450708,812450711,3,5,3246
764,812472222,812472224,812472226,812472230,812472237,812472247,812472236,812475495,0,812475497,812475503,812475508,2,2,4,11,10,-1,3259,-812475495,812475497,6,5,3286
765,812849578,812849579,812849581,812849588,812849596,812849607,812849596,812852772,0,812852775,812852779,812852784,1,2,7,15,11,0,3176,-812852772,812852775,4,5,3206
766,813652496,813652497,813652499,813652506,813652513,813652522,813652513,813655735,0,813655738,813655742,813655747,1,2,7,14,9,0,3222,-813655735,813655738,4,5,3251
767,813673934,813673935,813673937,813673941,813673946,813673958,813673947,813676916,0,813676919,813676921,813676926,1,2,4,9,12,1,2969,-813676916,813676919,2,5,2992
768,813910790,813910791,813910793,813910798,813910804,813910814,813910805,813914113,0,813914116,813914120,813914125,1,2,5,11,10,1,3308,-813914113,813914116,4,5,3335
769,814163712,814163715,814163717,814163724,814163732,814163733,814163730,814167414,0,814167416,814167420,814167425,3,2,7,15,1,-2,3684,-814167414,814167416,4,5,3713
770,814292450,814292451,814292453,814292457,814292464,814292471,814292465,814295876,0,814295879,814295881,814295886,1,2,4,11,7,1,3411,-814295876,814295879,2,5,3436
771,814833628,814833629,814833631,814833637,814833646,814833655,814833645,814836954,0,814836956,814836960,814836964,1,2,6,15,9,-1,3309,-814836954,814836956,4,4,3336
772,814972339,814972340,814972341,814972346,814972354,814972363,814972353,814975487,0,814975490,814975494,814975499,1,1,5,13,9,-1,3134,-814975487,814975490,4,5,3160
773,815468690,815468691,815468693,815468698,815468706,815468714,815468706,815472103,0,815472106,815472109,815472113,1,2,5,13,8,0,3397,-815472103,815472106,3,4,3423
774,815739022,815739023,815739025,815739031,815739038,815739050,815739038,815742112,0,815742115,815742119,815742124,1,2,6,13,12,0,3074,-815742112,815742115,4,5,3102
775,816345523,816345524,816345527,816345531,816345537,816345544,816345538,816348867,0,816348869,816348871,816348877,1,3,4,10,7,1,3329,-816348867,816348869,2,6,3354
776,816502446,816502447,816502449,816502453,816502461,816502470,816502460,816505758,0,816505760,816505764,816505769,1,2,4,12,9,-1,3298,-816505758,816505760,4,5,3323
777,816607142,816607143,816607145,816607149,816607156,816607166,816607157,816610257,0,816610259,816610263,816610268,1,2,4,11,10,1,3100,-816610257,816610259,4,5,3126
778,817012733,817012735,817012737,817012743,817012750,817012762,817012750,817016177,0,817016179,817016182,817016186,2,2,6,13,12,0,3427,-817016177,817016179,3,4,3453
779,817330249,817330250,817330253,817330259,817330267,817330268,817330265,817333390,0,817333393,817333396,817333400,1,3,6,14,1,-2,3125,-817333390,817333393,3,4,3151
780,817337313,817337314,817337316,817337319,817337326,817337334,817337326,817340408,0,817340411,817340414,817340418,1,2,3,10,8,0,3082,-817340408,817340411,3,4,3105
781,817420356,817420357,817420359,817420362,817420368,817420380,817420372,817423406,0,817423408,817423411,817423416,1,2,3,9,12,4,3034,-817423406,817423408,3,5,3060
782,817423876,817423877,817423879,817423882,817423887,817423896,817423888,817427080,0,817427084,817427087,817427091,1,2,3,8,9,1,3192,-817427080,817427084,3,4,3215
783,818583099,818583100,818583102,818583108,818583117,818583125,818583116,818586402,0,818586404,818586407,818586413,1,2,6,15,8,-1,3286,-818586402,818586404,3,6,3314
784,818742577,818742579,818742580,818742585,818742593,818742604,818742592,818745827,0,818745830,818745833,818745838,2,1,5,13,11,-1,3235,-818745827,818745830,3,5,3261
785,819140820,819140821,819140822,819140828,819140835,819140847,819140835,819144187,0,819144189,819144191,819144196,1,1,6,13,12,0,3352,-819144187,819144189,2,5,3376
786,820031644,820031645,820031646,820031652,820031661,820031671,820031662,820034948,0,820034951,820034953,820034959,1,1,6,15,10,1,3286,-820034948,820034951,2,6,3315
787,820402863,820402864,820402866,820402870,820402877,820402884,820402877,820406114,0,820406117,820406119,820406124,1,2,4,11,7,0,3237,-820406114,820406117,2,5,3261
788,821590148,821590149,821590151,821590157,821590165,821590166,821590165,821593486,0,821593489,821593491,821593497,1,2,6,14,1,0,3321,-821593486,821593489,2,6,3349
789,822413713,822413714,822413716,822413721,822413728,822413739,822413729,822417159,0,822417161,822417165,822417170,1,2,5,12,11,1,3430,-822417159,822417161,4,5,3457
790,823111418,823111418,823111420,823111427,823111434,823111435,823111434,823113865,0,823113869,823113871,823113876,0,2,7,14,1,0,2431,-823113865,823113869,2,5,2458
791,823752214,823752215,823752217,823752224,823752231,823752242,823752232,823754477,0,823754480,823754483,823754487,1,2,7,14,11,1,2245,-823754477,823754480,3,4,2273
792,823917552,823917553,823917555,823917559,823917564,823917574,823917566,823920492,0,823920495,823920497,823920505,1,2,4,9,10,2,2926,-823920492,823920495,2,8,2953
793,824010370,824010371,824010373,824010379,824010388,824010399,824010386,824013411,0,824013414,824013417,824013421,1,2,6,15,11,-2,3025,-824013411,824013414,3,4,3051
794,824026071,824026072,824026073,824026077,824026082,824026092,824026084,824028869,0,824028873,824028875,824028880,1,1,4,9,10,2,2785,-824028869,824028873,2,5,2809
795,824139313,824139314,824139316,824139321,824139328,824139329,824139328,824142393,0,824142396,824142399,824142404,1,2,5,12,1,0,3065,-824142393,824142396,3,5,3091
796,824146566,824146567,824146568,824146572,824146578,824146587,824146579,824149595,0,824149597,824149601,824149606,1,1,4,10,9,1,3016,-824149595,824149597,4,5,3040
797,824199777,824199778,824199779,824199784,824199790,824199792,824199791,824202209,0,824202212,824202214,824202219,1,1,5,11,2,1,2418,-824202209,824202212,2,5,2442
798,824202662,824202663,824202665,824202669,824202673,824202694,824202680,824206032,0,824206034,824206037,824206042,1,2,4,8,21,7,3352,-824206032,824206034,3,5,3380
799,824431898,824431900,824431901,824431906,824431914,824431923,824431913,824435190,0,824435193,824435196,824435201,2,1,5,13,9,-1,3277,-824435190,824435193,3,5,3303
800,825003283,825003284,825003285,825003292,825003297,825003308,825003299,825006283,0,825006285,825006288,825006292,1,1,7,12,11,2,2984,-825006283,825006285,3,4,3009
801,825006608,825006609,825006611,825006614,825006618,825006627,825006620,825009699,0,825009701,825009704,825009709,1,2,3,7,9,2,3079,-825009699,825009701,3,5,3101
802,825010009,825010010,825010012,825010015,825010019,825010028,825010020,825013213,0,825013216,825013218,825013223,1,2,3,7,9,1,3193,-825013213,825013216,2,5,3214
803,825218123,825218124,825218126,825218131,825218138,825218147,825218137,825221433,0,825221436,825221441,825221446,1,2,5,12,9,-1,3296,-825221433,825221436,5,5,3323
804,825503332,825503333,825503335,825503341,825503348,825503355,825503347,825506627,0,825506630,825506633,825506637,1,2,6,13,7,-1,3280,-825506627,825506630,3,4,3305
805,825592125,825592126,825592128,825592132,825592139,825592149,825592139,825595267,0,825595270,825595272,825595277,1,2,4,11,10,0,3128,-825595267,825595270,2,5,3152
806,826238839,826238840,826238841,826238847,826238853,826238865,826238855,826241583,0,826241586,826241589,826241594,1,1,6,12,12,2,2728,-826241583,826241586,3,5,2755
807,826491849,826491850,826491852,826491857,826491862,826491872,826491863,826495202,0,826495205,826495207,826495212,1,2,5,10,10,1,3339,-826495202,826495205,2,5,3363
808,826495487,826495488,826495490,826495493,826495497,826495520,826495505,826498049,0,826498051,826498053,826498058,1,2,3,7,23,8,2544,-826498049,826498051,2,5,2571
809,826817458,826817459,826817461,826817465,826817471,826817481,826817472,826820145,0,826820148,826820151,826820156,1,2,4,10,10,1,2673,-826820145,826820148,3,5,2698
810,826822099,826822100,826822102,826822105,826822110,826822120,826822112,826824720,0,826824723,826824725,826824730,1,2,3,8,10,2,2608,-826824720,826824723,2,5,2631
811,826828400,826828401,826828403,826828406,826828412,826828420,826828412,826830788,0,826830792,826830795,826830801,1,2,3,9,8,0,2376,-826830788,826830792,3,6,2401
812,826927724,826927725,826927727,826927733,826927741,826927742,826927739,826930871,0,826930874,826930878,826930883,1,2,6,14,1,-2,3132,-826930871,826930874,4,5,3159
813,826941172,826941174,826941176,826941182,826941189,826941199,826941188,826944516,0,826944520,826944523,826944527,2,2,6,13,10,-1,3328,-826944516,826944520,3,4,3355
814,826966030,826966031,826966033,826966037,826966042,826966052,826966044,826968985,0,826968988,826968991,826968995,1,2,4,9,10,2,2941,-826968985,826968988,3,4,2965
815,827675666,827675667,827675669,827675675,827675684,827675685,827675684,827678948,0,827678951,827678954,827678959,1,2,6,15,1,0,3264,-827678948,827678951,3,5,3293
816,829405916,829405919,829405921,829405928,829405937,829405949,829405936,829409376,0,829409378,829409383,829409387,3,2,7,16,12,-1,3440,-829409376,829409378,5,4,3471
817,829980858,829980859,829980861,829980867,829980876,829980886,829980878,829984154,0,829984157,829984160,829984165,1,2,6,15,10,2,3276,-829984154,829984157,3,5,3307
818,829990190,829990191,829990193,829990198,829990203,829990214,829990204,829992635,0,829992637,829992639,829992643,1,2,5,10,11,1,2431,-829992635,829992637,2,4,2453
819,830046214,830046215,830046217,830046221,830046226,830046244,830046229,830049572,0,830049575,830049578,830049583,1,2,4,9,18,3,3343,-830049572,830049575,3,5,3369
820,830120031,830120032,830120034,830120040,830120048,830120058,830120047,830123306,0,830123309,830123312,830123316,1,2,6,14,10,-1,3259,-830123306,830123309,3,4,3285
821,830621982,830621983,830621984,830621989,830621996,830622007,830621997,830625407,0,830625410,830625412,830625417,1,1,5,12,11,1,3410,-830625407,830625410,2,5,3435
822,830915844,830915845,830915847,830915853,830915859,830915869,830915860,830918710,0,830918713,830918718,830918723,1,2,6,12,10,1,2850,-830918710,830918713,5,5,2879
823,831749490,831749491,831749493,831749499,831749508,831749523,831749511,831752585,0,831752587,831752590,831752595,1,2,6,15,15,3,3074,-831752585,831752587,3,5,3105
824,831751986,831751987,831751989,831751994,831752001,831752012,831752000,831755197,0,831755199,831755203,831755208,1,2,5,12,11,-1,3197,-831755197,831755199,4,5,3222
825,831992755,831992757,831992758,831992765,831992773,831992774,831992771,831996090,0,831996092,831996095,831996100,2,1,7,15,1,-2,3319,-831996090,831996092,3,5,3345
826,832004120,832004121,832004123,832004127,832004133,832004144,832004134,832007391,0,832007395,832007398,832007403,1,2,4,10,11,1,3257,-832007391,832007395,3,5,3283
827,832060993,832060994,832060997,832061001,832061006,832061018,832061008,832064232,0,832064235,832064238,832064243,1,3,4,9,12,2,3224,-832064232,832064235,3,5,3250
828,832860202,832860204,832860205,832860210,832860219,832860229,832860218,832863505,0,832863508,832863511,832863516,2,1,5,14,10,-1,3287,-832863505,832863508,3,5,3314
829,833022956,833022957,833022959,833022965,833022972,833022981,833022971,833026245,0,833026247,833026251,833026256,1,2,6,13,9,-1,3274,-833026245,833026247,4,5,3300
830,835814434,835814440,835814441,835814448,835814457,835814473,835814460,835816960,0,835816963,835816966,835816970,6,1,7,16,16,3,2500,-835816960,835816963,3,4,2536
831,835838786,835838787,835838789,835838794,835838799,835838811,835838801,835841209,0,835841211,835841214,835841219,1,2,5,10,12,2,2408,-835841209,835841211,3,5,2433
832,835907611,835907612,835907614,835907618,835907623,835907633,835907625,835909880,0,835909882,835909884,835909889,1,2,4,9,10,2,2255,-835909880,835909882,2,5,2278
833,835914151,835914152,835914154,835914158,835914162,835914173,835914164,835916647,0,835916649,835916651,835916657,1,2,4,8,11,2,2483,-835916647,835916649,2,6,2506
834,835924653,835924654,835924657,835924660,835924664,835924675,835924667,835926909,0,835926911,835926913,835926918,1,3,3,7,11,3,2242,-835926909,835926911,2,5,2265
835,835927459,835927459,835927461,835927464,835927469,835927477,835927470,835930980,0,835930982,835930984,835930989,0,2,3,8,8,1,3510,-835930980,835930982,2,5,3530
836,836257408,836257409,836257411,836257417,836257423,836257434,836257424,836260611,0,836260614,836260616,836260622,1,2,6,12,11,1,3187,-836260611,836260614,2,6,3214
837,836369169,836369170,836369172,836369175,836369181,836369198,836369183,836371469,0,836371472,836371475,836371479,1,2,3,9,17,2,2286,-836371469,836371472,3,4,2310
838,836447873,836447874,836447876,836447883,836447892,836447903,836447890,836451178,0,836451181,836451183,836451188,1,2,7,16,11,-2,3288,-836451178,836451181,2,5,3315
839,836807465,836807466,836807468,836807473,836807479,836807489,836807480,836810897,0,836810899,836810903,836810907,1,2,5,11,10,1,3417,-836810897,836810899,4,4,3442
840,836921682,836921683,836921685,836921688,836921693,836921704,836921696,836925082,0,836925085,836925087,836925092,1,2,3,8,11,3,3386,-836925082,836925085,2,5,3410
841,836928340,836928341,836928343,836928346,836928350,836928361,836928353,836930676,0,836930679,836930683,836930688,1,2,3,7,11,3,2323,-836930676,836930679,4,5,2348
842,837296699,837296700,837296702,837296706,837296710,837296720,837296712,837298981,0,837298984,837298987,837298992,1,2,4,8,10,2,2269,-837298981,837298984,3,5,2293
843,838327159,838327162,838327162,838327169,838327175,838327184,838327177,838329478,0,838329481,838329484,838329489,3,0,7,13,9,2,2301,-838329478,838329481,3,5,2330
844,839535101,839535102,839535104,839535112,839535122,839535133,839535120,839538358,0,839538361,839538364,839538369,1,2,8,18,11,-2,3238,-839538358,839538361,3,5,3268
845,839810323,839810325,839810327,839810333,839810342,839810350,839810341,839813756,0,839813759,839813761,839813769,2,2,6,15,8,-1,3415,-839813756,839813759,2,8,3446
846,839830252,839830253,839830254,839830258,839830265,839830275,839830265,839834341,0,839834344,839834346,839834351,1,1,4,11,10,0,4076,-839834341,839834344,2,5,4099
847,840309806,840309807,840309808,840309813,840309819,840309829,840309819,840313080,0,840313083,840313085,840313090,1,1,5,11,10,0,3261,-840313080,840313083,2,5,3284
848,840820820,840820821,840820823,840820830,840820839,840820848,840820839,840824298,0,840824301,840824304,840824308,1,2,7,16,9,0,3459,-840824298,840824301,3,4,3488
849,841601936,841601937,841601939,841601944,841601951,841601960,841601952,841605228,0,841605231,841605234,841605238,1,2,5,12,9,1,3276,-841605228,841605231,3,4,3302
850,841845018,841845019,841845021,841845030,841845040,841845042,841845038,841848571,0,841848573,841848576,841848581,1,2,9,19,2,-2,3533,-841848571,841848573,3,5,3563
851,841925025,841925026,841925028,841925033,841925041,841925050,841925040,841928362,0,841928365,841928368,841928374,1,2,5,13,9,-1,3322,-841928362,841928365,3,6,3349
852,842034456,842034457,842034458,842034463,842034470,842034479,842034470,842037862,0,842037866,842037870,842037875,1,1,5,12,9,0,3392,-842037862,842037866,4,5,3419
853,842040249,842040249,842040251,842040255,842040261,842040270,842040262,842043466,0,842043469,842043472,842043477,0,2,4,10,9,1,3204,-842043466,842043469,3,5,3228
854,842044530,842044531,842044533,842044538,842044543,842044552,842044544,842047930,0,842047933,842047937,842047941,1,2,5,10,9,1,3386,-842047930,842047933,4,4,3411
855,842678978,842678979,842678981,842678988,842678997,842678998,842678995,842682257,0,842682260,842682263,842682268,1,2,7,16,1,-2,3262,-842682257,842682260,3,5,3290
856,844238903,844238906,844238908,844238915,844238925,844238935,844238924,844242249,0,844242253,844242255,844242260,3,2,7,17,10,-1,3325,-844242249,844242253,2,5,3357
857,844265193,844265194,844265196,844265200,844265206,844265212,844265206,844268776,0,844268779,844268781,844268787,1,2,4,10,6,0,3570,-844268776,844268779,2,6,3594
858,844563981,844563982,844563984,844563988,844563994,844564005,844563996,844567666,0,844567669,844567672,844567677,1,2,4,10,11,2,3670,-844567666,844567669,3,5,3696
859,844575889,844575890,844575892,844575896,844575902,844575912,844575903,844579303,0,844579306,844579309,844579314,1,2,4,10,10,1,3400,-844579303,844579306,3,5,3425
860,848129795,848129797,848129799,848129810,848129825,848129826,848129820,848133094,0,848133097,848133101,848133106,2,2,11,26,1,-5,3274,-848133094,848133097,4,5,3311
861,848134146,848134147,848134149,848134153,848134160,848134161,848134160,848137241,0,848137243,848137246,848137251,1,2,4,11,1,0,3081,-848137241,848137243,3,5,3105
862,848774104,848774106,848774108,848774116,848774123,848774125,848774123,848776552,0,848776555,848776557,848776562,2,2,8,15,2,0,2429,-848776552,848776555,2,5,2458
863,850141762,850141763,850141765,850141772,850141778,850141789,850141780,850144338,0,850144341,850144344,850144348,1,2,7,13,11,2,2558,-850144338,850144341,3,4,2586
864,850983234,850983235,850983237,850983243,850983252,850983261,850983250,850986428,0,850986430,850986434,850986438,1,2,6,15,9,-2,3178,-850986428,850986430,4,4,3204
865,853958921,853958921,853958923,853958932,853958943,853958956,853958941,853962150,0,853962152,853962156,853962161,0,2,9,20,13,-2,3209,-853962150,853962152,4,5,3240
866,853963394,853963395,853963397,853963401,853963406,853963415,853963407,853966622,0,853966625,853966628,853966633,1,2,4,9,9,1,3215,-853966622,853966625,3,5,3239
867,853971053,853971054,853971056,853971060,853971065,853971074,853971066,853974159,0,853974161,853974164,853974168,1,2,4,9,9,1,3093,-853974159,853974161,3,4,3115
868,854368748,854368751,854368753,854368761,854368770,854368772,854368768,854372142,0,854372145,854372148,854372152,3,2,8,17,2,-2,3374,-854372142,854372145,3,4,3404
869,854392738,854392739,854392741,854392745,854392751,854392759,854392752,854396094,0,854396097,854396099,854396103,1,2,4,10,8,1,3342,-854396094,854396097,2,4,3365
870,855619019,855619022,855619022,855619030,855619039,855619046,855619038,855622383,0,855622385,855622388,855622393,3,0,8,17,7,-1,3345,-855622383,855622385,3,5,3374
871,856193616,856193617,856193619,856193628,856193638,856193641,856193636,856197042,0,856197045,856197047,856197052,1,2,9,19,3,-2,3406,-856197042,856197045,2,5,3436
872,857006543,857006544,857006546,857006552,857006562,857006572,857006560,857009693,0,857009696,857009699,857009704,1,2,6,16,10,-2,3133,-857009693,857009696,3,5,3161
873,857236347,857236350,857236351,857236358,857236365,857236366,857236365,857238843,0,857238845,857238847,857238852,3,1,7,14,1,0,2478,-857238843,857238845,2,5,2505
874,857236358,857236359,857236372,857236375,857236379,857236387,857236402,857239002,0,857239004,857239005,857239012,1,13,3,7,8,23,2600,-857239002,857239004,1,7,2654
875,860616240,860616244,860616246,860616255,860616264,860616266,860616264,860618598,0,860618601,860618603,860618608,4,2,9,18,2,0,2334,-860618598,860618601,2,5,2368
876,860635239,860635242,860635244,860635248,860635253,860635277,860635257,860637903,0,860637905,860637907,860637912,3,2,4,9,24,4,2646,-860637903,860637905,2,5,2673
877,860635241,860635244,860635258,860635260,860635264,860635277,860635287,860638079,0,860638081,860638083,860638092,3,14,2,6,13,23,2792,-860638079,860638081,2,9,2851
878,860654224,860654225,860654227,860654230,860654235,860654252,860654238,860657487,0,860657489,860657492,860657497,1,2,3,8,17,3,3249,-860657487,860657489,3,5,3273
879,860976790,860976791,860976793,860976798,860976804,860976815,860976805,860980100,0,860980103,860980105,860980110,1,2,5,11,11,1,3295,-860980100,860980103,2,5,3320
880,861315226,861315227,861315229,861315235,861315241,861315251,861315242,861317679,0,861317682,861317687,861317691,1,2,6,12,10,1,2437,-861317679,861317682,5,4,2465
881,862489509,862489510,862489512,862489519,862489529,862489530,862489526,862492993,0,862492996,862492999,862493004,1,2,7,17,1,-3,3467,-862492993,862492996,3,5,3495
882,862493964,862493965,862493967,862493971,862493977,862493985,862493977,862497276,0,862497280,862497283,862497288,1,2,4,10,8,0,3299,-862497276,862497280,3,5,3324
883,862631417,862631418,862631420,862631425,862631431,862631443,862631433,862634731,0,862634734,862634737,862634742,1,2,5,11,12,2,3298,-862634731,862634734,3,5,3325
884,862788829,862788830,862788831,862788836,862788844,862788854,862788844,862792249,0,862792252,862792256,862792261,1,1,5,13,10,0,3405,-862792249,862792252,4,5,3432
885,863052918,863052919,863052921,863052926,863052932,863052942,863052933,863055622,0,863055624,863055627,863055632,1,2,5,11,10,1,2689,-863055622,863055624,3,5,2714
886,863055366,863055367,863055370,863055375,863055380,863055387,863055381,863058593,0,863058595,863058598,863058603,1,3,5,10,7,1,3212,-863058593,863058595,3,5,3237
887,863055392,863055393,863055395,863055397,863055402,863055419,863055404,863058721,0,863058723,863058724,863058729,1,2,2,7,17,2,3317,-863058721,863058723,1,5,3337
888,863083092,863083093,863083095,863083098,863083103,863083114,863083105,863085262,0,863085264,863085266,863085272,1,2,3,8,11,2,2157,-863085262,863085264,2,6,2180
889,863377193,863377194,863377196,863377199,863377204,863377213,863377205,863379750,0,863379753,863379755,863379760,1,2,3,8,9,1,2545,-863379750,863379753,2,5,2567
890,863413661,863413663,863413665,863413674,863413684,863413685,863413681,863417082,0,863417085,863417087,863417092,2,2,9,19,1,-3,3401,-863417082,863417085,2,5,3431
891,863521601,863521603,863521605,863521609,863521616,863521625,863521617,863524946,0,863524948,863524951,863524956,2,2,4,11,9,1,3329,-863524946,863524948,3,5,3355
892,865036527,865036530,865036532,865036538,865036545,865036554,865036546,865039941,0,865039944,865039946,865039951,3,2,6,13,9,1,3395,-865039941,865039944,2,5,3424
893,865040740,865040741,865040743,865040747,865040751,865040761,865040753,865044091,0,865044093,865044095,865044101,1,2,4,8,10,2,3338,-865044091,865044093,2,6,3361
894,868986241,868986243,868986244,868986253,868986262,868986276,868986262,868989198,0,868989201,868989204,868989209,2,1,9,18,14,0,2936,-868989198,868989201,3,5,2968
895,869349966,869349967,869349969,869349974,869349980,869349988,869349982,869353166,0,869353170,869353172,869353177,1,2,5,11,8,2,3184,-869353166,869353170,2,5,3211
896,869813763,869813764,869813766,869813774,869813784,869813795,869813782,869817217,0,869817220,869817223,869817227,1,2,8,18,11,-2,3435,-869817217,869817220,3,4,3464
897,870455245,870455246,870455248,870455255,870455265,870455266,870455263,870458556,0,870458558,870458564,870458568,1,2,7,17,1,-2,3293,-870458556,870458558,6,4,3323
898,870460890,870460891,870460893,870460897,870460903,870460911,870460903,870464232,0,870464236,870464238,870464242,1,2,4,10,8,0,3329,-870464232,870464236,2,4,3352
899,871814841,871814844,871814845,871814851,871814858,871814866,871814859,871818077,0,871818081,871818083,871818088,3,1,6,13,8,1,3218,-871818077,871818081,2,5,3247
900,871818327,871818328,871818330,871818333,871818338,871818346,871818340,871820884,0,871820887,871820889,871820894,1,2,3,8,8,2,2544,-871820884,871820887,2,5,2567
901,871958723,871958724,871958725,871958731,871958740,871958749,871958737,871962230,0,871962234,871962237,871962240,1,1,6,15,9,-3,3493,-871962230,871962234,3,3,3517
902,872742006,872742007,872742009,872742014,872742020,872742029,872742022,872745056,0,872745059,872745061,872745066,1,2,5,11,9,2,3034,-872745056,872745059,2,5,3060
903,873524403,873524404,873524406,873524411,873524416,873524424,873524417,873526900,0,873526903,873526905,873526910,1,2,5,10,8,1,2483,-873526900,873526903,2,5,2507
904,873620531,873620532,873620533,873620537,873620541,873620559,873620545,873623625,0,873623628,873623630,873623635,1,1,4,8,18,4,3080,-873623625,873623628,2,5,3104
905,874170618,874170619,874170621,874170627,874170634,874170635,874170634,874173271,0,874173274,874173277,874173281,1,2,6,13,1,0,2637,-874173271,874173274,3,4,2663
906,874767041,874767042,874767044,874767049,874767055,874767067,874767057,874770305,0,874770308,874770310,874770315,1,2,5,11,12,2,3248,-874770305,874770308,2,5,3274
907,875803949,875803950,875803952,875803959,875803966,875803976,875803967,875806366,0,875806370,875806374,875806379,1,2,7,14,10,1,2399,-875806366,875806370,4,5,2430
908,875808111,875808112,875808114,875808117,875808121,875808131,875808123,875811196,0,875811198,875811201,875811205,1,2,3,7,10,2,3073,-875811196,875811198,3,4,3094
909,876950105,876950107,876950109,876950114,876950120,876950129,876950122,876952544,0,876952547,876952549,876952554,2,2,5,11,9,2,2422,-876952544,876952547,2,5,2449
910,878425071,878425072,878425074,878425080,878425086,878425098,878425088,878427687,0,878427690,878427693,878427699,1,2,6,12,12,2,2599,-878427687,878427690,3,6,2628
911,882472795,882472797,882472798,882472807,882472816,882472832,882472820,882475157,0,882475160,882475163,882475169,2,1,9,18,16,4,2337,-882475157,882475160,3,6,2374
912,883303685,883303686,883303688,883303698,883303712,883303713,883303706,883307285,0,883307288,883307291,883307295,1,2,10,24,1,-6,3579,-883307285,883307288,3,4,3610
913,884857760,884857762,884857764,884857772,884857780,884857783,884857781,884860205,0,884860208,884860211,884860216,2,2,8,16,3,1,2424,-884860205,884860208,3,5,2456
914,884872441,884872445,884872447,884872452,884872458,884872460,884872459,884874858,0,884874861,884874863,884874868,4,2,5,11,2,1,2399,-884874858,884874861,2,5,2427
915,884920178,884920179,884920181,884920184,884920190,884920197,884920191,884923558,0,884923561,884923563,884923568,1,2,3,9,7,1,3367,-884923558,884923561,2,5,3390
916,885035225,885035226,885035228,885035231,885035236,885035249,885035241,885038436,0,885038439,885038442,885038447,1,2,3,8,13,5,3195,-885038436,885038439,3,5,3222
917,886747409,886747410,886747411,886747417,886747424,886747434,886747424,886750394,0,886750397,886750401,886750406,1,1,6,13,10,0,2970,-886750394,886750397,4,5,2997
918,886985758,886985759,886985761,886985767,886985773,886985785,886985774,886989079,0,886989084,886989086,886989090,1,2,6,12,12,1,3305,-886989079,886989084,2,4,3332
919,888192057,888192058,888192059,888192066,888192072,888192084,888192074,888194514,0,888194518,888194520,888194525,1,1,7,13,12,2,2440,-888194514,888194518,2,5,2468
920,891264406,891264409,891264410,891264419,891264427,891264428,891264427,891268084,0,891268087,891268090,891268095,3,1,9,17,1,0,3657,-891268084,891268087,3,5,3689
921,892386204,892386207,892386209,892386215,892386221,892386233,892386223,892389158,0,892389160,892389164,892389168,3,2,6,12,12,2,2935,-892389158,892389160,4,4,2964
922,896305561,896305563,896305565,896305576,896305588,896305590,896305587,896308006,0,896308010,896308013,896308018,2,2,11,23,2,-1,2419,-896308006,896308010,3,5,2457
923,896316538,896316540,896316542,896316548,896316554,896316564,896316554,896318914,0,896318916,896318920,896318924,2,2,6,12,10,0,2360,-896318914,896318916,4,4,2386
924,896359657,896359658,896359660,896359663,896359669,896359679,896359670,896361931,0,896361935,896361937,896361942,1,2,3,9,10,1,2261,-896361931,896361935,2,5,2285
925,897386016,897386017,897386019,897386026,897386037,897386043,897386033,897389288,0,897389291,897389294,897389298,1,2,7,18,6,-4,3255,-897389288,897389291,3,4,3282
926,897389487,897389488,897389490,897389493,897389499,897389515,897389498,897392481,0,897392484,897392486,897392490,1,2,3,9,16,-1,2983,-897392481,897392484,2,4,3003
927,898892139,898892140,898892142,898892149,898892156,898892169,898892158,898894764,0,898894767,898894770,898894774,1,2,7,14,13,2,2606,-898894764,898894767,3,4,2635
928,899826944,899826945,899826947,899826952,899826958,899826970,899826960,899829608,0,899829611,899829614,899829618,1,2,5,11,12,2,2648,-899829608,899829611,3,4,2674
929,900535348,900535349,900535351,900535356,900535363,900535374,900535362,900538015,0,900538018,900538021,900538025,1,2,5,12,11,-1,2653,-900538015,900538018,3,4,2677
930,902019223,902019224,902019226,902019234,902019246,902019256,902019242,902022440,0,902022443,902022446,902022451,1,2,8,20,10,-4,3198,-902022440,902022443,3,5,3228
931,902028866,902028867,902028869,902028873,902028879,902028888,902028879,902032049,0,902032052,902032055,902032059,1,2,4,10,9,0,3170,-902032049,902032052,3,4,3193
932,903416717,903416719,903416722,903416728,903416735,903416743,903416736,903419420,0,903419425,903419427,903419432,2,3,6,13,8,1,2684,-903419420,903419425,2,5,2715
933,904676755,904676756,904676758,904676766,904676776,904676785,904676775,904680085,0,904680088,904680091,904680095,1,2,8,18,9,-1,3310,-904680085,904680088,3,4,3340
934,906079682,906079683,906079685,906079692,906079698,906079706,906079699,906082188,0,906082191,906082194,906082198,1,2,7,13,8,1,2489,-906082188,906082191,3,4,2516
935,906079891,906079892,906079894,906079897,906079901,906079917,906079903,906082342,0,906082344,906082345,906082354,1,2,3,7,16,2,2439,-906082342,906082344,1,9,2463
936,906095402,906095403,906095405,906095408,906095413,906095430,906095416,906097737,0,906097740,906097742,906097747,1,2,3,8,17,3,2321,-906097737,906097740,2,5,2345
937,907248449,907248450,907248452,907248459,907248467,907248475,907248466,907251687,0,907251690,907251693,907251697,1,2,7,15,8,-1,3221,-907251687,907251690,3,4,3248
938,909751077,909751078,909751079,909751090,909751101,909751102,909751099,909754382,0,909754385,909754388,909754392,1,1,11,22,1,-2,3283,-909754382,909754385,3,4,3315
939,910885696,910885698,910885700,910885708,910885716,910885728,910885715,910888061,0,910888064,910888067,910888072,2,2,8,16,12,-1,2346,-910888061,910888064,3,5,2376
940,911016201,911016202,911016204,911016211,911016219,911016230,911016218,911019566,0,911019569,911019571,911019576,1,2,7,15,11,-1,3348,-911019566,911019569,2,5,3375
941,911016207,911016207,911016225,911016228,911016233,911016255,911016242,911019689,0,911019690,911019692,911019696,0,18,3,8,22,9,3447,-911019689,911019690,2,4,3489
942,911693074,911693075,911693077,911693082,911693090,911693112,911693095,911696568,0,911696570,911696572,911696577,1,2,5,13,22,5,3473,-911696568,911696570,2,5,3503
943,911693078,911693078,911693096,911693100,911693105,911693112,911693126,911696442,0,911696445,911696448,911696451,0,18,4,9,7,21,3316,-911696442,911696445,3,3,3373
944,911693116,911693119,911693124,911693127,911693132,911693155,911693134,911696836,0,911696847,911696848,911696852,3,5,3,8,23,2,3702,-911696836,911696847,1,4,3736
945,911693116,911693120,911693136,911693139,911693144,911693155,911693165,911696955,0,911696959,911696960,911696971,4,16,3,8,11,21,3790,-911696955,911696959,1,11,3855
946,911696916,911696917,911696919,911696923,911696929,911696930,911696929,911700242,0,911700245,911700246,911700251,1,2,4,10,1,0,3313,-911700242,911700245,1,5,3335
947,911697248,911697249,911697251,911697254,911697260,911697266,911697260,911700459,0,911700461,911700463,911700467,1,2,3,9,6,0,3199,-911700459,911700461,2,4,3219
948,911795623,911795624,911795626,911795632,911795639,911795639,911795639,911798879,0,911798882,911798884,911798889,1,2,6,13,0,0,3240,-911798879,911798882,2,5,3266
949,913865129,913865130,913865132,913865141,913865153,913865155,913865150,913868396,0,913868399,913868402,913868406,1,2,9,21,2,-3,3246,-913868396,913868399,3,4,3277
950,916259782,916259785,916259787,916259795,916259806,916259807,916259804,916262744,0,916262747,916262750,916262754,3,2,8,19,1,-2,2940,-916262744,916262747,3,4,2972
951,916841255,916841256,916841258,916841265,916841273,916841274,916841273,916844469,0,916844472,916844475,916844480,1,2,7,15,1,0,3196,-916844469,916844472,3,5,3225
952,916921772,916921773,916921775,916921783,916921791,916921794,916921790,916924520,0,916924523,916924527,916924531,1,2,8,16,3,-1,2730,-916924520,916924523,4,4,2759
953,917634751,917634753,917634755,917634760,917634767,917634776,917634767,917637248,0,917637251,917637253,917637258,2,2,5,12,9,0,2481,-917637248,917637251,2,5,2507
954,918624730,918624732,918624734,918624741,918624752,918624753,918624749,918628111,0,918628114,918628117,918628122,2,2,7,18,1,-3,3362,-918628111,918628114,3,5,3392
955,919012378,919012379,919012381,919012388,919012397,919012407,919012395,919015790,0,919015793,919015796,919015800,1,2,7,16,10,-2,3395,-919015790,919015793,3,4,3422
956,919016215,919016216,919016218,919016222,919016227,919016235,919016228,919019471,0,919019474,919019477,919019481,1,2,4,9,8,1,3243,-919019471,919019474,3,4,3266
957,919128007,919128008,919128010,919128014,919128019,919128030,919128021,919131280,0,919131283,919131285,919131290,1,2,4,9,11,2,3259,-919131280,919131283,2,5,3283
958,919963840,919963841,919963843,919963850,919963858,919963870,919963860,919967426,0,919967429,919967432,919967437,1,2,7,15,12,2,3566,-919967426,919967429,3,5,3597
959,919967689,919967690,919967692,919967695,919967701,919967710,919967702,919970872,0,919970875,919970878,919970883,1,2,3,9,9,1,3170,-919970872,919970875,3,5,3194
960,919971296,919971297,919971299,919971302,919971308,919971316,919971309,919974549,0,919974552,919974556,919974561,1,2,3,9,8,1,3240,-919974549,919974552,4,5,3265
961,919975160,919975161,919975163,919975166,919975172,919975180,919975173,919978383,0,919978386,919978389,919978394,1,2,3,9,8,1,3210,-919978383,919978386,3,5,3234
962,919978928,919978929,919978930,919978934,919978939,919978947,919978939,919982122,0,919982125,919982129,919982134,1,1,4,9,8,0,3183,-919982122,919982125,4,5,3206
963,919982658,919982659,919982661,919982664,919982670,919982679,919982670,919985677,0,919985680,919985682,919985687,1,2,3,9,9,0,3007,-919985677,919985680,2,5,3029
964,920474589,920474592,920474594,920474599,920474605,920474612,920474605,920477184,0,920477187,920477189,920477194,3,2,5,11,7,0,2579,-920477184,920477187,2,5,2605
965,920495101,920495102,920495104,920495107,920495112,920495119,920495113,920498484,0,920498487,920498489,920498494,1,2,3,8,7,1,3371,-920498484,920498487,2,5,3393
966,920598571,920598572,920598574,920598579,920598585,920598595,920598586,920600911,0,920600914,920600916,920600921,1,2,5,11,10,1,2325,-920600911,920600914,2,5,2350
967,920696188,920696189,920696191,920696196,920696201,920696218,920696205,920699259,0,920699262,920699264,920699269,1,2,5,10,17,4,3054,-920699259,920699262,2,5,3081
968,922347061,922347062,922347064,922347068,922347074,922347085,922347075,922350275,0,922350278,922350280,922350285,1,2,4,10,11,1,3200,-922350275,922350278,2,5,3224
969,922441709,922441710,922441712,922441717,922441726,922441736,922441723,922445287,0,922445289,922445292,922445298,1,2,5,14,10,-3,3564,-922445287,922445289,3,6,3589
970,922824235,922824236,922824238,922824244,922824252,922824269,922824256,922827477,0,922827480,922827483,922827487,1,2,6,14,17,4,3221,-922827477,922827480,3,4,3252
971,923259505,923259506,923259507,923259513,923259520,923259530,923259521,923263007,0,923263010,923263013,923263017,1,1,6,13,10,1,3486,-923263007,923263010,3,4,3512
972,923285925,923285926,923285928,923285933,923285941,923285950,923285940,923289165,0,923289168,923289171,923289176,1,2,5,13,9,-1,3225,-923289165,923289168,3,5,3251
973,923352681,923352682,923352684,923352689,923352697,923352706,923352696,923355806,0,923355808,923355810,923355815,1,2,5,13,9,-1,3110,-923355806,923355808,2,5,3134
974,923670104,923670105,923670107,923670112,923670120,923670121,923670120,923673647,0,923673649,923673653,923673658,1,2,5,13,1,0,3527,-923673647,923673649,4,5,3554
975,926492787,926492788,926492790,926492799,926492808,926492823,926492807,926495643,0,926495646,926495649,926495653,1,2,9,18,15,-1,2836,-926495643,926495646,3,4,2866
976,926549896,926549897,926549899,926549903,926549908,926549920,926549911,926552387,0,926552390,926552393,926552398,1,2,4,9,12,3,2476,-926552387,926552390,3,5,2502
977,926619486,926619487,926619489,926619496,926619509,926619519,926619506,926622503,0,926622506,926622509,926622513,1,2,7,20,10,-3,2997,-926622503,926622506,3,4,3027
978,926625433,926625434,926625436,926625439,926625444,926625454,926625445,926627761,0,926627765,926627767,926627772,1,2,3,8,10,1,2316,-926627761,926627765,2,5,2339
979,926641644,926641645,926641647,926641650,926641655,926641675,926641658,926644731,0,926644734,926644736,926644740,1,2,3,8,20,3,3073,-926644731,926644734,2,4,3096
980,926676008,926676009,926676011,926676015,926676020,926676037,926676023,926678451,0,926678454,926678456,926678461,1,2,4,9,17,3,2428,-926678451,926678454,2,5,2453
981,926759768,926759769,926759771,926759775,926759780,926759796,926759783,926762244,0,926762247,926762249,926762253,1,2,4,9,16,3,2461,-926762244,926762247,2,4,2485
982,926814505,926814507,926814509,926814513,926814520,926814527,926814520,926817742,0,926817745,926817747,926817751,2,2,4,11,7,0,3222,-926817742,926817745,2,4,3246
983,926833586,926833587,926833589,926833592,926833597,926833613,926833599,926836662,0,926836664,926836667,926836671,1,2,3,8,16,2,3063,-926836662,926836664,3,4,3085
984,926851184,926851185,926851187,926851190,926851194,926851215,926851197,926853728,0,926853732,926853734,926853738,1,2,3,7,21,3,2531,-926853728,926853732,2,4,2554
985,926988145,926988146,926988148,926988153,926988160,926988170,926988160,926991446,0,926991449,926991453,926991457,1,2,5,12,10,0,3286,-926991446,926991449,4,4,3312
986,926992082,926992083,926992085,926992089,926992094,926992103,926992095,926995254,0,926995257,926995259,926995264,1,2,4,9,9,1,3159,-926995254,926995257,2,5,3182
987,927219846,927219847,927219849,927219854,927219860,927219869,927219861,927222775,0,927222779,927222782,927222786,1,2,5,11,9,1,2914,-927222775,927222779,3,4,2940
988,927310634,927310635,927310637,927310641,927310647,927310655,927310647,927313920,0,927313923,927313926,927313930,1,2,4,10,8,0,3273,-927313920,927313923,3,4,3296
989,927929680,927929681,927929683,927929688,927929694,927929701,927929695,927932855,0,927932858,927932860,927932865,1,2,5,11,7,1,3160,-927932855,927932858,2,5,3185
990,927951702,927951703,927951705,927951709,927951714,927951725,927951715,927955074,0,927955077,927955079,927955084,1,2,4,9,11,1,3359,-927955074,927955077,2,5,3382
991,928189278,928189279,928189281,928189285,928189289,928189311,928189292,928192201,0,928192203,928192207,928192211,1,2,4,8,22,3,2909,-928192201,928192203,4,4,2933
992,928189283,928189284,928189295,928189297,928189301,928189312,928189321,928192316,0,928192319,928192320,928192327,1,11,2,6,11,20,2995,-928192316,928192319,1,7,3044
993,930113122,930113123,930113125,930113133,930113141,930113152,930113143,930115543,0,930115546,930115549,930115553,1,2,8,16,11,2,2400,-930115543,930115546,3,4,2431
994,931774813,931774814,931774816,931774823,931774830,931774841,931774831,931777290,0,931777293,931777296,931777301,1,2,7,14,11,1,2459,-931777290,931777293,3,5,2488
995,932718283,932718284,932718286,932718293,932718304,932718314,932718302,932721524,0,932721527,932721532,932721536,1,2,7,18,10,-2,3222,-932721524,932721527,5,4,3253
996,932966155,932966156,932966158,932966173,932966186,932966188,932966175,933153207,933153207,933153209,933153213,933153217,1,2,15,28,2,-11,187032,0,2,4,4,187062
997,932966326,932966327,932966328,932966335,932966341,932966343,932966342,932968628,0,932968631,932968633,932968638,1,1,7,13,2,1,2286,-932968628,932968631,2,5,2312
998,932968001,932968004,932968005,932968014,932968021,932968023,932968016,933200208,933200208,933200210,933200213,933200218,3,1,9,16,2,-5,232192,0,2,3,5,232217
999,933184124,933184125,933184127,933184131,933184138,933184146,933184138,933187356,0,933187359,933187362,933187365,1,2,4,11,8,0,3218,-933187356,933187359,3,3,3241
1000,933243740,933243741,933243743,933243746,933243751,933243761,933243753,933247047,0,933247050,933247053,933247059,1,2,3,8,10,2,3294,-933247047,933247050,3,6,3319
1001,933266695,933266696,933266698,933266702,933266707,933266717,933266709,933268933,0,933268935,933268938,933268942,1,2,4,9,10,2,2224,-933268933,933268935,3,4,2247
1002,934660462,934660463,934660465,934660472,934660479,934660489,934660480,934662977,0,934662980,934662984,934662989,1,2,7,14,10,1,2497,-934662977,934662980,4,5,2527
1003,934814184,934814185,934814187,934814191,934814197,934814205,934814197,934817176,0,934817179,934817182,934817186,1,2,4,10,8,0,2979,-934817176,934817179,3,4,3002
1004,934824641,934824642,934824644,934824647,934824651,934824661,934824653,934826993,0,934826996,934826998,934827003,1,2,3,7,10,2,2340,-934826993,934826996,2,5,2362
1005,935492116,935492117,935492119,935492126,935492135,935492136,935492133,935496842,0,935496845,935496848,935496852,1,2,7,16,1,-2,4709,-935496842,935496845,3,4,4736
1006,935888334,935888335,935888337,935888344,935888351,935888362,935888353,935890878,0,935890881,935890885,935890889,1,2,7,14,11,2,2525,-935890878,935890881,4,4,2555
1007,935892218,935892219,935892221,935892224,935892228,935892237,935892230,935894932,0,935894934,935894936,935894941,1,2,3,7,9,2,2702,-935894932,935894934,2,5,2723
1008,935903763,935903764,935903766,935903769,935903773,935903782,935903775,935906084,0,935906087,935906090,935906094,1,2,3,7,9,2,2309,-935906084,935906087,3,4,2331
1009,935913010,935913011,935913013,935913016,935913020,935913031,935913023,935915696,0,935915699,935915703,935915708,1,2,3,7,11,3,2673,-935915696,935915699,4,5,2698
1010,936132973,936132973,936132975,936132979,936132983,936132993,936132986,936136293,0,936136296,936136298,936136303,0,2,4,8,10,3,3307,-936136293,936136296,2,5,3330
1011,936260883,936260884,936260886,936260889,936260892,936260902,936260894,936264489,0,936264491,936264493,936264499,1,2,3,6,10,2,3595,-936264489,936264491,2,6,3616
1012,936387815,936387816,936387818,936387821,936387825,936387835,936387827,936390168,0,936390172,936390174,936390179,1,2,3,7,10,2,2341,-936390168,936390172,2,5,2364
1013,936396334,936396335,936396337,936396340,936396344,936396353,936396346,936399011,0,936399013,936399015,936399020,1,2,3,7,9,2,2665,-936399011,936399013,2,5,2686
1014,936400473,936400474,936400476,936400479,936400483,936400492,936400485,936403746,0,936403749,936403751,936403756,1,2,3,7,9,2,3261,-936403746,936403749,2,5,3283
1015,936553131,936553132,936553134,936553137,936553141,936553152,936553144,936556310,0,936556313,936556317,936556322,1,2,3,7,11,3,3166,-936556310,936556313,4,5,3191
1016,937977046,937977047,937977049,937977058,937977070,937977072,937977066,937980194,0,937980197,937980200,937980204,1,2,9,21,2,-4,3128,-937980194,937980197,3,4,3158
1017,937977133,937977133,937977135,937977141,937977148,937977149,937977146,937980315,0,937980317,937980319,937980324,0,2,6,13,1,-2,3169,-937980315,937980317,2,5,3191
1018,937978165,937978166,937978168,937978174,937978183,937978184,937978180,937981257,0,937981259,937981261,937981265,1,2,6,15,1,-3,3077,-937981257,937981259,2,4,3100
1019,937978237,937978238,937978240,937978245,937978251,937978253,937978250,937981299,0,937981301,937981303,937981307,1,2,5,11,2,-1,3049,-937981299,937981301,2,4,3070
1020,938414532,938414536,938414538,938414546,938414553,938414561,938414553,938416936,0,938416939,938416941,938416946,4,2,8,15,8,0,2383,-938416936,938416939,2,5,2414
1021,939178760,939178761,939178763,939178771,939178778,939178790,939178780,939181245,0,939181248,939181251,939181256,1,2,8,15,12,2,2465,-939181245,939181248,3,5,2496
1022,939204940,939204941,939204943,939204949,939204954,939204965,939204955,939208169,0,939208171,939208174,939208178,1,2,6,11,11,1,3214,-939208169,939208171,3,4,3238
1023,939712055,939712057,939712059,939712063,939712069,939712086,939712070,939714741,0,939714744,939714747,939714751,2,2,4,10,17,1,2671,-939714741,939714744,3,4,2696
1024,940826525,940826527,940826529,940826536,940826544,940826556,940826543,940829836,0,940829838,940829841,940829846,2,2,7,15,12,-1,3293,-940829836,940829838,3,5,3321
1025,940826545,940826546,940826551,940826554,940826560,940826579,940826568,940830023,0,940830025,940830027,940830035,1,5,3,9,19,8,3455,-940830023,940830025,2,8,3490
1026,942660085,942660087,942660089,942660096,942660102,942660114,942660104,942662556,0,942662559,942662562,942662567,2,2,7,13,12,2,2452,-942662556,942662559,3,5,2482
1027,942660118,942660119,942660121,942660124,942660128,942660143,942660131,942662710,0,942662713,942662714,942662720,1,2,3,7,15,3,2579,-942662710,942662713,1,6,2602
1028,942811466,942811468,942811469,942811477,942811486,942811496,942811485,942814602,0,942814604,942814607,942814612,2,1,8,17,10,-1,3117,-942814602,942814604,3,5,3146
1029,942815377,942815378,942815380,942815384,942815390,942815399,942815390,942818529,0,942818532,942818534,942818539,1,2,4,10,9,0,3139,-942818529,942818532,2,5,3162
1030,943133054,943133055,943133057,943133063,943133069,943133070,943133069,943135450,0,943135453,943135456,943135461,1,2,6,12,1,0,2381,-943135450,943135453,3,5,2407
1031,943392092,943392093,943392095,943392102,943392110,943392121,943392112,943395360,0,943395363,943395367,943395371,1,2,7,15,11,2,3248,-943395360,943395363,4,4,3279
1032,943891030,943891031,943891033,943891038,943891046,943891056,943891046,943894059,0,943894063,943894066,943894070,1,2,5,13,10,0,3013,-943894059,943894063,3,4,3040
1033,943899797,943899798,943899800,943899804,943899810,943899818,943899811,943903124,0,943903127,943903129,943903134,1,2,4,10,8,1,3313,-943903124,943903127,2,5,3337
1034,944291211,944291213,944291215,944291220,944291227,944291240,944291227,944294445,0,944294448,944294451,944294455,2,2,5,12,13,0,3218,-944294445,944294448,3,4,3244
1035,944349063,944349064,944349066,944349070,944349077,944349079,944349078,944352554,0,944352557,944352559,944352564,1,2,4,11,2,1,3476,-944352554,944352557,2,5,3501
1036,944362057,944362058,944362060,944362064,944362070,944362079,944362071,944365223,0,944365225,944365228,944365232,1,2,4,10,9,1,3152,-944365223,944365225,3,4,3175
1037,944387935,944387936,944387938,944387945,944387952,944387962,944387952,944391303,0,944391308,944391311,944391318,1,2,7,14,10,0,3351,-944391303,944391308,3,7,3383
1038,944388032,944388033,944388035,944388039,944388045,944388055,944388044,944391166,0,944391168,944391170,944391174,1,2,4,10,10,-1,3122,-944391166,944391168,2,4,3142
1039,944388141,944388141,944388143,944388147,944388154,944388161,944388152,944391053,0,944391056,944391059,944391063,0,2,4,11,7,-2,2901,-944391053,944391056,3,4,2922
1040,944388196,944388197,944388198,944388202,944388208,944388216,944388207,944391448,0,944391454,944391456,944391462,1,1,4,10,8,-1,3241,-944391448,944391454,2,6,3266
1041,944392037,944392038,944392040,944392044,944392050,944392059,944392050,944395260,0,944395265,944395268,944395274,1,2,4,10,9,0,3210,-944395260,944395265,3,6,3237
1042,944392077,944392077,944392079,944392082,944392088,944392096,944392087,944395168,0,944395170,944395173,944395177,0,2,3,9,8,-1,3081,-944395168,944395170,3,4,3100
1043,944395601,944395601,944395603,944395607,944395613,944395622,944395613,944398890,0,944398893,944398895,944398902,0,2,4,10,9,0,3277,-944398890,944398893,2,7,3301
1044,944406646,944406647,944406649,944406654,944406662,944406673,944406661,944410328,0,944410330,944410332,944410337,1,2,5,13,11,-1,3667,-944410328,944410330,2,5,3691
1045,944406803,944406804,944406806,944406809,944406815,944406824,944406815,944410027,0,944410030,944410033,944410037,1,2,3,9,9,0,3212,-944410027,944410030,3,4,3234
1046,944411818,944411819,944411821,944411825,944411832,944411841,944411833,944414932,0,944414935,944414938,944414943,1,2,4,11,9,1,3099,-944414932,944414935,3,5,3125
1047,944430637,944430638,944430640,944430644,944430650,944430657,944430651,944434109,0,944434111,944434114,944434117,1,2,4,10,7,1,3458,-944434109,944434111,3,3,3480
1048,944430644,944430645,944430656,944430658,944430662,944430683,944430669,944434265,0,944434267,944434269,944434277,1,11,2,6,21,7,3596,-944434265,944434267,2,8,3633
1049,944460284,944460285,944460287,944460291,944460297,944460308,944460299,944463661,0,944463664,944463666,944463671,1,2,4,10,11,2,3362,-944463661,944463664,2,5,3387
1050,944460422,944460422,944460424,944460427,944460431,944460440,944460432,944463835,0,944463837,944463839,944463847,0,2,3,7,9,1,3403,-944463835,944463837,2,8,3425
1051,944481641,944481642,944481644,944481648,944481655,944481667,944481655,944484836,0,944484839,944484841,944484846,1,2,4,11,12,0,3181,-944484836,944484839,2,5,3205
1052,944486746,944486747,944486749,944486753,944486760,944486769,944486759,944495227,0,944495230,944495232,944495237,1,2,4,11,9,-1,8468,-944495227,944495230,2,5,8491
1053,944608002,944608003,944608005,944608010,944608019,944608028,944608017,944611281,0,944611285,944611288,944611293,1,2,5,14,9,-2,3264,-944611281,944611285,3,5,3291
1054,944616279,944616280,944616282,944616286,944616292,944616299,944616292,944619517,0,944619521,944619525,944619529,1,2,4,10,7,0,3225,-944619517,944619521,4,4,3250
1055,944635009,944635012,944635013,944635016,944635022,944635029,944635022,944638173,0,944638177,944638180,944638183,3,1,3,9,7,0,3151,-944638173,944638177,3,3,3174
1056,944651471,944651472,944651474,944651478,944651485,944651485,944651484,944654643,0,944654646,944654649,944654654,1,2,4,11,0,-1,3159,-944654643,944654646,3,5,3183
1057,944695741,944695742,944695744,944695748,944695755,944695764,944695756,944698941,0,944698944,944698948,944698952,1,2,4,11,9,1,3185,-944698941,944698944,4,4,3211
1058,944758705,944758706,944758708,944758712,944758718,944758726,944758718,944762073,0,944762077,944762081,944762085,1,2,4,10,8,0,3355,-944762073,944762077,4,4,3380
1059,944794831,944794832,944794834,944794838,944794843,944794852,944794845,944797952,0,944797957,944797959,944797964,1,2,4,9,9,2,3107,-944797952,944797957,2,5,3133
1060,944862334,944862335,944862337,944862340,944862346,944862356,944862348,944865463,0,944865466,944865468,944865473,1,2,3,9,10,2,3115,-944865463,944865466,2,5,3139
1061,945379050,945379051,945379053,945379058,945379064,945379065,945379064,945382363,0,945382366,945382368,945382373,1,2,5,11,1,0,3299,-945382363,945382366,2,5,3323
1062,945412667,945412668,945412670,945412674,945412681,945412690,945412681,945415885,0,945415889,945415892,945415896,1,2,4,11,9,0,3204,-945415885,945415889,3,4,3229
1063,945416356,945416357,945416359,945416362,945416367,945416376,945416367,945419560,0,945419563,945419565,945419570,1,2,3,8,9,0,3193,-945419560,945419563,2,5,3214
1064,945419971,945419972,945419974,945419977,945419982,945419990,945419983,945423146,0,945423148,945423151,945423155,1,2,3,8,8,1,3163,-945423146,945423148,3,4,3184
1065,945421179,945421180,945421182,945421185,945421190,945421198,945421190,945424387,0,945424391,945424393,945424398,1,2,3,8,8,0,3197,-945424387,945424391,2,5,3219
1066,945423476,945423477,945423479,945423482,945423487,945423494,945423487,945426633,0,945426635,945426638,945426642,1,2,3,8,7,0,3146,-945426633,945426635,3,4,3166
1067,945510690,945510691,945510693,945510698,945510706,945510712,945510704,945513917,0,945513921,945513923,945513927,1,2,5,13,6,-2,3213,-945513917,945513921,2,4,3237
1068,945562855,945562856,945562858,945562862,945562868,945562879,945562870,945566260,0,945566262,945566264,945566269,1,2,4,10,11,2,3390,-945566260,945566262,2,5,3414
1069,945764340,945764341,945764343,945764349,945764358,945764368,945764358,945767698,0,945767701,945767703,945767708,1,2,6,15,10,0,3340,-945767698,945767701,2,5,3368
1070,945894848,945894849,945894851,945894857,945894865,945894874,945894864,945898397,0,945898399,945898403,945898408,1,2,6,14,9,-1,3533,-945898397,945898399,4,5,3560
1071,945910125,945910126,945910128,945910133,945910140,945910149,945910139,945913386,0,945913389,945913392,945913396,1,2,5,12,9,-1,3247,-945913386,945913389,3,4,3271
1072,945910219,945910220,945910222,945910225,945910230,945910238,945910229,945913444,0,945913446,945913448,945913453,1,2,3,8,8,-1,3215,-945913444,945913446,2,5,3234
1073,945910309,945910310,945910312,945910316,945910323,945910330,945910322,945913602,0,945913604,945913607,945913611,1,2,4,11,7,-1,3280,-945913602,945913604,3,4,3302
1074,945914406,945914407,945914408,945914412,945914418,945914426,945914419,945917717,0,945917720,945917723,945917727,1,1,4,10,8,1,3298,-945917717,945917720,3,4,3321
1075,945922684,945922685,945922687,945922690,945922695,945922696,945922695,945925900,0,945925902,945925905,945925910,1,2,3,8,1,0,3205,-945925900,945925902,3,5,3226
1076,945978625,945978626,945978628,945978631,945978638,945978639,945978638,945982119,0,945982122,945982126,945982130,1,2,3,10,1,0,3481,-945982119,945982122,4,4,3505
1077,946036822,946036822,946036824,946036828,946036834,946036843,946036835,946040070,0,946040073,946040076,946040080,0,2,4,10,9,1,3235,-946040070,946040073,3,4,3258
1078,946327211,946327212,946327214,946327219,946327225,946327233,946327226,946330433,0,946330435,946330438,946330443,1,2,5,11,8,1,3207,-946330433,946330435,3,5,3232
1079,946354323,946354324,946354326,946354330,946354336,946354343,946354337,946356763,0,946356765,946356768,946356773,1,2,4,10,7,1,2426,-946356763,946356765,3,5,2450
1080,946406182,946406182,946406184,946406188,946406195,946406195,946406194,946409458,0,946409462,946409464,946409469,0,2,4,11,0,-1,3264,-946409458,946409462,2,5,3287
1081,946406299,946406300,946406302,946406305,946406311,946406319,946406312,946409517,0,946409519,946409522,946409526,1,2,3,9,8,1,3205,-946409517,946409519,3,4,3227
1082,946430595,946430596,946430598,946430603,946430609,946430618,946430610,946433844,0,946433846,946433850,946433854,1,2,5,11,9,1,3234,-946433844,946433846,4,4,3259
1083,946434799,946434800,946434802,946434805,946434811,946434819,946434811,946438019,0,946438023,946438025,946438030,1,2,3,9,8,0,3208,-946438019,946438023,2,5,3231
1084,946507126,946507127,946507129,946507134,946507140,946507148,946507140,946510389,0,946510392,946510396,946510401,1,2,5,11,8,0,3249,-946510389,946510392,4,5,3275
1085,946841853,946841854,946841856,946841862,946841871,946841880,946841869,946845155,0,946845158,946845161,946845165,1,2,6,15,9,-2,3286,-946845155,946845158,3,4,3312
1086,946858439,946858440,946858442,946858447,946858454,946858455,946858454,946861775,0,946861778,946861781,946861785,1,2,5,12,1,0,3321,-946861775,946861778,3,4,3346
1087,946892003,946892004,946892006,946892010,946892016,946892024,946892016,946895366,0,946895369,946895371,946895376,1,2,4,10,8,0,3350,-946895366,946895369,2,5,3373
1088,946903009,946903010,946903012,946903017,946903023,946903031,946903023,946906551,0,946906553,946906556,946906560,1,2,5,11,8,0,3528,-946906551,946906553,3,4,3551
1089,946904539,946904540,946904542,946904545,946904551,946904559,946904552,946907687,0,946907689,946907693,946907697,1,2,3,9,8,1,3135,-946907687,946907689,4,4,3158
1090,946921232,946921233,946921235,946921238,946921244,946921253,946921245,946924397,0,946924400,946924403,946924407,1,2,3,9,9,1,3152,-946924397,946924400,3,4,3175
1091,946996871,946996872,946996874,946996879,946996885,946996894,946996886,947000093,0,947000095,947000098,947000103,1,2,5,11,9,1,3207,-947000093,947000095,3,5,3232
1092,947172134,947172135,947172137,947172142,947172150,947172159,947172149,947175362,0,947175364,947175368,947175376,1,2,5,13,9,-1,3213,-947175362,947175364,4,8,3242
1093,947536974,947536977,947536979,947536985,947536994,947536995,947536992,947540148,0,947540151,947540153,947540158,3,2,6,15,1,-2,3156,-947540148,947540151,2,5,3184
1094,947549737,947549738,947549740,947549744,947549750,947549760,947549751,947552853,0,947552855,947552857,947552862,1,2,4,10,10,1,3102,-947552853,947552855,2,5,3125
1095,947570431,947570432,947570433,947570439,947570446,947570453,947570445,947573749,0,947573751,947573753,947573757,1,1,6,13,7,-1,3304,-947573749,947573751,2,4,3326
1096,948110688,948110689,948110692,948110697,948110707,948110708,948110705,948113737,0,948113740,948113743,948113748,1,3,5,15,1,-2,3032,-948113737,948113740,3,5,3060
1097,948114062,948114063,948114064,948114068,948114074,948114081,948114074,948117204,0,948117208,948117210,948117215,1,1,4,10,7,0,3130,-948117204,948117208,2,5,3153
1098,948330069,948330070,948330072,948330075,948330082,948330093,948330085,948333463,0,948333465,948333468,948333472,1,2,3,10,11,3,3378,-948333463,948333465,3,4,3403
1099,948364808,948364809,948364811,948364816,948364823,948364832,948364823,948368350,0,948368352,948368354,948368359,1,2,5,12,9,0,3527,-948368350,948368352,2,5,3551
1100,948418840,948418841,948418843,948418846,948418852,948418861,948418853,948422219,0,948422222,948422225,948422229,1,2,3,9,9,1,3366,-948422219,948422222,3,4,3389
1101,949144854,949144855,949144857,949144863,949144871,949144879,949144869,949148449,0,949148452,949148455,949148459,1,2,6,14,8,-2,3580,-949148449,949148452,3,4,3605
1102,952298337,952298338,952298340,952298349,952298360,952298371,952298360,952301722,0,952301725,952301728,952301733,1,2,9,20,11,0,3362,-952301722,952301725,3,5,3396
1103,953437358,953437359,953437361,953437370,953437381,953437382,953437378,953440410,0,953440413,953440416,953440421,1,2,9,20,1,-3,3032,-953440410,953440413,3,5,3063
1104,953437505,953437506,953437509,953437514,953437521,953437533,953437521,953440544,0,953440547,953440549,953440554,1,3,5,12,12,0,3023,-953440544,953440547,2,5,3049
1105,953438472,953438473,953438475,953438481,953438489,953438490,953438488,953441558,0,953441561,953441563,953441568,1,2,6,14,1,-1,3070,-953441558,953441561,2,5,3096
1106,953438627,953438628,953438630,953438635,953438642,953438652,953438641,953441708,0,953441713,953441715,953441722,1,2,5,12,10,-1,3067,-953441708,953441713,2,7,3095
1107,953439354,953439355,953439357,953439362,953439368,953439369,953439369,953442493,0,953442495,953442497,953442505,1,2,5,11,1,1,3124,-953442493,953442495,2,8,3151
1108,956051046,956051050,956051052,956051064,956051077,956051079,956051073,956054268,0,956054271,956054274,956054279,4,2,12,25,2,-4,3195,-956054268,956054271,3,5,3233
1109,956267037,956267040,956267042,956267048,956267056,956267064,956267057,956270349,0,956270352,956270355,956270359,3,2,6,14,8,1,3292,-956270349,956270352,3,4,3322
1110,956363030,956363031,956363033,956363039,956363046,956363052,956363046,956365628,0,956365631,956365634,956365638,1,2,6,13,6,0,2582,-956365628,956365631,3,4,2608
1111,956588513,956588514,956588516,956588521,956588529,956588539,956588528,956591829,0,956591831,956591834,956591839,1,2,5,13,10,-1,3301,-956591829,956591831,3,5,3326
1112,958554800,958554804,958554806,958554812,958554819,958554832,958554821,958557285,0,958557288,958557290,958557294,4,2,6,13,13,2,2464,-958557285,958557288,2,4,2494
1113,958554813,958554814,958554826,958554829,958554833,958554855,958554844,958557450,0,958557452,958557453,958557460,1,12,3,7,22,11,2606,-958557450,958557452,1,7,2647
1114,958649541,958649542,958649543,958649547,958649552,958649562,958649555,958652756,0,958652759,958652762,958652768,1,1,4,9,10,3,3201,-958652756,958652759,3,6,3227
1115,958649566,958649568,958649573,958649575,958649579,958649598,958649582,958652909,0,958652911,958652913,958652917,2,5,2,6,19,3,3327,-958652909,958652911,2,4,3351
1116,958693099,958693100,958693102,958693106,958693110,958693137,958693115,958696341,0,958696345,958696347,958696351,1,2,4,8,27,5,3226,-958696341,958696345,2,4,3252
1117,958693104,958693106,958693115,958693117,958693120,958693137,958693121,958696477,0,958696478,958696480,958696484,2,9,2,5,17,1,3356,-958696477,958696478,2,4,3380
1118,958697037,958697038,958697040,958697047,958697056,958697066,958697053,958700283,0,958700286,958700289,958700294,1,2,7,16,10,-3,3230,-958700283,958700286,3,5,3257
1119,959008426,959008427,959008429,959008433,959008439,959008450,959008441,959011789,0,959011792,959011794,959011799,1,2,4,10,11,2,3348,-959011789,959011792,2,5,3373
1120,959009003,959009004,959009006,959009008,959009013,959009029,959009016,959011940,0,959011942,959011944,959011949,1,2,2,7,16,3,2924,-959011940,959011942,2,5,2946
1121,959054175,959054176,959054178,959054182,959054188,959054195,959054189,959056865,0,959056869,959056871,959056876,1,2,4,10,7,1,2676,-959056865,959056869,2,5,2701
1122,959054199,959054202,959054207,959054209,959054213,959054235,959054224,959057021,0,959057023,959057025,959057030,3,5,2,6,22,11,2797,-959057021,959057023,2,5,2831
1123,960722618,960722619,960722621,960722628,960722636,960722649,960722636,960725913,0,960725916,960725918,960725924,1,2,7,15,13,0,3277,-960725913,960725916,2,6,3306
1124,960722625,960722625,960722643,960722646,960722651,960722675,960722661,960726057,0,960726058,960726060,960726065,0,18,3,8,24,10,3396,-960726057,960726058,2,5,3440
1125,960949171,960949172,960949174,960949181,960949187,960949198,960949188,960952392,0,960952395,960952397,960952402,1,2,7,13,11,1,3204,-960952392,960952395,2,5,3231
1126,960949176,960949178,960949194,960949196,960949200,960949229,960949215,960952717,0,960952719,960952721,960952729,2,16,2,6,29,15,3502,-960952717,960952719,2,8,3553
1127,960960179,960960180,960960182,960960185,960960189,960960207,960960193,960963376,0,960963379,960963381,960963385,1,2,3,7,18,4,3183,-960963376,960963379,2,4,3206
1128,961008172,961008175,961008177,961008180,961008184,961008200,961008187,961011173,0,961011177,961011179,961011184,3,2,3,7,16,3,2986,-961011173,961011177,2,5,3012
1129,961218335,961218336,961218338,961218342,961218346,961218369,961218349,961221403,0,961221405,961221408,961221413,1,2,4,8,23,3,3054,-961221403,961221405,3,5,3078
1130,961218890,961218891,961218894,961218896,961218900,961218916,961218903,961221553,0,961221554,961221556,961221562,1,3,2,6,16,3,2650,-961221553,961221554,2,6,2672
1131,961238583,961238584,961238586,961238588,961238593,961238611,961238597,961241841,0,961241843,961241845,961241850,1,2,2,7,18,4,3244,-961241841,961241843,2,5,3267
1132,961239661,961239662,961239664,961239667,961239671,961239687,961239673,961242906,0,961242908,961242910,961242914,1,2,3,7,16,2,3233,-961242906,961242908,2,4,3253
1133,961261176,961261177,961261179,961261182,961261187,961261195,961261188,961263508,0,961263510,961263512,961263516,1,2,3,8,8,1,2320,-961263508,961263510,2,4,2340
1134,961262183,961262185,961262187,961262189,961262193,961262208,961262196,961264616,0,961264619,961264620,961264625,2,2,2,6,15,3,2420,-961264616,961264619,1,5,2442
1135,961610211,961610212,961610214,961610218,961610223,961610238,961610226,961613736,0,961613739,961613742,961613746,1,2,4,9,15,3,3510,-961613736,961613739,3,4,3535
1136,961891603,961891604,961891606,961891609,961891615,961891626,961891617,961893947,0,961893951,961893953,961893958,1,2,3,9,11,2,2330,-961893947,961893951,2,5,2355
1137,964336297,964336298,964336300,964336307,964336315,964336317,964336315,964339812,0,964339815,964339818,964339823,1,2,7,15,2,0,3497,-964339812,964339815,3,5,3526
1138,964412240,964412241,964412243,964412251,964412261,964412272,964412257,964415557,0,964415560,964415565,964415570,1,2,8,18,11,-4,3300,-964415557,964415560,5,5,3330
1139,964422283,964422284,964422286,964422289,964422294,964422310,964422297,964425239,0,964425242,964425244,964425250,1,2,3,8,16,3,2942,-964425239,964425242,2,6,2967
1140,964497302,964497303,964497305,964497309,964497315,964497325,964497315,964500622,0,964500626,964500629,964500633,1,2,4,10,10,0,3307,-964500622,964500626,3,4,3331
1141,964935298,964935301,964935303,964935308,964935314,964935326,964935316,964938717,0,964938720,964938722,964938727,3,2,5,11,12,2,3401,-964938717,964938720,2,5,3429
1142,965055301,965055302,965055304,965055310,965055317,965055329,965055316,965058710,0,965058713,965058716,965058720,1,2,6,13,12,-1,3394,-965058710,965058713,3,4,3419
1143,965258310,965258311,965258313,965258318,965258323,965258331,965258324,965261615,0,965261617,965261619,965261624,1,2,5,10,8,1,3291,-965261615,965261617,2,5,3314
1144,965261760,965261761,965261763,965261766,965261770,965261786,965261773,965264293,0,965264296,965264299,965264305,1,2,3,7,16,3,2520,-965264293,965264296,3,6,2545
1145,965478740,965478741,965478743,965478746,965478751,965478760,965478753,965481676,0,965481679,965481681,965481686,1,2,3,8,9,2,2923,-965481676,965481679,2,5,2946
1146,965482472,965482473,965482475,965482478,965482481,965482489,965482483,965485737,0,965485741,965485743,965485748,1,2,3,6,8,2,3254,-965485737,965485741,2,5,3276
1147,965501622,965501623,965501625,965501628,965501631,965501642,965501633,965505030,0,965505034,965505036,965505041,1,2,3,6,11,2,3397,-965505030,965505034,2,5,3419
1148,965565316,965565318,965565320,965565323,965565327,965565338,965565330,965567568,0,965567570,965567572,965567578,2,2,3,7,11,3,2238,-965567568,965567570,2,6,2262
1149,965567527,965567530,965567532,965567535,965567538,965567553,965567541,965570362,0,965570365,965570367,965570370,3,2,3,6,15,3,2821,-965570362,965570365,2,3,2843
1150,965596569,965596570,965596572,965596574,965596579,965596592,965596581,965599596,0,965599600,965599602,965599607,1,2,2,7,13,2,3015,-965599596,965599600,2,5,3038
1151,965597324,965597325,965597327,965597329,965597333,965597349,965597336,965600505,0,965600507,965600509,965600513,1,2,2,6,16,3,3169,-965600505,965600507,2,4,3189
1152,965597407,965597407,965597409,965597412,965597415,965597429,965597418,965600627,0,965600629,965600631,965600635,0,2,3,6,14,3,3209,-965600627,965600629,2,4,3228
1153,965597538,965597539,965597541,965597544,965597547,965597563,965597550,965600702,0,965600704,965600706,965600712,1,2,3,6,16,3,3152,-965600702,965600704,2,6,3174
1154,965687319,965687320,965687322,965687326,965687331,965687349,965687334,965690561,0,965690563,965690565,965690570,1,2,4,9,18,3,3227,-965690561,965690563,2,5,3251
1155,965709041,965709042,965709043,965709047,965709051,965709063,965709054,965712256,0,965712258,965712260,965712265,1,1,4,8,12,3,3202,-965712256,965712258,2,5,3224
1156,965734262,965734263,965734265,965734268,965734273,965734290,965734276,965737255,0,965737258,965737260,965737264,1,2,3,8,17,3,2979,-965737255,965737258,2,4,3002
1157,965974437,965974438,965974440,965974446,965974451,965974462,965974452,965977685,0,965977687,965977690,965977696,1,2,6,11,11,1,3233,-965977685,965977687,3,6,3259
1158,966020538,966020539,966020541,966020544,966020548,966020565,966020551,966022836,0,966022839,966022841,966022845,1,2,3,7,17,3,2285,-966022836,966022839,2,4,2307
1159,966028452,966028453,966028455,966028457,966028461,966028477,966028463,966031643,0,966031646,966031648,966031653,1,2,2,6,16,2,3180,-966031643,966031646,2,5,3201
1160,966041043,966041044,966041046,966041048,966041052,966041063,966041054,966043995,0,966043998,966044001,966044006,1,2,2,6,11,2,2941,-966043995,966043998,3,5,2963
1161,966055075,966055076,966055078,966055081,966055085,966055100,966055088,966058145,0,966058147,966058150,966058154,1,2,3,7,15,3,3057,-966058145,966058147,3,4,3079
1162,966055105,966055106,966055108,966055111,966055115,966055124,966055115,966058383,0,966058385,966058387,966058392,1,2,3,7,9,0,3268,-966058383,966058385,2,5,3287
1163,966055246,966055246,966055248,966055251,966055254,966055280,966055258,966058576,0,966058578,966058580,966058587,0,2,3,6,26,4,3318,-966058576,966058578,2,7,3341
1164,966055253,966055254,966055259,966055261,966055264,966055280,966055264,966058692,0,966058693,966058695,966058702,1,5,2,5,16,0,3428,-966058692,966058693,2,7,3449
1165,966055345,966055346,966055347,966055350,966055353,966055366,966055355,966058848,0,966058850,966058852,966058867,1,1,3,6,13,2,3493,-966058848,966058850,2,15,3522
1166,966055469,966055469,966055471,966055473,966055477,966055490,966055479,966058858,0,966058859,966058860,966058874,0,2,2,6,13,2,3379,-966058858,966058859,1,14,3405
1167,966055840,966055843,966055845,966055847,966055851,966055865,966055853,966059002,0,966059004,966059005,966059023,3,2,2,6,14,2,3149,-966059002,966059004,1,18,3183
1168,966055869,966055870,966055872,966055874,966055878,966055887,966055879,966059010,0,966059011,966059013,966059031,1,2,2,6,9,1,3131,-966059010,966059011,2,18,3162
1169,966055978,966055979,966055981,966055983,966055987,966055994,966055989,966059101,0,966059103,966059104,966059112,1,2,2,6,7,2,3112,-966059101,966059103,1,8,3134
1170,966057083,966057086,966057088,966057090,966057093,966057104,966057095,966059507,0,966059509,966059511,966059516,3,2,2,5,11,2,2412,-966059507,966059509,2,5,2433
1171,966059631,966059632,966059633,966059637,966059642,966059648,966059643,966062607,0,966062609,966062612,966062616,1,1,4,9,6,1,2964,-966062607,966062609,3,4,2985
1172,966128708,966128709,966128711,966128714,966128719,966128735,966128722,966131466,0,966131468,966131470,966131475,1,2,3,8,16,3,2744,-966131466,966131468,2,5,2767
1173,967249373,967249374,967249376,967249382,967249388,967249396,967249389,967252393,0,967252396,967252400,967252404,1,2,6,12,8,1,3004,-967252393,967252396,4,4,3031
1174,968487640,968487641,968487643,968487650,968487660,968487661,968487658,968491170,0,968491173,968491175,968491180,1,2,7,17,1,-2,3512,-968491170,968491173,2,5,3540
1175,968704447,968704449,968704451,968704456,968704462,968704473,968704463,968706931,0,968706934,968706938,968706943,2,2,5,11,11,1,2468,-968706931,968706934,4,5,2496
1176,968716917,968716918,968716920,968716924,968716928,968716944,968716931,968719208,0,968719211,968719213,968719218,1,2,4,8,16,3,2277,-968719208,968719211,2,5,2301
1177,968725118,968725119,968725121,968725124,968725128,968725145,968725132,968728358,0,968728361,968728365,968728370,1,2,3,7,17,4,3226,-968728358,968728361,4,5,3252
1178,968737835,968737836,968737838,968737841,968737845,968737863,968737849,968740517,0,968740520,968740522,968740527,1,2,3,7,18,4,2668,-968740517,968740520,2,5,2692
1179,968840659,968840660,968840662,968840665,968840670,968840680,968840671,968843131,0,968843133,968843135,968843139,1,2,3,8,10,1,2460,-968843131,968843133,2,4,2480
1180,968874018,968874019,968874020,968874023,968874027,968874045,968874030,968876402,0,968876406,968876408,968876413,1,1,3,7,18,3,2372,-968876402,968876406,2,5,2395
1181,968898386,968898387,968898389,968898391,968898396,968898413,968898400,968900632,0,968900636,968900638,968900643,1,2,2,7,17,4,2232,-968900632,968900636,2,5,2257
1182,969630649,969630650,969630652,969630659,969630666,969630678,969630666,969633347,0,969633349,969633353,969633358,1,2,7,14,12,0,2681,-969633347,969633349,4,5,2709
1183,971022366,971022367,971022369,971022375,971022383,971022393,971022384,971025799,0,971025802,971025805,971025809,1,2,6,14,10,1,3415,-971025799,971025802,3,4,3443
1184,971034504,971034505,971034507,971034512,971034518,971034527,971034519,971036759,0,971036762,971036764,971036769,1,2,5,11,9,1,2240,-971036759,971036762,2,5,2265
1185,971610514,971610515,971610517,971610525,971610531,971610543,971610533,971613043,0,971613045,971613048,971613052,1,2,8,14,12,2,2510,-971613043,971613045,3,4,2538
1186,971757935,971757936,971757938,971757944,971757950,971757959,971757951,971760493,0,971760495,971760498,971760505,1,2,6,12,9,1,2542,-971760493,971760495,3,7,2570
1187,971922524,971922525,971922527,971922533,971922539,971922545,971922539,971925231,0,971925234,971925236,971925240,1,2,6,12,6,0,2692,-971925231,971925234,2,4,2716
1188,972024455,972024456,972024458,972024460,972024465,972024475,972024466,972026772,0,972026776,972026778,972026783,1,2,2,7,10,1,2306,-972026772,972026776,2,5,2328
1189,972046512,972046513,972046515,972046517,972046521,972046530,972046523,972049254,0,972049257,972049259,972049263,1,2,2,6,9,2,2731,-972049254,972049257,2,4,2751
1190,972258532,972258533,972258534,972258539,972258544,972258545,972258544,972261536,0,972261539,972261542,972261546,1,1,5,10,1,0,2992,-972261536,972261539,3,4,3014
1191,972258535,972258536,972258550,972258552,972258556,972258573,972258556,972261717,0,972261719,972261721,972261729,1,14,2,6,17,0,3161,-972261717,972261719,2,8,3194
1192,972522541,972522542,972522544,972522548,972522553,972522564,972522555,972525590,0,972525593,972525597,972525601,1,2,4,9,11,2,3035,-972525590,972525593,4,4,3060
1193,972522545,972522546,972522559,972522561,972522565,972522591,972522579,972525746,0,972525748,972525749,972525755,1,13,2,6,26,14,3167,-972525746,972525748,1,6,3210
1194,972546540,972546545,972546547,972546550,972546555,972546588,972546559,972549492,0,972549494,972549496,972549504,5,2,3,8,33,4,2933,-972549492,972549494,2,8,2964
1195,972546542,972546547,972546559,972546562,972546565,972546588,972546565,972549169,0,972549172,972549174,972549179,5,12,3,6,23,0,2604,-972549169,972549172,2,5,2637
1196,972546551,972546552,972546570,972546572,972546576,972546588,972546605,972549331,0,972549333,972549335,972549346,1,18,2,6,12,29,2726,-972549331,972549333,2,11,2795
1197,972546595,972546596,972546598,972546601,972546604,972546624,972546612,972549409,0,972549411,972549413,972549417,1,2,3,6,20,8,2797,-972549409,972549411,2,4,2822
1198,972594541,972594542,972594544,972594548,972594553,972594576,972594557,972596900,0,972596903,972596905,972596910,1,2,4,9,23,4,2343,-972596900,972596903,2,5,2369
1199,972594547,972594548,972594558,972594561,972594564,972594576,972594586,972597032,0,972597034,972597036,972597040,1,10,3,6,12,22,2446,-972597032,972597034,2,4,2493
1200,972810551,972810553,972810555,972810559,972810564,972810593,972810568,972813902,0,972813905,972813909,972813913,2,2,4,9,29,4,3334,-972813902,972813905,4,4,3362
1201,972810560,972810561,972810570,972810572,972810575,972810593,972810576,972814020,0,972814023,972814025,972814033,1,9,2,5,18,1,3444,-972814020,972814023,2,8,3473
1202,973146561,973146562,973146564,973146568,973146574,973146585,973146576,973149603,0,973149605,973149607,973149612,1,2,4,10,11,2,3027,-973149603,973149605,2,5,3051
1203,973146566,973146567,973146580,973146582,973146586,973146616,973146604,973149180,0,973149183,973149185,973149189,1,13,2,6,30,18,2576,-973149180,973149183,2,4,2623
1204,973626578,973626579,973626581,973626584,973626589,973626610,973626592,973629383,0,973629385,973629388,973629392,1,2,3,8,21,3,2791,-973629383,973629385,3,4,2814
1205,973626583,973626583,973626595,973626597,973626601,973626610,973626620,973629508,0,973629510,973629512,973629519,0,12,2,6,9,19,2888,-973629508,973629510,2,7,2936
1206,973698579,973698582,973698583,973698587,973698593,973698603,973698594,973701877,0,973701881,973701883,973701888,3,1,4,10,10,1,3283,-973701877,973701881,2,5,3309
1207,973812122,973812123,973812125,973812131,973812142,973812143,973812138,973815477,0,973815480,973815484,973815489,1,2,6,17,1,-4,3339,-973815477,973815480,4,5,3367
1208,973836770,973836771,973836773,973836777,973836782,973836792,973836784,973839722,0,973839726,973839728,973839733,1,2,4,9,10,2,2938,-973839722,973839726,2,5,2963
1209,974339946,974339947,974339949,974339954,974339960,974339970,974339961,974342464,0,974342467,974342470,974342474,1,2,5,11,10,1,2503,-974342464,974342467,3,4,2528
1210,974348239,974348240,974348242,974348245,974348250,974348258,974348251,974351590,0,974351593,974351596,974351600,1,2,3,8,8,1,3339,-974351590,974351593,3,4,3361
1211,974359986,974359987,974359988,974359991,974359996,974360005,974359997,974362234,0,974362237,974362239,974362244,1,1,3,8,9,1,2237,-974362234,974362237,2,5,2258
1212,974730617,974730618,974730620,974730627,974730633,974730642,974730635,974733770,0,974733773,974733776,974733782,1,2,7,13,9,2,3135,-974733770,974733773,3,6,3165
1213,974946622,974946623,974946625,974946628,974946633,974946650,974946636,974949104,0,974949107,974949109,974949114,1,2,3,8,17,3,2468,-974949104,974949107,2,5,2492
1214,975463867,975463868,975463871,975463875,975463880,975463887,975463881,975467099,0,975467102,975467105,975467109,1,3,4,9,7,1,3218,-975467099,975467102,3,4,3242
1215,975480643,975480644,975480646,975480650,975480654,975480670,975480657,975483601,0,975483603,975483606,975483611,1,2,4,8,16,3,2944,-975483601,975483603,3,5,2968
1216,975757661,975757662,975757664,975757668,975757674,975757682,975757675,975760225,0,975760228,975760230,975760235,1,2,4,10,8,1,2550,-975760225,975760228,2,5,2574
1217,976165678,976165679,976165681,976165686,976165692,976165700,976165693,976168691,0,976168693,976168695,976168700,1,2,5,11,8,1,2998,-976168691,976168693,2,5,3022
1218,976533500,976533507,976533509,976533512,976533516,976533534,976533519,976536302,0,976536305,976536308,976536313,7,2,3,7,18,3,2783,-976536302,976536305,3,5,2813
1219,976533506,976533509,976533521,976533523,976533527,976533534,976533546,976536437,0,976536439,976536441,976536450,3,12,2,6,7,19,2891,-976536437,976536439,2,9,2944
1220,976770522,976770523,976770525,976770530,976770536,976770545,976770537,976773284,0,976773287,976773290,976773294,1,2,5,11,9,1,2747,-976773284,976773287,3,4,2772
1221,976858217,976858218,976858220,976858227,976858232,976858242,976858234,976860740,0,976860743,976860746,976860750,1,2,7,12,10,2,2506,-976860740,976860743,3,4,2533
1222,976863606,976863607,976863609,976863613,976863617,976863627,976863620,976866004,0,976866007,976866009,976866013,1,2,4,8,10,3,2384,-976866004,976866007,2,4,2407
1223,976880871,976880875,976880877,976880880,976880885,976880892,976880886,976884249,0,976884252,976884254,976884259,4,2,3,8,7,1,3363,-976884249,976884252,2,5,3388
1224,977182996,977182997,977182999,977183003,977183009,977183019,977183010,977186210,0,977186212,977186216,977186221,1,2,4,10,10,1,3200,-977186210,977186212,4,5,3225
1225,977208696,977208697,977208699,977208703,977208709,977208719,977208710,977211743,0,977211747,977211749,977211754,1,2,4,10,10,1,3033,-977211743,977211747,2,5,3058
1226,977208723,977208724,977208726,977208728,977208732,977208743,977208734,977211919,0,977211920,977211922,977211930,1,2,2,6,11,2,3185,-977211919,977211920,2,8,3207
1227,977211954,977211956,977211958,977211961,977211966,977211976,977211967,977214380,0,977214383,977214385,977214390,2,2,3,8,10,1,2413,-977214380,977214383,2,5,2436
1228,977280694,977280695,977280697,977280704,977280709,977280720,977280711,977283449,0,977283452,977283454,977283459,1,2,7,12,11,2,2738,-977283449,977283452,2,5,2765
1229,977284151,977284152,977284154,977284157,977284161,977284177,977284164,977286583,0,977286586,977286588,977286592,1,2,3,7,16,3,2419,-977286583,977286586,2,4,2441
1230,977316519,977316520,977316522,977316527,977316532,977316553,977316534,977319596,0,977319599,977319601,977319605,1,2,5,10,21,2,3062,-977319596,977319599,2,4,3086
1231,977316527,977316528,977316537,977316539,977316543,977316553,977316563,977319733,0,977319735,977319736,977319741,1,9,2,6,10,20,3170,-977319733,977319735,1,5,3214
1232,977328703,977328705,977328707,977328709,977328713,977328725,977328715,977331646,0,977331648,977331651,977331655,2,2,2,6,12,2,2931,-977331646,977331648,3,4,2952
1233,977328709,977328710,977328718,977328720,977328724,977328777,977328742,977331817,0,977331819,977331821,977331826,1,8,2,6,53,18,3075,-977331817,977331819,2,5,3117
1234,977328730,977328733,977328737,977328739,977328742,977328777,977328748,977331935,0,977331937,977331939,977331947,3,4,2,5,35,6,3187,-977331935,977331937,2,8,3217
1235,977328730,977328733,977328747,977328749,977328752,977328777,977328753,977331941,0,977331942,977331944,977331952,3,14,2,5,25,1,3188,-977331941,977331942,2,8,3222
1236,977548039,977548040,977548042,977548049,977548055,977548066,977548057,977550598,0,977550600,977550602,977550607,1,2,7,13,11,2,2541,-977550598,977550600,2,5,2568
1237,977568707,977568708,977568710,977568714,977568719,977568730,977568720,977571358,0,977571361,977571363,977571368,1,2,4,9,11,1,2638,-977571358,977571361,2,5,2661
1238,977594488,977594489,977594491,977594495,977594500,977594519,977594506,977596813,0,977596816,977596819,977596823,1,2,4,9,19,6,2307,-977596813,977596816,3,4,2335
1239,977599280,977599281,977599283,977599286,977599290,977599307,977599294,977602516,0,977602519,977602521,977602526,1,2,3,7,17,4,3222,-977602516,977602519,2,5,3246
1240,977616704,977616705,977616707,977616711,977616716,977616732,977616718,977619924,0,977619927,977619930,977619935,1,2,4,9,16,2,3206,-977619924,977619927,3,5,3231
1241,977910720,977910721,977910723,977910729,977910735,977910752,977910738,977913504,0,977913507,977913511,977913516,1,2,6,12,17,3,2766,-977913504,977913507,4,5,2796
1242,978113642,978113643,978113645,978113649,978113655,978113666,978113658,978116014,0,978116016,978116019,978116023,1,2,4,10,11,3,2356,-978116014,978116016,3,4,2381
1243,978117393,978117394,978117396,978117399,978117403,978117412,978117405,978120341,0,978120344,978120347,978120351,1,2,3,7,9,2,2936,-978120341,978120344,3,4,2958
1244,978658621,978658622,978658624,978658630,978658639,978658648,978658637,978661921,0,978661924,978661928,978661932,1,2,6,15,9,-2,3284,-978661921,978661924,4,4,3311
1245,978668215,978668216,978668218,978668224,978668229,978668236,978668230,978670563,0,978670566,978670568,978670573,1,2,6,11,7,1,2333,-978670563,978670566,2,5,2358
1246,978938139,978938140,978938143,978938148,978938156,978938166,978938155,978941574,0,978941577,978941580,978941584,1,3,5,13,10,-1,3419,-978941574,978941577,3,4,3445
1247,978970762,978970763,978970765,978970768,978970774,978970783,978970775,978973937,0,978973940,978973943,978973947,1,2,3,9,9,1,3162,-978973937,978973940,3,4,3185
1248,978980575,978980576,978980578,978980581,978980587,978980596,978980588,978983937,0,978983941,978983943,978983948,1,2,3,9,9,1,3349,-978983937,978983941,2,5,3373
1249,979113053,979113053,979113055,979113060,979113065,979113076,979113068,979115915,0,979115918,979115922,979115926,0,2,5,10,11,3,2847,-979115915,979115918,4,4,2873
1250,979116298,979116299,979116301,979116304,979116308,979116317,979116309,979118620,0,979118623,979118625,979118630,1,2,3,7,9,1,2311,-979118620,979118623,2,5,2332
1251,979477912,979477913,979477915,979477919,979477926,979477936,979477925,979481201,0,979481203,979481206,979481210,1,2,4,11,10,-1,3276,-979481201,979481203,3,4,3298
1252,979590666,979590667,979590669,979590673,979590678,979590686,979590679,979594191,0,979594194,979594196,979594201,1,2,4,9,8,1,3512,-979594191,979594194,2,5,3535
1253,979846812,979846813,979846815,979846819,979846826,979846836,979846826,979850034,0,979850036,979850039,979850043,1,2,4,11,10,0,3208,-979850034,979850036,3,4,3231
1254,980014120,980014121,980014122,980014126,980014131,980014142,980014134,980016543,0,980016546,980016549,980016555,1,1,4,9,11,3,2409,-980016543,980016546,3,6,2435
1255,980313856,980313858,980313860,980313865,980313872,980313873,980313872,980316193,0,980316196,980316198,980316203,2,2,5,12,1,0,2321,-980316193,980316196,2,5,2347
1256,980763002,980763004,980763006,980763011,980763017,980763029,980763020,980766297,0,980766300,980766303,980766307,2,2,5,11,12,3,3277,-980766297,980766300,3,4,3305
1257,981276826,981276829,981276831,981276835,981276840,981276851,981276842,981279401,0,981279404,981279406,981279411,3,2,4,9,11,2,2559,-981279401,981279404,2,5,2585
1258,984684948,984684950,984684952,984684961,984684974,984684984,984684970,984688271,0,984688274,984688277,984688281,2,2,9,22,10,-4,3301,-984688271,984688274,3,4,3333
1259,985422088,985422089,985422091,985422097,985422105,985422107,985422104,985425367,0,985425370,985425372,985425377,1,2,6,14,2,-1,3263,-985425367,985425370,2,5,3289
1260,985427858,985427859,985427861,985427865,985427871,985427879,985427871,985430939,0,985430941,985430943,985430948,1,2,4,10,8,0,3068,-985430939,985430941,2,5,3090
1261,985431622,985431623,985431625,985431629,985431634,985431645,985431638,985434670,0,985434673,985434675,985434680,1,2,4,9,11,4,3032,-985434670,985434673,2,5,3058
1262,985435266,985435267,985435269,985435272,985435278,985435286,985435279,985438431,0,985438435,985438438,985438442,1,2,3,9,8,1,3152,-985438431,985438435,3,4,3176
1263,985439085,985439086,985439088,985439091,985439097,985439106,985439098,985442311,0,985442314,985442316,985442321,1,2,3,9,9,1,3213,-985442311,985442314,2,5,3236
1264,985444041,985444042,985444043,985444047,985444052,985444060,985444052,985447180,0,985447183,985447186,985447192,1,1,4,9,8,0,3128,-985447180,985447183,3,6,3151
1265,985455179,985455180,985455182,985455185,985455190,985455199,985455192,985458512,0,985458514,985458517,985458521,1,2,3,8,9,2,3320,-985458512,985458514,3,4,3342
1266,985463694,985463695,985463696,985463700,985463705,985463715,985463706,985466869,0,985466872,985466875,985466879,1,1,4,9,10,1,3163,-985466869,985466872,3,4,3185
1267,987432170,987432171,987432173,987432180,987432190,987432192,987432188,987435557,0,987435560,987435563,987435568,1,2,7,17,2,-2,3369,-987435557,987435560,3,5,3398
1268,991199071,991199074,991199076,991199087,991199098,991199100,991199096,991201467,0,991201470,991201473,991201477,3,2,11,22,2,-2,2371,-991201467,991201470,3,4,2406
1269,991201865,991201869,991201870,991201874,991201879,991201889,991201880,991204054,0,991204057,991204059,991204064,4,1,4,9,10,1,2174,-991204054,991204057,2,5,2199
1270,991324864,991324865,991324867,991324873,991324882,991324892,991324879,991328392,0,991328395,991328398,991328402,1,2,6,15,10,-3,3513,-991328392,991328395,3,4,3538
1271,991880431,991880432,991880434,991880442,991880451,991880460,991880451,991884268,0,991884271,991884273,991884278,1,2,8,17,9,0,3817,-991884268,991884271,2,5,3847
1272,992424455,992424457,992424458,992424465,992424471,992424482,992424471,992427442,0,992427446,992427448,992427452,2,1,7,13,11,0,2971,-992427442,992427446,2,4,2997
1273,992427676,992427677,992427679,992427682,992427687,992427696,992427688,992430032,0,992430035,992430037,992430042,1,2,3,8,9,1,2344,-992430032,992430035,2,5,2366
1274,993295168,993295169,993295171,993295178,993295187,993295200,993295189,993298489,0,993298491,993298494,993298498,1,2,7,16,13,2,3300,-993298489,993298491,3,4,3330
1275,993295175,993295176,993295194,993295197,993295202,993295227,993295216,993298645,0,993298647,993298649,993298653,1,18,3,8,25,14,3429,-993298645,993298647,2,4,3478
1276,993298664,993298665,993298666,993298670,993298676,993298686,993298677,993301915,0,993301918,993301920,993301925,1,1,4,10,10,1,3238,-993301915,993301918,2,5,3261
1277,994090439,994090440,994090442,994090450,994090459,994090462,994090458,994093065,0,994093067,994093070,994093074,1,2,8,17,3,-1,2607,-994093065,994093067,3,4,2635
1278,996716326,996716327,996716329,996716337,996716349,996716350,996716345,996719634,0,996719637,996719641,996719646,1,2,8,20,1,-4,3289,-996719634,996719637,4,5,3320
1279,998213397,998213398,998213400,998213408,998213417,998213432,998213418,998216564,0,998216567,998216570,998216574,1,2,8,17,15,1,3146,-998216564,998216567,3,4,3177
1280,606357,606358,606360,606369,606381,606383,606377,609818,0,609821,609825,609830,1,2,9,21,2,-4,3441,-609818,609821,4,5,3473
1281,1486163,1486164,1486166,1486172,1486179,1486189,1486180,1488513,0,1488516,1488520,1488526,1,2,6,13,10,1,2333,-1488513,1488516,4,6,2363
1282,1496486,1496487,1496489,1496493,1496498,1496511,1496500,1499135,0,1499138,1499140,1499145,1,2,4,9,13,2,2635,-1499135,1499138,2,5,2659
1283,2630552,2630553,2630555,2630562,2630571,2630581,2630570,2634072,0,2634076,2634080,2634084,1,2,7,16,10,-1,3502,-2634072,2634076,4,4,3532
1284,2900178,2900179,2900181,2900188,2900197,2900206,2900195,2903543,0,2903546,2903549,2903554,1,2,7,16,9,-2,3348,-2903543,2903546,3,5,3376
1285,3062615,3062616,3062618,3062622,3062629,3062638,3062628,3066050,0,3066054,3066056,3066060,1,2,4,11,9,-1,3422,-3066050,3066054,2,4,3445
1286,3301563,3301566,3301568,3301575,3301584,3301591,3301581,3304911,0,3304913,3304916,3304920,3,2,7,16,7,-3,3330,-3304911,3304913,3,4,3357
1287,4737589,4737590,4737592,4737600,4737609,4737618,4737610,4741179,0,4741182,4741185,4741190,1,2,8,17,9,1,3569,-4741179,4741182,3,5,3601
1288,4737601,4737602,4737616,4737619,4737625,4737643,4737631,4741330,0,4741332,4741334,4741339,1,14,3,9,18,6,3699,-4741330,4741332,2,5,3738
1289,4857585,4857587,4857589,4857594,4857600,4857610,4857601,4860114,0,4860117,4860120,4860125,2,2,5,11,10,1,2513,-4860114,4860117,3,5,2540
1290,7200487,7200490,7200492,7200499,7200512,7200520,7200510,7203831,0,7203835,7203837,7203842,3,2,7,20,8,-2,3321,-7203831,7203835,2,5,3355
1291,7409667,7409668,7409670,7409675,7409683,7409685,7409684,7413034,0,7413036,7413039,7413044,1,2,5,13,2,1,3350,-7413034,7413036,3,5,3377
1292,7512209,7512210,7512211,7512216,7512222,7512230,7512223,7515739,0,7515741,7515744,7515748,1,1,5,11,8,1,3516,-7515739,7515741,3,4,3539
1293,7513861,7513862,7513863,7513866,7513871,7513887,7513873,7516845,0,7516847,7516849,7516852,1,1,3,8,16,2,2972,-7516845,7516847,2,3,2991
1294,7515441,7515442,7515444,7515447,7515451,7515467,7515454,7518400,0,7518403,7518405,7518409,1,2,3,7,16,3,2946,-7518400,7518403,2,4,2968
1295,7529666,7529669,7529671,7529675,7529680,7529702,7529683,7532953,0,7532955,7532957,7532962,3,2,4,9,22,3,3270,-7532953,7532955,2,5,3296
1296,7529668,7529671,7529685,7529688,7529692,7529702,7529712,7533093,0,7533095,7533097,7533102,3,14,3,7,10,20,3381,-7533093,7533095,2,5,3434
1297,7529676,7529677,7529697,7529699,7529702,7529729,7529717,7533166,0,7533168,7533170,7533174,1,20,2,5,27,15,3449,-7533166,7533168,2,4,3498
1298,7842435,7842436,7842438,7842442,7842447,7842459,7842450,7844892,0,7844895,7844899,7844904,1,2,4,9,12,3,2442,-7844892,7844895,4,5,2469
1299,12875876,12875879,12875881,12875894,12875909,12875910,12875904,12879182,0,12879185,12879188,12879193,3,2,13,28,1,-5,3278,-12879182,12879185,3,5,3317
1300,13387880,13387881,13387883,13387890,13387897,13387908,13387897,13390433,0,13390435,13390438,13390442,1,2,7,14,11,0,2536,-13390433,13390435,3,4,2562
1301,14205122,14205123,14205125,14205133,14205140,14205152,14205141,14207435,0,14207437,14207441,14207446,1,2,8,15,12,1,2294,-14207435,14207437,4,5,2324
1302,14582903,14582904,14582907,14582913,14582923,14582924,14582921,14586216,0,14586218,14586221,14586226,1,3,6,16,1,-2,3295,-14586216,14586218,3,5,3323
1303,14606893,14606894,14606896,14606901,14606907,14606913,14606907,14610142,0,14610144,14610147,14610151,1,2,5,11,6,0,3235,-14610142,14610144,3,4,3258
1304,16061777,16061778,16061780,16061787,16061794,16061803,16061795,16064353,0,16064356,16064358,16064362,1,2,7,14,9,1,2558,-16064353,16064356,2,4,2585
1305,17361349,17361350,17361352,17361361,17361373,17361375,17361369,17364726,0,17364729,17364732,17364736,1,2,9,21,2,-4,3357,-17364726,17364729,3,4,3387
1306,17964927,17964929,17964931,17964939,17964947,17964958,17964946,17967328,0,17967331,17967334,17967339,2,2,8,16,11,-1,2382,-17967328,17967331,3,5,2412
1307,17976163,17976164,17976166,17976169,17976174,17976184,17976176,17978541,0,17978543,17978546,17978551,1,2,3,8,10,2,2365,-17978541,17978543,3,5,2388
1308,18224061,18224062,18224064,18224069,18224075,18224084,18224076,18227480,0,18227482,18227486,18227491,1,2,5,11,9,1,3404,-18227480,18227482,4,5,3430
1309,18390454,18390455,18390457,18390463,18390472,18390480,18390470,18393990,0,18393993,18393996,18394001,1,2,6,15,8,-2,3520,-18393990,18393993,3,5,3547
1310,18390458,18390459,18390480,18390482,18390488,18390510,18390492,18394322,0,18394326,18394328,18394336,1,21,2,8,22,4,3830,-18394322,18394326,2,8,3878
1311,18922392,18922393,18922394,18922399,18922405,18922419,18922410,18924699,0,18924701,18924704,18924709,1,1,5,11,14,5,2289,-18924699,18924701,3,5,2317
1312,18922499,18922500,18922505,18922508,18922512,18922521,18922513,18924842,0,18924844,18924847,18924851,1,5,3,7,9,1,2329,-18924842,18924844,3,4,2352
1313,20627113,20627114,20627116,20627123,20627129,20627138,20627131,20629563,0,20629565,20629568,20629572,1,2,7,13,9,2,2432,-20629563,20629565,3,4,2459
1314,21641942,21641943,21641945,21641951,21641958,21641969,21641960,21644765,0,21644768,21644771,21644776,1,2,6,13,11,2,2805,-21644765,21644768,3,5,2834
1315,21806157,21806158,21806160,21806167,21806177,21806178,21806174,21809486,0,21809489,21809492,21809496,1,2,7,17,1,-3,3312,-21809486,21809489,3,4,3339
1316,21831518,21831519,21831521,21831525,21831530,21831539,21831531,21833857,0,21833859,21833862,21833866,1,2,4,9,9,1,2326,-21833857,21833859,3,4,2348
1317,21844118,21844119,21844121,21844125,21844130,21844139,21844132,21846492,0,21846495,21846498,21846506,1,2,4,9,9,2,2360,-21846492,21846495,3,8,2388
1318,22926170,22926174,22926176,22926183,22926190,22926203,22926193,22929206,0,22929208,22929212,22929217,4,2,7,14,13,3,3013,-22929206,22929208,4,5,3047
1319,22926184,22926185,22926197,22926199,22926203,22926228,22926217,22929342,0,22929344,22929345,22929351,1,12,2,6,25,14,3125,-22929342,22929344,1,6,3167
1320,23094168,23094169,23094171,23094175,23094179,23094196,23094182,23096533,0,23096535,23096539,23096544,1,2,4,8,17,3,2351,-23096533,23096535,4,5,2376
1321,24563223,24563224,24563226,24563231,24563238,24563250,24563240,24565567,0,24565570,24565573,24565577,1,2,5,12,12,2,2327,-24565567,24565570,3,4,2354
1322,24897542,24897543,24897545,24897551,24897557,24897568,24897558,24900519,0,24900523,24900526,24900530,1,2,6,12,11,1,2961,-24900519,24900523,3,4,2988
1323,24933545,24933546,24933548,24933553,24933559,24933568,24933559,24936437,0,24936440,24936444,24936448,1,2,5,11,9,0,2878,-24936437,24936440,4,4,2903
1324,26307719,26307723,26307725,26307732,26307742,26307749,26307740,26311181,0,26311184,26311188,26311192,4,2,7,17,7,-2,3441,-26311181,26311184,4,4,3473
1325,26363741,26363743,26363745,26363749,26363755,26363764,26363756,26366798,0,26366801,26366806,26366811,2,2,4,10,9,1,3042,-26366798,26366801,5,5,3070
1326,28237344,28237345,28237347,28237354,28237362,28237370,28237363,28240137,0,28240140,28240143,28240147,1,2,7,15,8,1,2774,-28240137,28240140,3,4,2803
1327,28261337,28261338,28261340,28261346,28261351,28261362,28261353,28264030,0,28264032,28264035,28264040,1,2,6,11,11,2,2677,-28264030,28264032,3,5,2703
1328,28395344,28395345,28395347,28395352,28395357,28395364,28395358,28397789,0,28397791,28397794,28397798,1,2,5,10,7,1,2431,-28397789,28397791,3,4,2454
1329,29122835,29122836,29122838,29122844,29122851,29122861,29122852,29125144,0,29125146,29125150,29125153,1,2,6,13,10,1,2292,-29125144,29125146,4,3,2318
1330,30571193,30571195,30571197,30571206,30571217,30571219,30571213,30574687,0,30574690,30574695,30574700,2,2,9,20,2,-4,3474,-30574687,30574690,5,5,3507
1331,30571276,30571277,30571279,30571285,30571292,30571293,30571291,30574854,0,30574856,30574858,30574863,1,2,6,13,1,-1,3563,-30574854,30574856,2,5,3587
1332,30572395,30572396,30572398,30572404,30572411,30572420,30572410,30575655,0,30575657,30575660,30575664,1,2,6,13,9,-1,3245,-30575655,30575657,3,4,3269
1333,30572473,30572474,30572476,30572482,30572489,30572490,30572487,30575800,0,30575802,30575804,30575810,1,2,6,13,1,-2,3313,-30575800,30575802,2,6,3337
1334,30900500,30900503,30900505,30900511,30900519,30900529,30900518,30902793,0,30902795,30902799,30902803,3,2,6,14,10,-1,2275,-30902793,30902795,4,4,2303
1335,31125248,31125251,31125253,31125258,31125265,31125267,31125265,31128230,0,31128233,31128237,31128241,3,2,5,12,2,0,2965,-31128230,31128233,4,4,2993
1336,31681453,31681454,31681456,31681463,31681472,31681484,31681471,31685023,0,31685026,31685029,31685033,1,2,7,16,12,-1,3552,-31685023,31685026,3,4,3580
1337,31681473,31681474,31681479,31681482,31681488,31681512,31681496,31685213,0,31685215,31685217,31685224,1,5,3,9,24,8,3717,-31685213,31685215,2,7,3751
1338,31717446,31717447,31717449,31717454,31717460,31717467,31717461,31720775,0,31720777,31720781,31720786,1,2,5,11,7,1,3314,-31720775,31720777,4,5,3340
1339,31781377,31781378,31781380,31781385,31781391,31781392,31781391,31783605,0,31783609,31783612,31783616,1,2,5,11,1,0,2214,-31783605,31783609,3,4,2239
1340,31841466,31841468,31841470,31841474,31841480,31841487,31841481,31843864,0,31843867,31843870,31843875,2,2,4,10,7,1,2383,-31843864,31843867,3,5,2409
1341,32297482,32297483,32297485,32297489,32297495,32297524,32297499,32300801,0,32300804,32300806,32300811,1,2,4,10,29,4,3302,-32300801,32300804,2,5,3329
1342,32297488,32297488,32297504,32297506,32297511,32297524,32297533,32300959,0,32300961,32300963,32300967,0,16,2,7,13,22,3426,-32300959,32300961,2,4,3479
1343,32315465,32315468,32315470,32315474,32315478,32315505,32315482,32318621,0,32318624,32318627,32318630,3,2,4,8,27,4,3139,-32318621,32318624,3,3,3165
1344,32315467,32315470,32315483,32315485,32315489,32315505,32315517,32318794,0,32318795,32318797,32318804,3,13,2,6,16,28,3277,-32318794,32318795,2,7,3337
1345,32321468,32321469,32321471,32321474,32321479,32321490,32321481,32323803,0,32323806,32323809,32323813,1,2,3,8,11,2,2322,-32323803,32323806,3,4,2345
1346,32321473,32321475,32321484,32321486,32321490,32321520,32321506,32323890,0,32323892,32323894,32323899,2,9,2,6,30,16,2384,-32323890,32323892,2,5,2426
1347,32324215,32324216,32324218,32324221,32324225,32324241,32324227,32327155,0,32327157,32327160,32327165,1,2,3,7,16,2,2928,-32327155,32327157,3,5,2950
1348,32324221,32324221,32324229,32324231,32324235,32324241,32324251,32327282,0,32327284,32327286,32327291,0,8,2,6,6,16,3031,-32327282,32327284,2,5,3070
1349,32465477,32465478,32465480,32465483,32465487,32465498,32465489,32468496,0,32468498,32468503,32468509,1,2,3,7,11,2,3007,-32468496,32468498,5,6,3032
1350,32465482,32465483,32465492,32465494,32465497,32465528,32465515,32468621,0,32468623,32468625,32468629,1,9,2,5,31,18,3106,-32468621,32468623,2,4,3147
1351,32794575,32794576,32794578,32794582,32794588,32794598,32794589,32798010,0,32798012,32798016,32798021,1,2,4,10,10,1,3421,-32798010,32798012,4,5,3446
1352,34027541,34027542,34027544,34027551,34027561,34027573,34027560,34030974,0,34030977,34030980,34030985,1,2,7,17,12,-1,3414,-34030974,34030977,3,5,3444
1353,34027552,34027553,34027567,34027570,34027576,34027610,34027585,34031156,0,34031158,34031160,34031168,1,14,3,9,34,9,3571,-34031156,34031158,2,8,3616
1354,34027552,34027553,34027581,34027583,34027588,34027610,34027593,34031161,0,34031165,34031167,34031173,1,28,2,7,22,5,3568,-34031161,34031165,2,6,3621
1355,34127545,34127546,34127548,34127555,34127561,34127568,34127562,34130531,0,34130533,34130536,34130541,1,2,7,13,7,1,2969,-34130531,34130533,3,5,2996
1356,34151533,34151534,34151536,34151539,34151544,34151555,34151547,34154621,0,34154623,34154626,34154631,1,2,3,8,11,3,3074,-34154621,34154623,3,5,3098
1357,34605929,34605929,34605932,34605939,34605947,34605959,34605947,34609275,0,34609278,34609280,34609286,0,3,7,15,12,0,3328,-34609275,34609278,2,6,3357
1358,37478992,37478995,37478997,37479005,37479013,37479025,37479014,37481554,0,37481557,37481559,37481564,3,2,8,16,12,1,2540,-37481554,37481557,2,5,2572
1359,37535626,37535627,37535629,37535635,37535644,37535655,37535642,37538844,0,37538846,37538850,37538853,1,2,6,15,11,-2,3202,-37538844,37538846,4,3,3227
1360,37560749,37560750,37560751,37560756,37560762,37560769,37560763,37563814,0,37563817,37563819,37563823,1,1,5,11,7,1,3051,-37563814,37563817,2,4,3074
1361,38085340,38085341,38085343,38085349,38085357,38085367,38085356,38088698,0,38088700,38088705,38088709,1,2,6,14,10,-1,3342,-38088698,38088700,5,4,3369
1362,38254211,38254212,38254214,38254218,38254223,38254230,38254224,38256419,0,38256422,38256424,38256429,1,2,4,9,7,1,2195,-38256419,38256422,2,5,2218
1363,38874215,38874216,38874218,38874223,38874230,38874242,38874234,38876625,0,38876628,38876631,38876635,1,2,5,12,12,4,2391,-38876625,38876628,3,4,2420
1364,38878005,38878006,38878008,38878011,38878016,38878025,38878018,38881239,0,38881242,38881245,38881248,1,2,3,8,9,2,3221,-38881239,38881242,3,3,3243
1365,38941507,38941508,38941510,38941517,38941526,38941528,38941522,38944685,0,38944688,38944691,38944695,1,2,7,16,2,-4,3163,-38944685,38944688,3,4,3188
1366,38941584,38941585,38941587,38941592,38941599,38941601,38941597,38944887,0,38944889,38944891,38944895,1,2,5,12,2,-2,3290,-38944887,38944889,2,4,3311
1367,38942629,38942630,38942632,38942639,38942648,38942648,38942645,38945750,0,38945752,38945755,38945760,1,2,7,16,0,-3,3105,-38945750,38945752,3,5,3131
1368,38942783,38942784,38942786,38942791,38942798,38942798,38942796,38945795,0,38945796,38945799,38945803,1,2,5,12,0,-2,2999,-38945795,38945796,3,4,3020
1369,38943511,38943512,38943514,38943519,38943526,38943527,38943525,38946793,0,38946796,38946798,38946802,1,2,5,12,1,-1,3268,-38946793,38946796,2,4,3291
1370,40499217,40499218,40499220,40499227,40499233,40499235,40499233,40502620,0,40502622,40502626,40502631,1,2,7,13,2,0,3387,-40502620,40502622,4,5,3414
1371,40584741,40584742,40584744,40584750,40584758,40584759,40584756,40587984,0,40587987,40587989,40587993,1,2,6,14,1,-2,3228,-40587984,40587987,2,4,3252
1372,40765738,40765739,40765741,40765746,40765754,40765763,40765754,40768711,0,40768714,40768718,40768723,1,2,5,13,9,0,2957,-40768711,40768714,4,5,2985
1373,42746802,42746803,42746805,42746811,42746818,42746829,42746820,42749425,0,42749428,42749432,42749437,1,2,6,13,11,2,2605,-42749425,42749428,4,5,2635
1374,43218812,43218813,43218815,43218820,43218827,43218837,43218828,43221188,0,43221191,43221194,43221198,1,2,5,12,10,1,2360,-43221188,43221191,3,4,2386
1375,43221702,43221702,43221704,43221708,43221712,43221722,43221715,43223943,0,43223946,43223948,43223953,0,2,4,8,10,3,2228,-43223943,43223946,2,5,2251
1376,43543150,43543152,43543153,43543159,43543165,43543175,43543166,43545499,0,43545507,43545511,43545516,2,1,6,12,10,1,2333,-43545499,43545507,4,5,2366
1377,43811190,43811191,43811193,43811199,43811206,43811216,43811207,43814567,0,43814570,43814574,43814578,1,2,6,13,10,1,3360,-43814567,43814570,4,4,3388
1378,43814926,43814927,43814929,43814932,43814938,43814946,43814937,43818145,0,43818147,43818151,43818156,1,2,3,9,8,-1,3208,-43818145,43818147,4,5,3230
1379,44017421,44017422,44017424,44017428,44017433,44017442,44017435,44019818,0,44019821,44019824,44019828,1,2,4,9,9,2,2383,-44019818,44019821,3,4,2407
1380,44199799,44199800,44199803,44199809,44199814,44199822,44199814,44202239,0,44202241,44202244,44202248,1,3,6,11,8,0,2425,-44202239,44202241,3,4,2449
1381,44488450,44488451,44488453,44488457,44488462,44488472,44488464,44490975,0,44490977,44490980,44490985,1,2,4,9,10,2,2511,-44490975,44490977,3,5,2535
1382,44932464,44932465,44932467,44932471,44932477,44932488,44932480,44934910,0,44934913,44934916,44934920,1,2,4,10,11,3,2430,-44934910,44934913,3,4,2456
1383,44937508,44937509,44937511,44937515,44937519,44937529,44937521,44941259,0,44941261,44941264,44941268,1,2,4,8,10,2,3738,-44941259,44941261,3,4,3760
1384,44942001,44942002,44942003,44942007,44942011,44942021,44942014,44944699,0,44944701,44944703,44944708,1,1,4,8,10,3,2685,-44944699,44944701,2,5,2707
1385,45067827,45067828,45067829,45067833,45067837,45067847,45067839,45070221,0,45070223,45070226,45070230,1,1,4,8,10,2,2382,-45070221,45070223,3,4,2403
1386,45153654,45153655,45153657,45153661,45153665,45153675,45153667,45156034,0,45156037,45156039,45156044,1,2,4,8,10,2,2367,-45156034,45156037,2,5,2390
1387,45265825,45265826,45265827,45265830,45265835,45265843,45265836,45269018,0,45269021,45269023,45269028,1,1,3,8,8,1,3182,-45269018,45269021,2,5,3203
1388,45950976,45950977,45950978,45950983,45950988,45950999,45950990,45953500,0,45953505,45953508,45953513,1,1,5,10,11,2,2510,-45953500,45953505,3,5,2537
1389,45956656,45956657,45956659,45956662,45956666,45956676,45956668,45959652,0,45959655,45959658,45959662,1,2,3,7,10,2,2984,-45959652,45959655,3,4,3006
1390,45960669,45960670,45960672,45960675,45960679,45960687,45960680,45963510,0,45963512,45963515,45963520,1,2,3,7,8,1,2830,-45963510,45963512,3,5,2851
1391,45970906,45970907,45970909,45970912,45970916,45970925,45970917,45973898,0,45973901,45973904,45973908,1,2,3,7,9,1,2981,-45973898,45973901,3,4,3002
1392,45975281,45975282,45975283,45975286,45975290,45975299,45975292,45977456,0,45977459,45977463,45977471,1,1,3,7,9,2,2164,-45977456,45977459,4,8,2190
1393,45979844,45979845,45979847,45979850,45979854,45979864,45979856,45982729,0,45982731,45982734,45982739,1,2,3,7,10,2,2873,-45982729,45982731,3,5,2895
1394,45985032,45985033,45985035,45985038,45985042,45985051,45985044,45988011,0,45988015,45988017,45988022,1,2,3,7,9,2,2967,-45988011,45988015,2,5,2990
1395,45989389,45989390,45989392,45989395,45989399,45989408,45989400,45991612,0,45991614,45991617,45991621,1,2,3,7,9,1,2212,-45991612,45991614,3,4,2232
1396,46130739,46130740,46130742,46130749,46130756,46130758,46130756,46133135,0,46133137,46133140,46133144,1,2,7,14,2,0,2379,-46133135,46133137,3,4,2405
1397,46316857,46316860,46316862,46316869,46316877,46316884,46316876,46320064,0,46320067,46320071,46320076,3,2,7,15,7,-1,3188,-46320064,46320067,4,5,3219
1398,46323920,46323922,46323924,46323928,46323934,46323940,46323934,46327125,0,46327128,46327130,46327135,2,2,4,10,6,0,3191,-46327125,46327128,2,5,3215
1399,46839442,46839444,46839446,46839453,46839461,46839473,46839461,46842696,0,46842699,46842702,46842706,2,2,7,15,12,0,3235,-46842696,46842699,3,4,3264
1400,47432956,47432959,47432961,47432966,47432971,47432978,47432972,47435772,0,47435775,47435777,47435781,3,2,5,10,7,1,2800,-47435772,47435775,2,4,2825
1401,47432981,47432983,47432984,47432987,47432991,47433003,47432991,47435930,0,47435932,47435934,47435942,2,1,3,7,12,0,2939,-47435930,47435932,2,8,2961
1402,47808138,47808139,47808141,47808147,47808155,47808164,47808156,47810564,0,47810567,47810570,47810574,1,2,6,14,9,1,2408,-47810564,47810567,3,4,2436
1403,52928310,52928311,52928313,52928324,52928337,52928339,52928335,52931415,0,52931418,52931423,52931427,1,2,11,24,2,-2,3080,-52931415,52931418,5,4,3117
1404,53437163,53437164,53437166,53437171,53437176,53437187,53437179,53439649,0,53439652,53439655,53439659,1,2,5,10,11,3,2470,-53439649,53439652,3,4,2496
1405,53914041,53914042,53914044,53914050,53914056,53914065,53914057,53917523,0,53917525,53917529,53917534,1,2,6,12,9,1,3466,-53917523,53917525,4,5,3493
1406,54443339,54443341,54443343,54443350,54443356,54443358,54443356,54445691,0,54445694,54445696,54445701,2,2,7,13,2,0,2335,-54445691,54445694,2,5,2362
1407,54696191,54696192,54696194,54696198,54696203,54696214,54696205,54699480,0,54699483,54699485,54699490,1,2,4,9,11,2,3275,-54699480,54699483,2,5,3299
1408,57286312,57286313,57286315,57286324,57286337,57286339,57286333,57289683,0,57289685,57289689,57289694,1,2,9,22,2,-4,3350,-57289683,57289685,4,5,3382
1409,57756109,57756110,57756112,57756118,57756124,57756134,57756125,57759201,0,57759204,57759207,57759211,1,2,6,12,10,1,3076,-57759201,57759204,3,4,3102
1410,57766367,57766368,57766370,57766373,57766378,57766387,57766379,57769434,0,57769436,57769439,57769443,1,2,3,8,9,1,3055,-57769434,57769436,3,4,3076
1411,58078050,58078051,58078053,58078060,58078066,58078074,58078067,58080486,0,58080489,58080492,58080496,1,2,7,13,8,1,2419,-58080486,58080489,3,4,2446
1412,58810328,58810331,58810333,58810339,58810345,58810353,58810346,58812873,0,58812875,58812878,58812882,3,2,6,12,8,1,2527,-58812873,58812875,3,4,2554
1413,59010323,59010324,59010326,59010330,59010336,59010357,59010342,59012729,0,59012733,59012735,59012740,1,2,4,10,21,6,2387,-59012729,59012733,2,5,2417
1414,59589321,59589322,59589324,59589328,59589335,59589335,59589335,59592733,0,59592736,59592739,59592743,1,2,4,11,0,0,3398,-59592733,59592736,3,4,3422
1415,59636458,59636459,59636461,59636465,59636469,59636479,59636472,59639755,0,59639758,59639760,59639765,1,2,4,8,10,3,3283,-59639755,59639758,2,5,3307
1416,60068360,60068361,60068363,60068370,60068380,60068388,60068378,60071756,0,60071759,60071763,60071767,1,2,7,17,8,-2,3378,-60071756,60071759,4,4,3407
1417,60080471,60080472,60080474,60080477,60080483,60080493,60080484,60083575,0,60083579,60083582,60083586,1,2,3,9,10,1,3091,-60083575,60083579,3,4,3115
1418,60091590,60091591,60091593,60091596,60091601,60091610,60091602,60094837,0,60094839,60094842,60094846,1,2,3,8,9,1,3235,-60094837,60094839,3,4,3256
1419,60718979,60718980,60718982,60718986,60718992,60719001,60718993,60722352,0,60722355,60722358,60722363,1,2,4,10,9,1,3359,-60722352,60722355,3,5,3384
1420,60720388,60720389,60720391,60720396,60720404,60720405,60720402,60723822,0,60723824,60723827,60723831,1,2,5,13,1,-2,3420,-60723822,60723824,3,4,3443
1421,60723270,60723271,60723273,60723276,60723281,60723289,60723282,60725780,0,60725782,60725785,60725789,1,2,3,8,8,1,2498,-60725780,60725782,3,4,2519
1422,60726610,60726611,60726613,60726617,60726622,60726631,60726623,60729632,0,60729634,60729637,60729641,1,2,4,9,9,1,3009,-60729632,60729634,3,4,3031
1423,64511731,64511733,64511735,64511746,64511759,64511761,64511756,64515093,0,64515096,64515100,64515104,2,2,11,24,2,-3,3337,-64515093,64515096,4,4,3373
1424,64603924,64603925,64603927,64603931,64603938,64603945,64603939,64607308,0,64607310,64607313,64607317,1,2,4,11,7,1,3369,-64607308,64607310,3,4,3393
1425,64605744,64605745,64605747,64605750,64605756,64605766,64605757,64609031,0,64609033,64609035,64609039,1,2,3,9,10,1,3274,-64609031,64609033,2,4,3295
1426,64737767,64737768,64737770,64737775,64737782,64737790,64737783,64741304,0,64741307,64741309,64741314,1,2,5,12,8,1,3521,-64741304,64741307,2,5,3547
1427,64796938,64796939,64796941,64796945,64796952,64796963,64796953,64800323,0,64800326,64800329,64800334,1,2,4,11,11,1,3370,-64800323,64800326,3,5,3396
1428,64843178,64843179,64843181,64843187,64843194,64843195,64843194,64846326,0,64846328,64846333,64846338,1,2,6,13,1,0,3132,-64846326,64846328,5,5,3160
1429,64846995,64846996,64846998,64847002,64847008,64847009,64847008,64850194,0,64850196,64850198,64850203,1,2,4,10,1,0,3186,-64850194,64850196,2,5,3208
1430,64861070,64861071,64861073,64861077,64861083,64861093,64861084,64864090,0,64864093,64864095,64864100,1,2,4,10,10,1,3006,-64864090,64864093,2,5,3030
1431,65713546,65713547,65713549,65713554,65713561,65713562,65713561,65717031,0,65717033,65717035,65717040,1,2,5,12,1,0,3470,-65717031,65717033,2,5,3494
1432,65887548,65887551,65887552,65887558,65887565,65887572,65887566,65890753,0,65890756,65890758,65890763,3,1,6,13,7,1,3187,-65890753,65890756,2,5,3215
1433,66261182,66261184,66261186,66261192,66261198,66261209,66261199,66263776,0,66263778,66263782,66263787,2,2,6,12,11,1,2577,-66263776,66263778,4,5,2605
1434,66264953,66264955,66264957,66264961,66264967,66264973,66264966,66268260,0,66268263,66268267,66268271,2,2,4,10,6,-1,3294,-66268260,66268263,4,4,3318
1435,66816967,66816968,66816969,66816974,66816980,66816988,66816982,66819655,0,66819658,66819660,66819665,1,1,5,11,8,2,2673,-66819655,66819658,2,5,2698
1436,66827681,66827682,66827684,66827687,66827692,66827712,66827695,66830660,0,66830663,66830665,66830670,1,2,3,8,20,3,2965,-66830660,66830663,2,5,2989
1437,66947577,66947578,66947580,66947585,66947591,66947601,66947592,66949979,0,66949982,66949985,66949990,1,2,5,11,10,1,2387,-66949979,66949982,3,5,2413
1438,67184612,67184613,67184615,67184620,67184629,67184639,67184627,67187979,0,67187983,67187985,67187990,1,2,5,14,10,-2,3352,-67187979,67187983,2,5,3378
1439,67367492,67367493,67367495,67367499,67367508,67367520,67367510,67370620,0,67370623,67370625,67370630,1,2,4,13,12,2,3110,-67370620,67370623,2,5,3138
1440,67379532,67379533,67379534,67379538,67379543,67379559,67379545,67382114,0,67382117,67382119,67382124,1,1,4,9,16,2,2569,-67382114,67382117,2,5,2592
1441,67626238,67626239,67626241,67626246,67626252,67626260,67626254,67628624,0,67628626,67628629,67628634,1,2,5,11,8,2,2370,-67628624,67628626,3,5,2396
1442,71777518,71777519,71777521,71777536,71777548,71777550,71777538,71928796,71928796,71928798,71928803,71928808,1,2,15,27,2,-10,151258,0,2,5,5,151290
1443,71777547,71777548,71777551,71777556,71777563,71777564,71777572,72019599,72019599,72019601,72019604,72019608,1,3,5,12,1,9,242027,0,2,3,4,242061
1444,71777606,71777607,71777608,71777613,71777619,71777621,71777615,72019615,72019615,72019617,72019619,72019622,1,1,5,11,2,-4,242000,0,2,2,3,242016
1445,71777813,71777814,71777816,71777821,71777825,71777827,71777822,72019637,72019637,72019639,72019641,72019644,1,2,5,9,2,-3,241815,0,2,2,3,241831
1446,71778061,71778062,71778064,71778068,71778073,71778083,71778069,72019662,72019662,72019663,72019665,72019669,1,2,4,9,10,-4,241593,0,1,2,4,241608
1447,71797976,71797978,71797979,71797988,71797995,71798005,71797997,71800531,0,71800534,71800538,71800547,2,1,9,16,10,2,2534,-71800531,71800534,4,9,2571
1448,71964846,71964847,71964849,71964855,71964861,71964862,71964856,72112374,72112374,72112375,72112378,72112383,1,2,6,12,1,-5,147518,0,1,3,5,147537
1449,71964850,71964851,71964862,71964866,71964870,71964885,71964874,72181718,72181718,72181720,72181722,72181726,1,11,4,8,15,4,216844,0,2,2,4,216876
1450,71964872,71964873,71964874,71964880,71964885,71964913,71964900,72181739,72181739,72181740,72181743,72181746,1,1,6,11,28,15,216839,0,1,3,3,216874
1451,71964892,71964894,71964904,71964906,71964911,71964925,71964917,72227186,72227186,72227188,72227190,72227194,2,10,2,7,14,6,262269,0,2,2,4,262302
1452,71964892,71964893,71964895,71964898,71964903,71964909,71964900,72181759,72181759,72181761,72181763,72181766,1,2,3,8,6,-3,216859,0,2,2,3,216874
1453,72065127,72065131,72065133,72065139,72065146,72065154,72065147,72067804,0,72067807,72067810,72067815,4,2,6,13,8,1,2657,-72067804,72067807,3,5,2688
1454,72465809,72465810,72465812,72465817,72465823,72465832,72465824,72468219,0,72468222,72468225,72468229,1,2,5,11,9,1,2395,-72468219,72468222,3,4,2420
1455,72551456,72551457,72551459,72551463,72551468,72551477,72551469,72553999,0,72554001,72554004,72554009,1,2,4,9,9,1,2530,-72553999,72554001,3,5,2553
1456,72584754,72584755,72584757,72584762,72584767,72584776,72584768,72587102,0,72587104,72587107,72587111,1,2,5,10,9,1,2334,-72587102,72587104,3,4,2357
1457,72591715,72591716,72591718,72591722,72591727,72591737,72591728,72593993,0,72593996,72593999,72594003,1,2,4,9,10,1,2265,-72593993,72593996,3,4,2288
1458,72701701,72701702,72701704,72701708,72701714,72701724,72701716,72705006,0,72705009,72705012,72705017,1,2,4,10,10,2,3290,-72705006,72705009,3,5,3316
1459,72705534,72705535,72705537,72705540,72705544,72705555,72705547,72708795,0,72708799,72708801,72708806,1,2,3,7,11,3,3248,-72708795,72708799,2,5,3272
1460,72709341,72709341,72709343,72709346,72709351,72709359,72709352,72712532,0,72712535,72712539,72712543,0,2,3,8,8,1,3180,-72712532,72712535,4,4,3202
1461,72926847,72926848,72926850,72926854,72926861,72926869,72926862,72929460,0,72929464,72929466,72929470,1,2,4,11,8,1,2598,-72929460,72929464,2,4,2623
1462,72934722,72934723,72934724,72934728,72934733,72934744,72934734,72937283,0,72937286,72937289,72937294,1,1,4,9,11,1,2549,-72937283,72937286,3,5,2572
1463,72954180,72954182,72954183,72954187,72954192,72954202,72954194,72956466,0,72956468,72956471,72956475,2,1,4,9,10,2,2272,-72956466,72956468,3,4,2295
1464,73015586,73015586,73015588,73015592,73015597,73015606,73015599,73018699,0,73018701,73018704,73018708,0,2,4,9,9,2,3100,-73018699,73018701,3,4,3122
1465,73060728,73060729,73060731,73060735,73060739,73060750,73060741,73063078,0,73063081,73063084,73063089,1,2,4,8,11,2,2337,-73063078,73063081,3,5,2361
1466,73275990,73275991,73275993,73275998,73276003,73276013,73276005,73278526,0,73278529,73278532,73278536,1,2,5,10,10,2,2521,-73278526,73278529,3,4,2546
1467,73618433,73618434,73618436,73618443,73618454,73618461,73618450,73621914,0,73621917,73621920,73621924,1,2,7,18,7,-4,3464,-73621914,73621917,3,4,3491
1468,73999812,73999813,73999815,73999820,73999828,73999839,73999828,74003296,0,74003299,74003302,74003307,1,2,5,13,11,0,3468,-74003296,74003299,3,5,3495
1469,75000657,75000659,75000661,75000667,75000675,75000687,75000674,75003915,0,75003919,75003921,75003926,2,2,6,14,12,-1,3241,-75003915,75003919,2,5,3269
1470,75095152,75095153,75095155,75095159,75095165,75095175,75095167,75098335,0,75098338,75098340,75098345,1,2,4,10,10,2,3168,-75098335,75098338,2,5,3193
1471,78792276,78792277,78792279,78792289,78792300,78792317,78792303,78794592,0,78794595,78794599,78794604,1,2,10,21,17,3,2289,-78794592,78794595,4,5,2328
1472,80058011,80058015,80058017,80058025,80058032,80058041,80058033,80060292,0,80060295,80060298,80060302,4,2,8,15,9,1,2259,-80060292,80060295,3,4,2291
1473,82037519,82037520,82037522,82037530,82037542,82037544,82037539,82040818,0,82040821,82040824,82040830,1,2,8,20,2,-3,3279,-82040818,82040821,3,6,3311
1474,82265079,82265080,82265082,82265089,82265098,82265099,82265096,82268584,0,82268586,82268589,82268593,1,2,7,16,1,-2,3488,-82268584,82268586,3,4,3514
1475,83193112,83193116,83193117,83193124,83193132,83193140,83193131,83196561,0,83196564,83196566,83196571,4,1,7,15,8,-1,3430,-83196561,83196564,2,5,3459
1476,85316952,85316955,85316957,85316965,85316975,85316976,85316973,85320241,0,85320245,85320247,85320252,3,2,8,18,1,-2,3268,-85320241,85320245,2,5,3300
1477,85334971,85334972,85334974,85334978,85334983,85335000,85334988,85338194,0,85338197,85338199,85338204,1,2,4,9,17,5,3206,-85338194,85338197,2,5,3233
1478,85524899,85524902,85524904,85524909,85524915,85524923,85524916,85528452,0,85528455,85528457,85528462,3,2,5,11,8,1,3536,-85528452,85528455,2,5,3563
1479,85737267,85737268,85737270,85737276,85737284,85737294,85737283,85740526,0,85740529,85740531,85740535,1,2,6,14,10,-1,3243,-85740526,85740529,2,4,3268
1480,85846188,85846189,85846191,85846196,85846202,85846203,85846202,85849508,0,85849511,85849514,85849518,1,2,5,11,1,0,3306,-85849508,85849511,3,4,3330
1481,86204148,86204149,86204151,86204157,86204166,86204176,86204163,86207415,0,86207417,86207423,86207427,1,2,6,15,10,-3,3252,-86207415,86207417,6,4,3279
1482,87018991,87018992,87018994,87019000,87019009,87019010,87019009,87022305,0,87022308,87022310,87022315,1,2,6,15,1,0,3296,-87022305,87022308,2,5,3324
1483,87022621,87022622,87022624,87022627,87022634,87022644,87022635,87025743,0,87025746,87025748,87025753,1,2,3,10,10,1,3108,-87025743,87025746,2,5,3132
1484,87286217,87286219,87286221,87286226,87286233,87286234,87286232,87289574,0,87289577,87289579,87289584,2,2,5,12,1,-1,3342,-87289574,87289577,2,5,3367
1485,88088210,88088211,88088213,88088220,88088230,88088240,88088229,88091579,0,88091583,88091586,88091591,1,2,7,17,10,-1,3350,-88091579,88091583,3,5,3381
1486,88531365,88531366,88531368,88531374,88531383,88531393,88531382,88534698,0,88534702,88534706,88534710,1,2,6,15,10,-1,3316,-88534698,88534702,4,4,3345
1487,89257596,89257597,89257599,89257605,89257615,89257623,89257613,89260979,0,89260982,89260985,89260989,1,2,6,16,8,-2,3366,-89260979,89260982,3,4,3393
1488,89257606,89257606,89257623,89257625,89257631,89257650,89257635,89261124,0,89261126,89261128,89261133,0,17,2,8,19,4,3489,-89261124,89261126,2,5,3527
1489,89268898,89268899,89268901,89268905,89268911,89268928,89268911,89272314,0,89272318,89272321,89272325,1,2,4,10,17,0,3403,-89272314,89272318,3,4,3427
1490,89268905,89268906,89268917,89268919,89268925,89268962,89268937,89272487,0,89272489,89272491,89272510,1,11,2,8,37,12,3550,-89272487,89272489,2,19,3605
1491,89268913,89268914,89268930,89268932,89268937,89268962,89268944,89272505,0,89272507,89272509,89272518,1,16,2,7,25,7,3561,-89272505,89272507,2,9,3605
1492,89273505,89273506,89273508,89273512,89273518,89273527,89273519,89276894,0,89276897,89276898,89276904,1,2,4,10,9,1,3375,-89276894,89276897,1,6,3399
1493,89277266,89277267,89277269,89277272,89277278,89277289,89277280,89280607,0,89280610,89280612,89280617,1,2,3,9,11,2,3327,-89280607,89280610,2,5,3351
1494,89287915,89287916,89287918,89287921,89287927,89287943,89287929,89291194,0,89291197,89291199,89291204,1,2,3,9,16,2,3265,-89291194,89291197,2,5,3289
1495,89291292,89291293,89291294,89291298,89291303,89291309,89291303,89294558,0,89294561,89294564,89294569,1,1,4,9,6,0,3255,-89294558,89294561,3,5,3277
1496,89314354,89314354,89314356,89314360,89314365,89314375,89314367,89317739,0,89317742,89317743,89317747,0,2,4,9,10,2,3372,-89317739,89317742,1,4,3393
1497,89325937,89325938,89325940,89325943,89325949,89325964,89325951,89329315,0,89329317,89329319,89329324,1,2,3,9,15,2,3364,-89329315,89329317,2,5,3387
1498,90209216,90209217,90209219,90209225,90209235,90209245,90209233,90212542,0,90212545,90212549,90212554,1,2,6,16,10,-2,3309,-90212542,90212545,4,5,3338
1499,90347280,90347281,90347283,90347288,90347294,90347302,90347294,90350081,0,90350084,90350087,90350091,1,2,5,11,8,0,2787,-90350081,90350084,3,4,2811
1500,90553034,90553035,90553037,90553040,90553047,90553048,90553047,90556232,0,90556235,90556238,90556243,1,2,3,10,1,0,3185,-90556232,90556235,3,5,3209
1501,91070973,91070974,91070976,91070981,91070987,91070998,91070989,91073320,0,91073323,91073326,91073330,1,2,5,11,11,2,2331,-91073320,91073323,3,4,2357
1502,91366431,91366432,91366434,91366440,91366448,91366458,91366447,91369767,0,91369770,91369773,91369777,1,2,6,14,10,-1,3320,-91369767,91369770,3,4,3346
1503,91451413,91451414,91451416,91451420,91451427,91451437,91451427,91454609,0,91454612,91454615,91454620,1,2,4,11,10,0,3182,-91454609,91454612,3,5,3207
1504,91814982,91814984,91814986,91814993,91815000,91815007,91815001,91818001,0,91818004,91818008,91818013,2,2,7,14,7,1,3000,-91818001,91818004,4,5,3031
1505,92597697,92597698,92597700,92597705,92597712,92597722,92597713,92600191,0,92600194,92600197,92600202,1,2,5,12,10,1,2478,-92600191,92600194,3,5,2505
1506,94421110,94421112,94421114,94421121,94421128,94421139,94421129,94423764,0,94423767,94423771,94423776,2,2,7,14,11,1,2635,-94423764,94423767,4,5,2666
1507,95316189,95316190,95316192,95316197,95316203,95316214,95316205,95318494,0,95318497,95318499,95318506,1,2,5,11,11,2,2289,-95318494,95318497,2,7,2317
1508,95594669,95594670,95594672,95594678,95594686,95594696,95594685,95597994,0,95597997,95598001,95598005,1,2,6,14,10,-1,3309,-95597994,95597997,4,4,3336
1509,95783891,95783892,95783894,95783899,95783907,95783917,95783907,95787173,0,95787176,95787179,95787183,1,2,5,13,10,0,3266,-95787173,95787176,3,4,3292
1510,97340121,97340122,97340124,97340130,97340137,97340148,97340139,97343340,0,97343343,97343346,97343350,1,2,6,13,11,2,3201,-97343340,97343343,3,4,3229
1511,97867169,97867170,97867172,97867178,97867185,97867195,97867186,97869543,0,97869546,97869549,97869553,1,2,6,13,10,1,2357,-97869543,97869546,3,4,2384
1512,97874584,97874585,97874586,97874590,97874595,97874604,97874597,97876917,0,97876919,97876922,97876927,1,1,4,9,9,2,2320,-97876917,97876919,3,5,2343
1513,98297803,98297807,98297809,98297817,98297826,98297828,98297825,98301021,0,98301024,98301027,98301031,4,2,8,17,2,-1,3196,-98301021,98301024,3,4,3228
1514,98325594,98325595,98325597,98325601,98325607,98325614,98325608,98328733,0,98328735,98328738,98328741,1,2,4,10,7,1,3125,-98328733,98328735,3,3,3147
1515,104078159,104078160,104078162,104078175,104078193,104078195,104078186,104081518,0,104081521,104081526,104081530,1,2,13,31,2,-7,3332,-104081518,104081521,5,4,3371
1516,104082309,104082310,104082312,104082316,104082322,104082331,104082322,104085604,0,104085607,104085610,104085614,1,2,4,10,9,0,3282,-104085604,104085607,3,4,3305
1517,104086142,104086143,104086144,104086148,104086154,104086162,104086154,104089631,0,104089634,104089636,104089642,1,1,4,10,8,0,3477,-104089631,104089634,2,6,3500
1518,104233509,104233510,104233512,104233519,104233528,104233536,104233526,104236817,0,104236819,104236822,104236827,1,2,7,16,8,-2,3291,-104236817,104236819,3,5,3318
1519,104233528,104233529,104233537,104233539,104233545,104233566,104233551,104236977,0,104236979,104236981,104236986,1,8,2,8,21,6,3426,-104236977,104236979,2,5,3458
1520,104466436,104466439,104466441,104466446,104466454,104466461,104466453,104470007,0,104470010,104470013,104470018,3,2,5,13,7,-1,3554,-104470007,104470010,3,5,3582
1521,104609120,104609122,104609124,104609128,104609135,104609136,104609135,104612648,0,104612650,104612653,104612657,2,2,4,11,1,0,3513,-104612648,104612650,3,4,3537
1522,104722130,104722131,104722133,104722138,104722147,104722156,104722144,104725603,0,104725606,104725610,104725615,1,2,5,14,9,-3,3459,-104725603,104725606,4,5,3485
1523,104728039,104728039,104728041,104728047,104728055,104728056,104728054,104731489,0,104731492,104731495,104731499,0,2,6,14,1,-1,3435,-104731489,104731492,3,4,3460
1524,104732191,104732194,104732195,104732199,104732206,104732212,104732206,104735588,0,104735591,104735593,104735598,3,1,4,11,6,0,3382,-104735588,104735591,2,5,3407
1525,104733263,104733264,104733266,104733269,104733275,104733291,104733275,104736769,0,104736771,104736773,104736776,1,2,3,9,16,0,3494,-104736769,104736771,2,3,3513
1526,104736992,104736993,104736995,104736999,104737005,104737011,104737005,104740137,0,104740139,104740142,104740146,1,2,4,10,6,0,3132,-104740137,104740139,3,4,3154
1527,104746763,104746764,104746766,104746770,104746777,104746787,104746777,104750069,0,104750071,104750074,104750079,1,2,4,11,10,0,3292,-104750069,104750071,3,5,3316
1528,104746771,104746772,104746782,104746785,104746790,104746812,104746801,104750390,0,104750392,104750394,104750398,1,10,3,8,22,11,3589,-104750390,104750392,2,4,3627
1529,104985197,104985198,104985199,104985205,104985212,104985219,104985213,104988346,0,104988348,104988351,104988355,1,1,6,13,7,1,3133,-104988346,104988348,3,4,3158
1530,105039424,105039425,105039427,105039432,105039440,105039457,105039443,105043138,0,105043140,105043144,105043149,1,2,5,13,17,3,3695,-105043138,105043140,4,5,3725
1531,105058884,105058886,105058888,105058892,105058898,105058908,105058899,105062413,0,105062416,105062418,105062423,2,2,4,10,10,1,3514,-105062413,105062416,2,5,3539
1532,105827580,105827581,105827583,105827589,105827598,105827608,105827597,105831061,0,105831064,105831068,105831072,1,2,6,15,10,-1,3464,-105831061,105831064,4,4,3492
1533,105860814,105860815,105860817,105860821,105860829,105860836,105860828,105863962,0,105863964,105863966,105863972,1,2,4,12,7,-1,3134,-105863962,105863964,2,6,3158
1534,105863372,105863373,105863376,105863380,105863387,105863396,105863386,105866612,0,105866614,105866618,105866623,1,3,4,11,9,-1,3226,-105866612,105866614,4,5,3251
1535,105876195,105876196,105876198,105876202,105876209,105876220,105876209,105879454,0,105879457,105879460,105879464,1,2,4,11,11,0,3245,-105879454,105879457,3,4,3269
1536,105880172,105880173,105880175,105880179,105880185,105880195,105880188,105883293,0,105883295,105883298,105883302,1,2,4,10,10,3,3105,-105883293,105883295,3,4,3130
1537,105912498,105912499,105912502,105912507,105912515,105912515,105912514,105915615,0,105915618,105915621,105915625,1,3,5,13,0,-1,3101,-105915615,105915618,3,4,3127
1538,105930925,105930926,105930928,105930931,105930938,105930946,105930938,105934059,0,105934061,105934064,105934069,1,2,3,10,8,0,3121,-105934059,105934061,3,5,3144
1539,105934629,105934630,105934632,105934636,105934642,105934650,105934642,105938009,0,105938011,105938013,105938019,1,2,4,10,8,0,3367,-105938009,105938011,2,6,3390
1540,105938759,105938761,105938762,105938767,105938774,105938775,105938773,105941921,0,105941925,105941928,105941932,2,1,5,12,1,-1,3148,-105941921,105941925,3,4,3173
1541,105943538,105943539,105943541,105943544,105943550,105943561,105943552,105946689,0,105946691,105946693,105946698,1,2,3,9,11,2,3137,-105946689,105946691,2,5,3160
1542,105981397,105981398,105981400,105981404,105981411,105981420,105981410,105984538,0,105984540,105984544,105984548,1,2,4,11,9,-1,3128,-105984538,105984540,4,4,3151
1543,106115876,106115877,106115879,106115885,106115893,106115900,106115893,106119319,0,106119322,106119324,106119329,1,2,6,14,7,0,3426,-106119319,106119322,2,5,3453
1544,106115886,106115887,106115899,106115902,106115907,106115926,106115912,106119717,0,106119719,106119721,106119728,1,12,3,8,19,5,3805,-106119717,106119719,2,7,3842
1545,106219449,106219450,106219452,106219457,106219464,106219482,106219463,106222809,0,106222811,106222814,106222818,1,2,5,12,18,-1,3346,-106222809,106222811,3,4,3369
1546,106259792,106259793,106259795,106259799,106259806,106259812,106259806,106263222,0,106263224,106263227,106263232,1,2,4,11,6,0,3416,-106263222,106263224,3,5,3440
1547,106263868,106263869,106263871,106263875,106263881,106263890,106263881,106267097,0,106267100,106267102,106267106,1,2,4,10,9,0,3216,-106267097,106267100,2,4,3238
1548,106411309,106411311,106411313,106411319,106411326,106411327,106411326,106414523,0,106414525,106414527,106414532,2,2,6,13,1,0,3197,-106414523,106414525,2,5,3223
1549,106416926,106416927,106416929,106416933,106416939,106416950,106416941,106420036,0,106420039,106420041,106420046,1,2,4,10,11,2,3095,-106420036,106420039,2,5,3120
1550,106477303,106477304,106477306,106477311,106477318,106477329,106477318,106480521,0,106480524,106480526,106480531,1,2,5,12,11,0,3203,-106480521,106480524,2,5,3228
1551,106619383,106619384,106619385,106619390,106619398,106619399,106619398,106622730,0,106622733,106622736,106622740,1,1,5,13,1,0,3332,-106622730,106622733,3,4,3357
1552,106986108,106986109,106986111,106986116,106986124,106986134,106986123,106989345,0,106989347,106989351,106989356,1,2,5,13,10,-1,3222,-106989345,106989347,4,5,3248
1553,107137701,107137702,107137704,107137708,107137715,107137724,107137714,107141140,0,107141144,107141147,107141151,1,2,4,11,9,-1,3426,-107141140,107141144,3,4,3450
1554,107317228,107317228,107317230,107317236,107317243,107317250,107317242,107320478,0,107320481,107320485,107320489,0,2,6,13,7,-1,3236,-107320478,107320481,4,4,3261
1555,107341283,107341284,107341285,107341289,107341295,107341305,107341297,107344553,0,107344556,107344558,107344563,1,1,4,10,10,2,3256,-107344553,107344556,2,5,3280
1556,107501045,107501046,107501048,107501053,107501061,107501069,107501060,107504479,0,107504481,107504484,107504488,1,2,5,13,8,-1,3419,-107504479,107504481,3,4,3443
1557,107519937,107519938,107519940,107519945,107519952,107519980,107519951,107523416,0,107523419,107523422,107523427,1,2,5,12,28,-1,3465,-107523416,107523419,3,5,3490
1558,107519953,107519954,107519957,107519960,107519966,107519981,107519964,107523590,0,107523592,107523593,107523601,1,3,3,9,15,-2,3626,-107523590,107523592,1,8,3648
1559,107557746,107557747,107557749,107557758,107557764,107557765,107557764,107560676,0,107560679,107560683,107560687,1,2,9,15,1,0,2912,-107560676,107560679,4,4,2941
1560,108251020,108251021,108251023,108251029,108251039,108251051,108251037,108254512,0,108254515,108254518,108254522,1,2,6,16,12,-2,3475,-108254512,108254515,3,4,3502
1561,108251025,108251026,108251045,108251048,108251053,108251075,108251061,108254692,0,108254694,108254696,108254703,1,19,3,8,22,8,3631,-108254692,108254694,2,7,3678
1562,109103402,109103404,109103405,109103411,109103418,109103426,109103419,109106808,0,109106810,109106813,109106818,2,1,6,13,8,1,3389,-109106808,109106810,3,5,3416
1563,110147901,110147902,110147904,110147911,110147918,110147920,110147918,110150929,0,110150931,110150935,110150940,1,2,7,14,2,0,3011,-110150929,110150931,4,5,3039
1564,110235979,110235979,110235981,110235987,110235995,110236003,110235994,110239305,0,110239308,110239310,110239315,0,2,6,14,8,-1,3311,-110239305,110239308,2,5,3336
1565,112491748,112491749,112491751,112491759,112491770,112491772,112491767,112495091,0,112495093,112495097,112495102,1,2,8,19,2,-3,3324,-112495091,112495093,4,5,3354
1566,112901375,112901378,112901380,112901386,112901394,112901402,112901393,112904743,0,112904746,112904748,112904753,3,2,6,14,8,-1,3350,-112904743,112904746,2,5,3378
1567,113574667,113574668,113574669,113574675,113574681,113574682,113574681,113577518,0,113577520,113577523,113577527,1,1,6,12,1,0,2837,-113577518,113577520,3,4,2860
1568,113805965,113805966,113805968,113805973,113805982,113805991,113805980,113809244,0,113809247,113809251,113809256,1,2,5,14,9,-2,3264,-113809244,113809247,4,5,3291
1569,113876200,113876201,113876203,113876207,113876215,113876222,113876214,113879543,0,113879545,113879548,113879553,1,2,4,12,7,-1,3329,-113879543,113879545,3,5,3353
1570,114128848,114128849,114128851,114128858,114128867,114128877,114128866,114132082,0,114132084,114132088,114132093,1,2,7,16,10,-1,3216,-114132082,114132084,4,5,3245
1571,114216311,114216312,114216314,114216320,114216328,114216339,114216326,114219612,0,114219615,114219617,114219622,1,2,6,14,11,-2,3286,-114219612,114219615,2,5,3311
1572,114216329,114216330,114216334,114216337,114216343,114216362,114216350,114219737,0,114219739,114219740,114219743,1,4,3,9,19,7,3387,-114219737,114219739,1,3,3414
1573,114219811,114219812,114219813,114219817,114219823,114219824,114219823,114223096,0,114223098,114223101,114223106,1,1,4,10,1,0,3273,-114223096,114223098,3,5,3295
1574,114718215,114718216,114718218,114718224,114718231,114718240,114718231,114726168,0,114726170,114726174,114726179,1,2,6,13,9,0,7937,-114726168,114726170,4,5,7964
1575,115745725,115745726,115745728,115745738,115745749,115745751,115745746,115748729,0,115748731,115748734,115748737,1,2,10,21,2,-3,2983,-115748729,115748731,3,3,3012
1576,115745870,115745870,115745872,115745877,115745883,115745891,115745885,115748517,0,115748520,115748522,115748526,0,2,5,11,8,2,2632,-115748517,115748520,2,4,2656
1577,115745896,115745897,115745898,115745901,115745905,115745918,115745905,115748646,0,115748648,115748650,115748654,1,1,3,7,13,0,2741,-115748646,115748648,2,4,2758
1578,115754317,115754318,115754320,115754326,115754335,115754337,115754333,115757488,0,115757491,115757494,115757499,1,2,6,15,2,-2,3155,-115757488,115757491,3,5,3182
1579,115754396,115754397,115754399,115754404,115754412,115754413,115754409,115757592,0,115757600,115757603,115757610,1,2,5,13,1,-3,3183,-115757592,115757600,3,7,3214
1580,115755524,115755524,115755526,115755532,115755539,115755540,115755538,115758651,0,115758654,115758656,115758661,0,2,6,13,1,-1,3113,-115758651,115758654,2,5,3137
1581,115755594,115755594,115755596,115755601,115755608,115755609,115755606,115758780,0,115758782,115758784,115758789,0,2,5,12,1,-2,3174,-115758780,115758782,2,5,3195
1582,115768359,115768360,115768362,115768367,115768375,115768385,115768374,115771601,0,115771605,115771608,115771613,1,2,5,13,10,-1,3227,-115771601,115771605,3,5,3254
1583,115862863,115862866,115862868,115862873,115862879,115862880,115862879,115865171,0,115865174,115865177,115865181,3,2,5,11,1,0,2292,-115865171,115865174,3,4,2318
1584,118134128,118134131,118134131,118134139,118134150,118134152,118134146,118137420,0,118137423,118137427,118137432,3,0,8,19,2,-4,3274,-118137420,118137423,4,5,3304
1585,118229999,118230000,118230002,118230008,118230014,118230016,118230014,118232553,0,118232556,118232559,118232563,1,2,6,12,2,0,2539,-118232553,118232556,3,4,2564
1586,119759494,119759495,119759497,119759506,119759513,119759523,119759514,119762662,0,119762665,119762669,119762674,1,2,9,16,10,1,3148,-119762662,119762665,4,5,3180
1587,119869648,119869649,119869651,119869655,119869660,119869671,119869662,119872376,0,119872379,119872383,119872387,1,2,4,9,11,2,2714,-119872376,119872379,4,4,2739
1588,119934429,119934430,119934432,119934436,119934442,119934452,119934443,119937196,0,119937199,119937202,119937207,1,2,4,10,10,1,2753,-119937196,119937199,3,5,2778
1589,119946088,119946090,119946091,119946094,119946099,119946108,119946101,119948473,0,119948476,119948479,119948483,2,1,3,8,9,2,2372,-119948473,119948476,3,4,2395
1590,119978057,119978058,119978060,119978063,119978067,119978076,119978069,119981447,0,119981449,119981452,119981457,1,2,3,7,9,2,3378,-119981447,119981449,3,5,3400
1591,122774556,122774557,122774559,122774568,122774580,122774581,122774577,122777916,0,122777920,122777923,122777928,1,2,9,21,1,-3,3339,-122777916,122777920,3,5,3372
1592,122774716,122774717,122774719,122774725,122774732,122774734,122774730,122778102,0,122778112,122778115,122778120,1,2,6,13,2,-2,3372,-122778102,122778112,3,5,3404
1593,122775849,122775850,122775853,122775858,122775867,122775868,122775864,122779046,0,122779049,122779051,122779056,1,3,5,14,1,-3,3182,-122779046,122779049,2,5,3207
1594,122775849,122775852,122775869,122775873,122775880,122775897,122775887,122779432,0,122779439,122779442,122779448,3,17,4,11,17,7,3545,-122779432,122779439,3,6,3599
1595,123318622,123318623,123318624,123318632,123318643,123318654,123318640,123322138,0,123322141,123322146,123322151,1,1,8,19,11,-3,3498,-123322138,123322141,5,5,3529
1596,124104846,124104847,124104849,124104855,124104865,124104873,124104862,124108005,0,124108007,124108012,124108016,1,2,6,16,8,-3,3143,-124108005,124108007,5,4,3170
1597,124273906,124273907,124273909,124273914,124273920,124273929,124273919,124276983,0,124276986,124276989,124276993,1,2,5,11,9,-1,3064,-124276983,124276986,3,4,3087
1598,124280003,124280004,124280006,124280009,124280015,124280023,124280016,124283185,0,124283187,124283190,124283194,1,2,3,9,8,1,3169,-124283185,124283187,3,4,3191
1599,124286244,124286245,124286246,124286250,124286256,124286264,124286256,124289367,0,124289369,124289372,124289376,1,1,4,10,8,0,3111,-124289367,124289369,3,4,3132
1600,124289851,124289852,124289854,124289857,124289863,124289871,124289864,124293049,0,124293051,124293054,124293058,1,2,3,9,8,1,3185,-124293049,124293051,3,4,3207
1601,124297097,124297098,124297100,124297104,124297109,124297118,124297110,124300165,0,124300167,124300169,124300174,1,2,4,9,9,1,3055,-124300165,124300167,2,5,3077
1602,124438856,124438857,124438859,124438863,124438868,124438869,124438868,124442029,0,124442032,124442034,124442039,1,2,4,9,1,0,3161,-124442029,124442032,2,5,3183
1603,124486964,124486965,124486967,124486971,124486978,124486979,124486978,124490165,0,124490168,124490171,124490175,1,2,4,11,1,0,3187,-124490165,124490168,3,4,3211
1604,125070716,125070717,125070719,125070724,125070731,125070740,125070732,125074093,0,125074095,125074098,125074102,1,2,5,12,9,1,3361,-125074093,125074095,3,4,3386
1605,125090621,125090622,125090624,125090628,125090633,125090642,125090634,125093811,0,125093814,125093816,125093821,1,2,4,9,9,1,3177,-125093811,125093814,2,5,3200
1606,125168638,125168639,125168641,125168644,125168650,125168651,125168650,125171876,0,125171879,125171881,125171886,1,2,3,9,1,0,3226,-125171876,125171879,2,5,3248
1607,125375750,125375751,125375753,125375756,125375762,125375763,125375763,125379209,0,125379211,125379215,125379220,1,2,3,9,1,1,3446,-125379209,125379211,4,5,3470
1608,125403650,125403651,125403653,125403657,125403663,125403671,125403663,125406886,0,125406889,125406891,125406896,1,2,4,10,8,0,3223,-125406886,125406889,2,5,3246
1609,125866445,125866446,125866448,125866453,125866461,125866471,125866460,125869809,0,125869812,125869815,125869819,1,2,5,13,10,-1,3349,-125869809,125869812,3,4,3374
1610,125896364,125896365,125896367,125896370,125896376,125896385,125896377,125899731,0,125899734,125899736,125899741,1,2,3,9,9,1,3354,-125899731,125899734,2,5,3377
1611,125900060,125900061,125900063,125900066,125900072,125900080,125900073,125903401,0,125903405,125903408,125903412,1,2,3,9,8,1,3328,-125903401,125903405,3,4,3352
1612,126076006,126076007,126076008,126076012,126076018,126076019,126076019,126079135,0,126079138,126079142,126079146,1,1,4,10,1,1,3116,-126079135,126079138,4,4,3140
1613,126089617,126089618,126089621,126089625,126089630,126089638,126089631,126092948,0,126092951,126092954,126092958,1,3,4,9,8,1,3317,-126092948,126092951,3,4,3341
1614,126380296,126380297,126380299,126380302,126380308,126380316,126380308,126383487,0,126383490,126383493,126383498,1,2,3,9,8,0,3179,-126383487,126383490,3,5,3202
1615,128045322,128045323,128045325,128045333,128045343,128045344,128045341,128048786,0,128048789,128048793,128048798,1,2,8,18,1,-2,3445,-128048786,128048789,4,5,3476
1616,128053014,128053015,128053017,128053021,128053027,128053036,128053028,128056320,0,128056323,128056325,128056330,1,2,4,10,9,1,3292,-128056320,128056323,2,5,3316
1617,131827764,131827765,131827767,131827775,131827784,131827786,131827785,131830395,0,131830398,131830402,131830407,1,2,8,17,2,1,2610,-131830395,131830398,4,5,2643
1618,132185706,132185710,132185712,132185720,132185727,132185738,132185730,132188837,0,132188840,132188843,132188847,4,2,8,15,11,3,3107,-132188837,132188840,3,4,3141
1619,132199055,132199056,132199058,132199064,132199073,132199082,132199071,132202364,0,132202367,132202371,132202376,1,2,6,15,9,-2,3293,-132202364,132202367,4,5,3321
1620,132203961,132203962,132203964,132203968,132203974,132203982,132203975,132207125,0,132207128,132207131,132207135,1,2,4,10,8,1,3150,-132207125,132207128,3,4,3174
1621,132209815,132209816,132209818,132209822,132209828,132209836,132209828,132213087,0,132213090,132213093,132213099,1,2,4,10,8,0,3259,-132213087,132213090,3,6,3284
1622,132214953,132214954,132214956,132214959,132214965,132214974,132214966,132218199,0,132218202,132218206,132218210,1,2,3,9,9,1,3233,-132218199,132218202,4,4,3257
1623,132899924,132899927,132899929,132899935,132899942,132899949,132899942,132903136,0,132903138,132903141,132903145,3,2,6,13,7,0,3194,-132903136,132903138,3,4,3221
1624,132903415,132903416,132903418,132903422,132903426,132903437,132903427,132906338,0,132906340,132906344,132906349,1,2,4,8,11,1,2911,-132906338,132906340,4,5,2934
1625,132919702,132919703,132919705,132919709,132919713,132919724,132919715,132922691,0,132922696,132922698,132922703,1,2,4,8,11,2,2976,-132922691,132922696,2,5,3001
1626,133065164,133065165,133065167,133065171,133065176,133065184,133065177,133068586,0,133068590,133068593,133068597,1,2,4,9,8,1,3409,-133068586,133068590,3,4,3433
1627,133072816,133072818,133072819,133072823,133072827,133072845,133072831,133076181,0,133076183,133076185,133076190,2,1,4,8,18,4,3350,-133076181,133076183,2,5,3374
1628,133073940,133073941,133073943,133073946,133073950,133073957,133073951,133076325,0,133076327,133076329,133076333,1,2,3,7,7,1,2374,-133076325,133076327,2,4,2393
1629,133122299,133122300,133122302,133122308,133122316,133122324,133122318,133125617,0,133125619,133125623,133125627,1,2,6,14,8,2,3299,-133125617,133125619,4,4,3328
1630,133483690,133483691,133483693,133483698,133483704,133483712,133483706,133486186,0,133486191,133486193,133486197,1,2,5,11,8,2,2480,-133486186,133486191,2,4,2507
1631,133504022,133504023,133504025,133504030,133504037,133504044,133504036,133507229,0,133507232,133507235,133507239,1,2,5,12,7,-1,3193,-133507229,133507232,3,4,3217
1632,133614993,133614994,133614996,133615001,133615007,133615016,133615008,133618080,0,133618083,133618086,133618090,1,2,5,11,9,1,3072,-133618080,133618083,3,4,3097
1633,133700194,133700197,133700199,133700204,133700210,133700221,133700212,133703422,0,133703424,133703427,133703431,3,2,5,11,11,2,3210,-133703422,133703424,3,4,3237
1634,133700203,133700206,133700217,133700219,133700223,133700252,133700238,133703569,0,133703571,133703573,133703582,3,11,2,6,29,15,3331,-133703569,133703571,2,9,3379
1635,134084549,134084550,134084552,134084557,134084563,134084580,134084565,134087661,0,134087663,134087667,134087672,1,2,5,11,17,2,3096,-134087661,134087663,4,5,3123
1636,135222785,135222788,135222790,135222795,135222804,135222815,135222803,135226349,0,135226352,135226356,135226361,3,2,5,14,11,-1,3546,-135226349,135226352,4,5,3576
1637,135304235,135304236,135304238,135304243,135304252,135304254,135304249,135307504,0,135307507,135307510,135307514,1,2,5,14,2,-3,3255,-135307504,135307507,3,4,3279
1638,136128512,136128513,136128515,136128520,136128527,136128538,136128528,136130843,0,136130846,136130848,136130853,1,2,5,12,11,1,2315,-136130843,136130846,2,5,2341
1639,138906902,138906903,138906905,138906913,138906921,138906935,138906923,138909368,0,138909371,138909374,138909378,1,2,8,16,14,2,2445,-138909368,138909371,3,4,2476
1640,139319410,139319411,139319413,139319418,139319423,139319433,139319426,139322462,0,139322466,139322469,139322473,1,2,5,10,10,3,3036,-139322462,139322466,3,4,3063
1641,143718622,143718623,143718625,143718637,143718647,143718649,143718647,143721266,0,143721269,143721273,143721278,1,2,12,22,2,0,2619,-143721266,143721269,4,5,2656
1642,144859978,144859980,144859981,144859989,144859996,144860011,144859998,144863220,0,144863223,144863226,144863231,2,1,8,15,15,2,3222,-144863220,144863223,3,5,3253
1643,144995461,144995462,144995464,144995471,144995482,144995484,144995478,144998616,0,144998619,144998623,144998627,1,2,7,18,2,-4,3138,-144998616,144998619,4,4,3166
1644,145838669,145838670,145838672,145838678,145838685,145838696,145838686,145841603,0,145841605,145841608,145841613,1,2,6,13,11,1,2917,-145841603,145841605,3,5,2944
1645,146290136,146290138,146290140,146290143,146290149,146290160,146290151,146292830,0,146292832,146292834,146292840,2,2,3,9,11,2,2679,-146292830,146292832,2,6,2704
1646,148418571,148418572,148418574,148418581,148418589,148418602,148418591,148421096,0,148421098,148421101,148421106,1,2,7,15,13,2,2505,-148421096,148421098,3,5,2535
1647,148928888,148928889,148928891,148928896,148928901,148928913,148928903,148931705,0,148931709,148931711,148931717,1,2,5,10,12,2,2802,-148931705,148931709,2,6,2829
1648,151298303,151298303,151298305,151298312,151298319,151298327,151298320,151301119,0,151301122,151301125,151301129,0,2,7,14,8,1,2799,-151301119,151301122,3,4,2826
1649,153027226,153027227,153027229,153027238,153027251,153027263,153027246,153030462,0,153030465,153030469,153030473,1,2,9,22,12,-5,3216,-153030462,153030465,4,4,3247
1650,153094282,153094283,153094285,153094289,153094295,153094296,153094295,153097659,0,153097661,153097664,153097668,1,2,4,10,1,0,3364,-153097659,153097661,3,4,3386
1651,153504566,153504567,153504569,153504575,153504584,153504585,153504582,153507875,0,153507878,153507881,153507885,1,2,6,15,1,-2,3293,-153507875,153507878,3,4,3319
1652,155902184,155902185,155902187,155902196,155902209,155902218,155902205,155905526,0,155905529,155905533,155905538,1,2,9,22,9,-4,3321,-155905526,155905529,4,5,3354
1653,156283505,156283506,156283508,156283513,156283522,156283532,156283520,156286813,0,156286816,156286819,156286825,1,2,5,14,10,-2,3293,-156286813,156286816,3,6,3320
1654,156379744,156379745,156379747,156379752,156379760,156379768,156379759,156383041,0,156383043,156383047,156383051,1,2,5,13,8,-1,3282,-156383041,156383043,4,4,3307
1655,156882834,156882835,156882837,156882842,156882850,156882851,156882850,156886104,0,156886106,156886109,156886113,1,2,5,13,1,0,3254,-156886104,156886106,3,4,3279
1656,156886490,156886491,156886493,156886496,156886506,156886518,156886506,156889638,0,156889641,156889644,156889649,1,2,3,13,12,0,3132,-156889638,156889641,3,5,3159
1657,158422625,158422626,158422627,158422636,158422647,158422655,158422644,158425801,0,158425803,158425806,158425810,1,1,9,20,8,-3,3157,-158425801,158425803,3,4,3185
1658,159161028,159161029,159161031,159161038,159161049,159161050,159161046,159164461,0,159164464,159164467,159164473,1,2,7,18,1,-3,3415,-159164461,159164464,3,6,3445
1659,159164891,159164892,159164894,159164898,159164904,159164914,159164904,159168149,0,159168153,159168155,159168160,1,2,4,10,10,0,3245,-159168149,159168153,2,5,3269
1660,159736223,159736224,159736226,159736231,159736240,159736250,159736238,159739561,0,159739566,159739569,159739574,1,2,5,14,10,-2,3323,-159739561,159739566,3,5,3351
1661,161280671,161280672,161280674,161280681,161280690,161280691,161280688,161283862,0,161283864,161283867,161283872,1,2,7,16,1,-2,3174,-161283862,161283864,3,5,3201
1662,161409011,161409013,161409015,161409019,161409026,161409037,161409025,161412208,0,161412211,161412214,161412219,2,2,4,11,11,-1,3183,-161412208,161412211,3,5,3208
1663,162971505,162971506,162971508,162971516,162971525,162971526,162971525,162975140,0,162975143,162975147,162975155,1,2,8,17,1,0,3615,-162975140,162975143,4,8,3650
1664,163993947,163993948,163993950,163993956,163993962,163993972,163993964,163996463,0,163996465,163996470,163996474,1,2,6,12,10,2,2499,-163996463,163996465,5,4,2527
1665,164145717,164145720,164145722,164145727,164145737,164145738,164145734,164148871,0,164148874,164148878,164148882,3,2,5,15,1,-3,3137,-164148871,164148874,4,4,3165
1666,164377719,164377720,164377721,164377727,164377735,164377742,164377734,164381132,0,164381135,164381138,164381143,1,1,6,14,7,-1,3398,-164381132,164381135,3,5,3424
1667,164441568,164441569,164441571,164441577,164441584,164441586,164441583,164444831,0,164444833,164444837,164444840,1,2,6,13,2,-1,3248,-164444831,164444833,4,3,3272
1668,166572654,166572656,166572657,166572665,166572674,166572687,166572674,166576213,0,166576216,166576219,166576223,2,1,8,17,13,0,3539,-166576213,166576216,3,4,3569
1669,166590649,166590650,166590652,166590656,166590661,166590672,166590663,166593732,0,166593735,166593737,166593742,1,2,4,9,11,2,3069,-166593732,166593735,2,5,3093
1670,166759852,166759853,166759855,166759860,166759867,166759875,166759868,166762741,0,166762743,166762746,166762751,1,2,5,12,8,1,2873,-166762741,166762743,3,5,2899
1671,166790954,166790955,166790957,166790961,166790966,166790977,166790968,166793184,0,166793186,166793189,166793198,1,2,4,9,11,2,2216,-166793184,166793186,3,9,2244
1672,168171945,168171946,168171948,168171957,168171966,168171969,168171965,168174688,0,168174691,168174694,168174699,1,2,9,18,3,-1,2723,-168174688,168174691,3,5,2754
1673,174798467,174798468,174798470,174798481,174798493,174798495,174798490,174801500,0,174801505,174801509,174801514,1,2,11,23,2,-3,3010,-174801500,174801505,4,5,3047
1674,174804787,174804787,174804789,174804793,174804799,174804807,174804800,174807256,0,174807259,174807261,174807266,0,2,4,10,8,1,2456,-174807256,174807259,2,5,2479
1675,174812386,174812387,174812389,174812392,174812397,174812408,174812399,174815909,0,174815911,174815914,174815918,1,2,3,8,11,2,3510,-174815909,174815911,3,4,3532
1676,174822577,174822577,174822579,174822582,174822587,174822597,174822589,174826017,0,174826021,174826024,174826029,0,2,3,8,10,2,3428,-174826017,174826021,3,5,3452
1677,174831991,174831992,174831994,174831997,174832001,174832010,174832003,174835140,0,174835143,174835145,174835150,1,2,3,7,9,2,3137,-174835140,174835143,2,5,3159
1678,183555417,183555421,183555423,183555438,183555453,183555455,183555451,183557708,0,183557712,183557716,183557720,4,2,15,30,2,-2,2257,-183557708,183557712,4,4,2303
1679,184297362,184297364,184297366,184297371,184297377,184297388,184297379,184299717,0,184299719,184299722,184299727,2,2,5,11,11,2,2338,-184299717,184299719,3,5,2365
1680,189442529,189442530,189442532,189442543,189442555,189442557,189442554,189445065,0,189445068,189445071,189445075,1,2,11,23,2,-1,2511,-189445065,189445068,3,4,2546
1681,190070816,190070817,190070819,190070827,190070840,190070842,190070835,190074233,0,190074236,190074239,190074249,1,2,8,21,2,-5,3398,-190074233,190074236,3,10,3433
1682,190896870,190896871,190896873,190896881,190896891,190896892,190896889,190900124,0,190900127,190900130,190900135,1,2,8,18,1,-2,3235,-190900124,190900127,3,5,3265
1683,192762690,192762691,192762693,192762699,192762707,192762708,192762707,192766234,0,192766236,192766240,192766245,1,2,6,14,1,0,3527,-192766234,192766236,4,5,3555
1684,199418050,199418051,199418053,199418066,199418082,199418084,199418076,199421562,0,199421565,199421570,199421574,1,2,13,29,2,-6,3486,-199421562,199421565,5,4,3524
1685,200696552,200696553,200696555,200696563,200696570,200696580,200696570,200698901,0,200698904,200698908,200698913,1,2,8,15,10,0,2331,-200698901,200698904,4,5,2361
1686,201295383,201295384,201295386,201295394,201295404,201295407,201295402,201298828,0,201298831,201298834,201298839,1,2,8,18,3,-2,3426,-201298828,201298831,3,5,3456
1687,201733112,201733113,201733115,201733120,201733128,201733136,201733128,201736413,0,201736415,201736418,201736422,1,2,5,13,8,0,3285,-201736413,201736415,3,4,3310
1688,202013997,202014000,202014002,202014007,202014015,202014016,202014015,202017586,0,202017590,202017593,202017597,3,2,5,13,1,0,3571,-202017586,202017590,3,4,3600
1689,204528070,204528071,204528073,204528081,204528089,204528101,204528089,204530573,0,204530576,204530580,204530585,1,2,8,16,12,0,2484,-204530573,204530576,4,5,2515
1690,204610276,204610277,204610279,204610283,204610287,204610297,204610289,204613043,0,204613045,204613048,204613053,1,2,4,8,10,2,2754,-204613043,204613045,3,5,2777
1691,205070052,205070053,205070055,205070062,205070071,205070080,205070069,205073537,0,205073540,205073543,205073551,1,2,7,16,9,-2,3468,-205073537,205073540,3,8,3499
1692,205243672,205243673,205243675,205243680,205243689,205243699,205243687,205246856,0,205246859,205246862,205246867,1,2,5,14,10,-2,3169,-205246856,205246859,3,5,3195
1693,205823061,205823063,205823065,205823082,205823098,205823101,205823095,205825552,0,205825555,205825559,205825563,2,2,17,33,3,-3,2457,-205825552,205825555,4,4,2502
1694,210523660,210523661,210523663,210523678,210523694,210523696,210523691,210526345,0,210526349,210526354,210526359,1,2,15,31,2,-3,2654,-210526345,210526349,5,5,2699
1695,210719221,210719222,210719224,210719231,210719243,210719252,210719238,210722681,0,210722684,210722687,210722691,1,2,7,19,9,-5,3443,-210722681,210722684,3,4,3470
1696,210748527,210748528,210748530,210748534,210748541,210748550,210748540,210751684,0,210751687,210751689,210751694,1,2,4,11,9,-1,3144,-210751684,210751687,2,5,3167
1697,210753652,210753653,210753655,210753659,210753664,210753673,210753665,210757134,0,210757137,210757139,210757144,1,2,4,9,9,1,3469,-210757134,210757137,2,5,3492
1698,210817071,210817072,210817074,210817078,210817085,210817094,210817084,210820477,0,210820480,210820484,210820488,1,2,4,11,9,-1,3393,-210820477,210820480,4,4,3417
1699,211433402,211433403,211433405,211433413,211433422,211433434,211433420,211436832,0,211436835,211436839,211436844,1,2,8,17,12,-2,3412,-211436832,211436835,4,5,3442
1700,211558064,211558065,211558067,211558072,211558080,211558081,211558080,211561416,0,211561419,211561425,211561430,1,2,5,13,1,0,3336,-211561416,211561419,6,5,3366
1701,211746023,211746024,211746026,211746031,211746038,211746039,211746038,211749642,0,211749644,211749647,211749651,1,2,5,12,1,0,3604,-211749642,211749644,3,4,3628
1702,211750528,211750529,211750530,211750534,211750540,211750548,211750540,211754026,0,211754028,211754031,211754035,1,1,4,10,8,0,3486,-211754026,211754028,3,4,3507
1703,211902442,211902443,211902445,211902450,211902457,211902466,211902457,211905776,0,211905778,211905781,211905786,1,2,5,12,9,0,3319,-211905776,211905778,3,5,3344
1704,212190701,212190702,212190704,212190708,212190714,212190723,212190714,212193936,0,212193938,212193942,212193947,1,2,4,10,9,0,3222,-212193936,212193938,4,5,3246
1705,212194521,212194522,212194524,212194528,212194534,212194544,212194536,212197830,0,212197832,212197835,212197839,1,2,4,10,10,2,3294,-212197830,212197832,3,4,3318
1706,212198256,212198257,212198259,212198265,212198270,212198279,212198271,212201799,0,212201802,212201804,212201809,1,2,6,11,9,1,3528,-212201799,212201802,2,5,3553
1707,212205150,212205151,212205153,212205156,212205162,212205170,212205163,212208441,0,212208444,212208446,212208451,1,2,3,9,8,1,3278,-212208441,212208444,2,5,3301
1708,212332805,212332806,212332808,212332811,212332817,212332826,212332818,212336208,0,212336211,212336214,212336218,1,2,3,9,9,1,3390,-212336208,212336211,3,4,3413
1709,212337781,212337782,212337784,212337788,212337794,212337802,212337794,212340980,0,212340983,212340985,212340990,1,2,4,10,8,0,3186,-212340980,212340983,2,5,3209
1710,213313122,213313123,213313124,213313130,213313139,213313140,213313137,213316674,0,213316676,213316682,213316687,1,1,6,15,1,-2,3537,-213316674,213316676,6,5,3565
1711,213678004,213678005,213678006,213678011,213678017,213678028,213678017,213681380,0,213681383,213681385,213681391,1,1,5,11,11,0,3363,-213681380,213681383,2,6,3387
1712,213705101,213705102,213705104,213705108,213705114,213705123,213705114,213708317,0,213708320,213708323,213708327,1,2,4,10,9,0,3203,-213708317,213708320,3,4,3226
1713,214850257,214850258,214850260,214850265,214850273,214850274,214850273,214853743,0,214853746,214853749,214853753,1,2,5,13,1,0,3470,-214853743,214853746,3,4,3496
1714,215319885,215319886,215319887,215319892,215319899,215319908,215319900,215323187,0,215323190,215323193,215323198,1,1,5,12,9,1,3287,-215323187,215323190,3,5,3313
1715,215357489,215357490,215357492,215357496,215357504,215357514,215357506,215360930,0,215360934,215360936,215360942,1,2,4,12,10,2,3424,-215360930,215360934,2,6,3453
1716,215382205,215382206,215382208,215382213,215382220,215382229,215382219,215385539,0,215385542,215385545,215385549,1,2,5,12,9,-1,3320,-215385539,215385542,3,4,3344
1717,216028927,216028929,216028931,216028938,216028948,216028958,216028947,216032045,0,216032047,216032050,216032054,2,2,7,17,10,-1,3098,-216032045,216032047,3,4,3127
1718,216028949,216028950,216028959,216028962,216028967,216028989,216028974,216032311,0,216032313,216032315,216032320,1,9,3,8,22,7,3337,-216032311,216032313,2,5,3371
1719,216269597,216269598,216269600,216269608,216269617,216269624,216269616,216272808,0,216272811,216272814,216272818,1,2,8,17,7,-1,3192,-216272808,216272811,3,4,3221
1720,216294126,216294127,216294129,216294133,216294139,216294145,216294139,216297424,0,216297426,216297429,216297434,1,2,4,10,6,0,3285,-216297424,216297426,3,5,3308
1721,216317434,216317435,216317437,216317441,216317447,216317456,216317450,216320489,0,216320491,216320494,216320499,1,2,4,10,9,3,3039,-216320489,216320491,3,5,3065
1722,216320588,216320589,216320591,216320594,216320600,216320609,216320599,216323653,0,216323656,216323658,216323663,1,2,3,9,9,-1,3054,-216323653,216323656,2,5,3075
1723,216565366,216565367,216565369,216565372,216565378,216565385,216565379,216568673,0,216568677,216568679,216568684,1,2,3,9,7,1,3294,-216568673,216568677,2,5,3318
1724,217425509,217425510,217425511,217425519,217425528,217425529,217425526,217428809,0,217428811,217428814,217428819,1,1,8,17,1,-2,3283,-217428809,217428811,3,5,3310
1725,217496894,217496898,217496900,217496904,217496912,217496919,217496911,217500159,0,217500163,217500166,217500171,4,2,4,12,7,-1,3248,-217500159,217500163,3,5,3277
1726,218510513,218510514,218510516,218510522,218510532,218510539,218510530,218513964,0,218513967,218513970,218513974,1,2,6,16,7,-2,3434,-218513964,218513967,3,4,3461
1727,218539910,218539912,218539914,218539918,218539925,218539931,218539925,218543554,0,218543557,218543559,218543564,2,2,4,11,6,0,3629,-218543554,218543557,2,5,3654
1728,218703978,218703979,218703981,218703986,218703995,218704004,218703993,218707275,0,218707278,218707283,218707288,1,2,5,14,9,-2,3282,-218707275,218707278,5,5,3310
1729,219217218,219217219,219217221,219217228,219217237,219217249,219217236,219220629,0,219220632,219220634,219220639,1,2,7,16,12,-1,3393,-219220629,219220632,2,5,3421
1730,219217238,219217239,219217244,219217247,219217253,219217276,219217261,219220802,0,219220804,219220806,219220813,1,5,3,9,23,8,3541,-219220802,219220804,2,7,3575
1731,219248178,219248179,219248181,219248185,219248191,219248201,219248192,219251431,0,219251433,219251435,219251440,1,2,4,10,10,1,3239,-219251431,219251433,2,5,3262
1732,219317750,219317751,219317753,219317757,219317763,219317773,219317764,219321163,0,219321166,219321169,219321173,1,2,4,10,10,1,3399,-219321163,219321166,3,4,3423
1733,219544448,219544449,219544451,219544454,219544460,219544471,219544462,219547738,0,219547741,219547743,219547748,1,2,3,9,11,2,3276,-219547738,219547741,2,5,3300
1734,219553192,219553193,219553195,219553198,219553204,219553214,219553205,219556565,0,219556568,219556570,219556575,1,2,3,9,10,1,3360,-219556565,219556568,2,5,3383
1735,219974971,219974972,219974974,219974979,219974986,219975004,219974989,219978358,0,219978360,219978363,219978368,1,2,5,12,18,3,3369,-219978358,219978360,3,5,3397
1736,219990737,219990738,219990740,219990745,219990751,219990763,219990751,219993943,0,219993945,219993948,219993952,1,2,5,11,12,0,3192,-219993943,219993945,3,4,3215
1737,220193622,220193625,220193625,220193631,220193639,220193648,220193637,220196743,0,220196746,220196750,220196755,3,0,6,14,9,-2,3106,-220196743,220196746,4,5,3133
1738,220649488,220649489,220649491,220649495,220649505,220649513,220649504,220652678,0,220652681,220652683,220652688,1,2,4,14,8,-1,3174,-220652678,220652681,2,5,3200
1739,220662599,220662600,220662602,220662606,220662612,220662618,220662612,220665757,0,220665760,220665762,220665767,1,2,4,10,6,0,3145,-220665757,220665760,2,5,3168
1740,221138622,221138624,221138626,221138632,221138640,221138653,221138642,221141863,0,221141866,221141870,221141874,2,2,6,14,13,2,3221,-221141863,221141866,4,4,3252
1741,222448647,222448649,222448651,222448657,222448667,222448674,222448665,222451986,0,222451989,222451992,222451997,2,2,6,16,7,-2,3321,-222451986,222451989,3,5,3350
1742,224241545,224241546,224241548,224241555,224241566,224241577,224241564,224244671,0,224244673,224244677,224244682,1,2,7,18,11,-2,3107,-224244671,224244673,4,5,3137
1743,224245467,224245468,224245470,224245474,224245480,224245488,224245480,224248629,0,224248631,224248634,224248639,1,2,4,10,8,0,3149,-224248629,224248631,3,5,3172
1744,224346488,224346489,224346491,224346495,224346506,224346507,224346504,224349816,0,224349818,224349821,224349825,1,2,4,15,1,-2,3312,-224349816,224349818,3,4,3337
1745,224538137,224538139,224538140,224538145,224538152,224538159,224538151,224541542,0,224541544,224541547,224541552,2,1,5,12,7,-1,3391,-224541542,224541544,3,5,3415
1746,224585704,224585705,224585707,224585710,224585717,224585735,224585722,224589080,0,224589083,224589086,224589090,1,2,3,10,18,5,3358,-224589080,224589083,3,4,3386
1747,225925018,225925019,225925020,225925028,225925038,225925048,225925036,225928364,0,225928367,225928371,225928375,1,1,8,18,10,-2,3328,-225928364,225928367,4,4,3357
1748,226420995,226420996,226420998,226421005,226421013,226421022,226421013,226424382,0,226424384,226424386,226424391,1,2,7,15,9,0,3369,-226424382,226424384,2,5,3396
1749,228902237,228902238,228902240,228902250,228902260,228902262,228902259,228905537,0,228905540,228905544,228905549,1,2,10,20,2,-1,3278,-228905537,228905540,4,5,3312
1750,230191572,230191575,230191577,230191584,230191591,230191593,230191591,230194031,0,230194034,230194037,230194041,3,2,7,14,2,0,2440,-230194031,230194034,3,4,2469
1751,231754019,231754020,231754022,231754030,231754042,231754054,231754038,231757380,0,231757383,231757386,231757390,1,2,8,20,12,-4,3342,-231757380,231757383,3,4,3371
1752,231962132,231962133,231962135,231962142,231962148,231962155,231962148,231965580,0,231965582,231965585,231965589,1,2,7,13,7,0,3432,-231965580,231965582,3,4,3457
1753,234889722,234889725,234889727,234889735,234889744,234889752,234889743,234892097,0,234892100,234892103,234892107,3,2,8,17,8,-1,2354,-234892097,234892100,3,4,2385
1754,234892282,234892283,234892284,234892288,234892293,234892304,234892295,234895224,0,234895227,234895230,234895234,1,1,4,9,11,2,2929,-234895224,234895227,3,4,2952
1755,235006949,235006950,235006952,235006957,235006963,235006973,235006964,235009519,0,235009522,235009524,235009529,1,2,5,11,10,1,2555,-235009519,235009522,2,5,2580
1756,237845794,237845795,237845797,237845807,237845821,237845823,237845816,237849019,0,237849022,237849026,237849030,1,2,10,24,2,-5,3203,-237849019,237849022,4,4,3236
1757,238233164,238233165,238233167,238233173,238233183,238233192,238233180,238236306,0,238236309,238236312,238236317,1,2,6,16,9,-3,3126,-238236306,238236309,3,5,3153
1758,238385196,238385199,238385201,238385208,238385217,238385226,238385216,238388645,0,238388647,238388650,238388654,3,2,7,16,9,-1,3429,-238388645,238388647,3,4,3458
1759,238385209,238385210,238385226,238385228,238385234,238385253,238385238,238388784,0,238388785,238388788,238388792,1,16,2,8,19,4,3546,-238388784,238388785,3,4,3583
1760,238876693,238876694,238876697,238876702,238876710,238876720,238876710,238880031,0,238880034,238880037,238880041,1,3,5,13,10,0,3321,-238880031,238880034,3,4,3348
1761,239081754,239081755,239081757,239081761,239081768,239081769,239081768,239085095,0,239085098,239085101,239085105,1,2,4,11,1,0,3327,-239085095,239085098,3,4,3351
1762,239336921,239336922,239336924,239336928,239336934,239336944,239336934,239340148,0,239340151,239340153,239340158,1,2,4,10,10,0,3214,-239340148,239340151,2,5,3237
1763,239460076,239460077,239460079,239460084,239460092,239460101,239460091,239463411,0,239463413,239463416,239463422,1,2,5,13,9,-1,3320,-239463411,239463413,3,6,3346
1764,242212772,242212773,242212775,242212783,242212793,242212794,242212793,242215161,0,242215164,242215168,242215172,1,2,8,18,1,0,2368,-242215161,242215164,4,4,2400
1765,242214469,242214472,242214474,242214482,242214491,242214499,242214487,242217751,0,242217754,242217757,242217761,3,2,8,17,8,-4,3264,-242217751,242217754,3,4,3292
1766,243125148,243125149,243125151,243125157,243125167,243125175,243125166,243128619,0,243128622,243128625,243128629,1,2,6,16,8,-1,3453,-243128619,243128622,3,4,3481
1767,243144146,243144147,243144149,243144153,243144160,243144171,243144161,243147594,0,243147596,243147599,243147603,1,2,4,11,11,1,3433,-243147594,243147596,3,4,3457
1768,243163138,243163139,243163140,243163144,243163150,243163158,243163152,243166545,0,243166548,243166550,243166555,1,1,4,10,8,2,3393,-243166545,243166548,2,5,3417
1769,245310280,245310280,245310282,245310290,245310299,245310311,245310299,245313661,0,245313664,245313667,245313671,0,2,8,17,12,0,3362,-245313661,245313664,3,4,3391
1770,248675435,248675438,248675440,248675450,248675460,248675463,248675459,248678403,0,248678406,248678409,248678413,3,2,10,20,3,-1,2944,-248678403,248678406,3,4,2978
1771,249075860,249075861,249075863,249075871,249075882,249075893,249075878,249079085,0,249079088,249079091,249079096,1,2,8,19,11,-4,3207,-249079085,249079088,3,5,3236
1772,249079516,249079517,249079518,249079522,249079529,249079538,249079529,249082655,0,249082658,249082660,249082665,1,1,4,11,9,0,3126,-249082655,249082658,2,5,3149
1773,249291452,249291452,249291454,249291460,249291467,249291474,249291466,249294788,0,249294791,249294795,249294800,0,2,6,13,7,-1,3322,-249294788,249294791,4,5,3348
1774,250010312,250010313,250010315,250010322,250010331,250010341,250010330,250013487,0,250013489,250013493,250013498,1,2,7,16,10,-1,3157,-250013487,250013489,4,5,3186
1775,250417735,250417738,250417740,250417746,250417755,250417762,250417754,250421031,0,250421034,250421037,250421042,3,2,6,15,7,-1,3277,-250421031,250421034,3,5,3307
1776,250446275,250446275,250446277,250446281,250446287,250446298,250446289,250448681,0,250448685,250448687,250448692,0,2,4,10,11,2,2392,-250448681,250448685,2,5,2417
1777,251118513,251118513,251118515,251118520,251118529,251118537,251118528,251121657,0,251121660,251121663,251121668,0,2,5,14,8,-1,3129,-251121657,251121660,3,5,3155
1778,251214509,251214510,251214511,251214515,251214522,251214532,251214522,251217674,0,251217676,251217678,251217683,1,1,4,11,10,0,3152,-251217674,251217676,2,5,3174
1779,251558991,251558992,251558994,251558998,251559005,251559013,251559004,251562565,0,251562568,251562571,251562575,1,2,4,11,8,-1,3561,-251562565,251562568,3,4,3584
1780,252926570,252926571,252926573,252926579,252926587,252926588,252926587,252929017,0,252929020,252929023,252929027,1,2,6,14,1,0,2430,-252929017,252929020,3,4,2457
1781,254424583,254424586,254424588,254424595,254424602,254424610,254424603,254427052,0,254427055,254427057,254427062,3,2,7,14,8,1,2449,-254427052,254427055,2,5,2479
1782,254436787,254436788,254436790,254436796,254436801,254436811,254436802,254439126,0,254439129,254439131,254439136,1,2,6,11,10,1,2324,-254439126,254439129,2,5,2349
1783,254453619,254453620,254453622,254453625,254453629,254453640,254453630,254456756,0,254456758,254456761,254456766,1,2,3,7,11,1,3126,-254456756,254456758,3,5,3147
1784,254471823,254471824,254471826,254471829,254471834,254471841,254471835,254474207,0,254474210,254474212,254474217,1,2,3,8,7,1,2372,-254474207,254474210,2,5,2394
1785,254504181,254504182,254504184,254504187,254504191,254504208,254504194,254506448,0,254506452,254506455,254506460,1,2,3,7,17,3,2254,-254506448,254506452,3,5,2279
1786,259724999,259725002,259725004,259725019,259725037,259725040,259725031,259728309,0,259728313,259728316,259728321,3,2,15,33,3,-6,3278,-259728309,259728313,3,5,3322
1787,259728473,259728475,259728476,259728480,259728486,259728495,259728486,259731666,0,259731668,259731670,259731675,2,1,4,10,9,0,3180,-259731666,259731668,2,5,3202
1788,260403771,260403772,260403774,260403781,260403788,260403789,260403788,260406179,0,260406181,260406185,260406190,1,2,7,14,1,0,2391,-260406179,260406181,4,5,2419
1789,260892054,260892055,260892057,260892064,260892071,260892083,260892072,260895379,0,260895382,260895385,260895392,1,2,7,14,12,1,3307,-260895379,260895382,3,7,3338
1790,260902914,260902915,260902917,260902921,260902927,260902938,260902929,260906466,0,260906469,260906472,260906476,1,2,4,10,11,2,3537,-260906466,260906469,3,4,3562
1791,260917988,260917989,260917991,260917995,260918000,260918012,260918002,260921305,0,260921307,260921310,260921314,1,2,4,9,12,2,3303,-260921305,260921307,3,4,3326
1792,260919819,260919820,260919821,260919825,260919829,260919848,260919834,260922111,0,260922113,260922116,260922120,1,1,4,8,19,5,2277,-260922111,260922113,3,4,2301
1793,260927063,260927064,260927066,260927070,260927075,260927090,260927077,260930229,0,260930232,260930234,260930239,1,2,4,9,15,2,3152,-260930229,260930232,2,5,3176
1794,260932312,260932313,260932315,260932319,260932325,260932332,260932326,260934406,0,260934409,260934411,260934416,1,2,4,10,7,1,2080,-260934406,260934409,2,5,2104
1795,261256833,261256833,261256835,261256841,261256847,261256855,261256848,261259392,0,261259394,261259398,261259403,0,2,6,12,8,1,2544,-261259392,261259394,4,5,2570
1796,261378505,261378507,261378509,261378512,261378516,261378531,261378518,261381567,0,261381570,261381572,261381577,2,2,3,7,15,2,3049,-261381567,261381570,2,5,3072
1797,262128871,262128871,262128873,262128880,262128891,262128898,262128889,262132278,0,262132280,262132284,262132289,0,2,7,18,7,-2,3389,-262132278,262132280,4,5,3418
1798,262368873,262368876,262368878,262368882,262368889,262368890,262368889,262372346,0,262372348,262372350,262372355,3,2,4,11,1,0,3457,-262372346,262372348,2,5,3482
1799,262368893,262368895,262368895,262368899,262368904,262368919,262368903,262371506,0,262371510,262371513,262371517,2,0,4,9,15,-1,2603,-262371506,262371510,3,4,2624
1800,262488873,262488875,262488877,262488882,262488887,262488898,262488888,262491970,0,262491973,262491976,262491980,2,2,5,10,11,1,3082,-262491970,262491973,3,4,3107
1801,262536871,262536872,262536874,262536877,262536882,262536890,262536884,262539486,0,262539490,262539492,262539497,1,2,3,8,8,2,2602,-262539486,262539490,2,5,2626
1802,262560873,262560874,262560875,262560879,262560883,262560891,262560885,262563497,0,262563499,262563505,262563510,1,1,4,8,8,2,2612,-262563497,262563499,6,5,2637
1803,262584871,262584872,262584874,262584878,262584882,262584893,262584884,262587047,0,262587049,262587051,262587056,1,2,4,8,11,2,2163,-262587047,262587049,2,5,2185
1804,262845890,262845891,262845893,262845897,262845902,262845918,262845904,262848319,0,262848322,262848324,262848329,1,2,4,9,16,2,2415,-262848319,262848322,2,5,2439
1805,263061891,263061892,263061894,263061898,263061903,263061915,263061906,263064974,0,263064976,263064979,263064983,1,2,4,9,12,3,3068,-263064974,263064976,3,4,3092
1806,263301897,263301898,263301900,263301906,263301912,263301918,263301913,263305308,0,263305311,263305313,263305318,1,2,6,12,6,1,3395,-263305308,263305311,2,5,3421
1807,263363624,263363625,263363627,263363632,263363639,263363640,263363639,263366292,0,263366295,263366298,263366303,1,2,5,12,1,0,2653,-263366292,263366295,3,5,2679
1808,264867779,264867780,264867782,264867794,264867805,264867806,264867802,264871118,0,264871121,264871126,264871131,1,2,12,23,1,-3,3316,-264871118,264871121,5,5,3352
1809,265303972,265303975,265303977,265303982,265303989,265303990,265303989,265307110,0,265307113,265307116,265307120,3,2,5,12,1,0,3121,-265307110,265307113,3,4,3148
1810,265351962,265351963,265351966,265351972,265351980,265351986,265351979,265355319,0,265355322,265355324,265355329,1,3,6,14,6,-1,3340,-265355319,265355322,2,5,3367
1811,265543970,265543971,265543973,265543977,265543982,265544001,265543985,265546907,0,265546910,265546913,265546917,1,2,4,9,19,3,2922,-265546907,265546910,3,4,2947
1812,265543976,265543977,265543988,265543990,265543994,265544001,265544012,265547033,0,265547035,265547037,265547045,1,11,2,6,7,18,3021,-265547033,265547035,2,8,3069
1813,268411287,268411288,268411289,268411299,268411308,268411310,268411308,268414616,0,268414619,268414621,268414625,1,1,10,19,2,0,3308,-268414616,268414619,2,4,3338
1814,268632629,268632632,268632634,268632640,268632649,268632656,268632647,268636030,0,268636034,268636037,268636042,3,2,6,15,7,-2,3383,-268636030,268636034,3,5,3413
1815,268668862,268668865,268668866,268668873,268668880,268668882,268668879,268672725,0,268672728,268672731,268672736,3,1,7,14,2,-1,3846,-268672725,268672728,3,5,3874
1816,268993028,268993031,268993033,268993038,268993045,268993053,268993046,268995464,0,268995467,268995470,268995474,3,2,5,12,8,1,2418,-268995464,268995467,3,4,2446
1817,269605247,269605248,269605250,269605256,269605264,269605274,269605263,269607827,0,269607830,269607833,269607838,1,2,6,14,10,-1,2564,-269607827,269607830,3,5,2591
1818,269741949,269741950,269741952,269741955,269741960,269741971,269741962,269744573,0,269744576,269744579,269744583,1,2,3,8,11,2,2611,-269744573,269744576,3,4,2634
1819,269749658,269749659,269749660,269749664,269749668,269749679,269749671,269753005,0,269753007,269753010,269753015,1,1,4,8,11,3,3334,-269753005,269753007,3,5,3357
1820,269768413,269768414,269768416,269768419,269768424,269768434,269768425,269771630,0,269771633,269771636,269771641,1,2,3,8,10,1,3205,-269771630,269771633,3,5,3228
1821,269774583,269774584,269774586,269774589,269774594,269774603,269774595,269776975,0,269776978,269776981,269776986,1,2,3,8,9,1,2380,-269776975,269776978,3,5,2403
1822,270899652,270899653,270899655,270899661,270899668,270899678,270899669,270902165,0,270902168,270902171,270902176,1,2,6,13,10,1,2496,-270902165,270902168,3,5,2524
1823,270904287,270904288,270904289,270904293,270904298,270904308,270904300,270906600,0,270906603,270906606,270906610,1,1,4,9,10,2,2300,-270906600,270906603,3,4,2323
1824,270910580,270910581,270910583,270910587,270910591,270910600,270910592,270913120,0,270913122,270913124,270913129,1,2,4,8,9,1,2528,-270913120,270913122,2,5,2549
1825,272187966,272187969,272187971,272187977,272187984,272187992,272187985,272190429,0,272190432,272190435,272190439,3,2,6,13,8,1,2444,-272190429,272190432,3,4,2473
1826,272190884,272190885,272190887,272190890,272190895,272190901,272190895,272193252,0,272193255,272193257,272193262,1,2,3,8,6,0,2357,-272193252,272193255,2,5,2378
1827,273197179,273197179,273197182,273197188,273197194,273197206,273197196,273199750,0,273199753,273199757,273199762,0,3,6,12,12,2,2554,-273199750,273199753,4,5,2583
1828,273197210,273197212,273197214,273197216,273197221,273197227,273197221,273199866,0,273199868,273199870,273199874,2,2,2,7,6,0,2645,-273199866,273199868,2,4,2664
1829,276811635,276811638,276811640,276811649,276811659,276811669,276811658,276814942,0,276814945,276814948,276814952,3,2,9,19,10,-1,3284,-276814942,276814945,3,4,3317
1830,276816447,276816448,276816450,276816453,276816458,276816469,276816460,276818728,0,276818731,276818733,276818738,1,2,3,8,11,2,2268,-276818728,276818731,2,5,2291
1831,277252405,277252406,277252408,277252413,277252420,277252431,277252422,277254882,0,277254885,277254887,277254892,1,2,5,12,11,2,2460,-277254882,277254885,2,5,2487
1832,277255001,277255002,277255004,277255007,277255012,277255018,277255013,277257331,0,277257334,277257336,277257341,1,2,3,8,6,1,2318,-277257331,277257334,2,5,2340
1833,277257581,277257582,277257584,277257587,277257591,277257598,277257592,277259834,0,277259837,277259839,277259844,1,2,3,7,7,1,2242,-277259834,277259837,2,5,2263
1834,277415426,277415427,277415429,277415433,277415438,277415448,277415439,277418653,0,277418655,277418659,277418664,1,2,4,9,10,1,3214,-277418653,277418655,4,5,3238
1835,277986670,277986671,277986673,277986680,277986686,277986698,277986688,277989302,0,277989306,277989308,277989313,1,2,7,13,12,2,2614,-277989302,277989306,2,5,2643
1836,278863413,278863416,278863433,278863439,278863444,278863455,278863449,278868458,0,278868460,278868462,278868467,3,17,6,11,11,5,5009,-278868458,278868460,2,5,5054
1837,278863413,278863414,278863416,278863423,278863431,278863441,278863433,278868411,0,278868414,278868417,278868422,1,2,7,15,10,2,4978,-278868411,278868414,3,5,5009
1838,279480253,279480254,279480256,279480264,279480277,279480279,279480273,279483700,0,279483702,279483706,279483711,1,2,8,21,2,-4,3427,-279483700,279483702,4,5,3458
1839,280398456,280398458,280398460,280398466,280398473,280398481,280398474,280400997,0,280401000,280401003,280401008,2,2,6,13,8,1,2523,-280400997,280401000,3,5,2552
1840,280613677,280613678,280613680,280613683,280613688,280613699,280613690,280616182,0,280616185,280616187,280616192,1,2,3,8,11,2,2492,-280616182,280616185,2,5,2515
1841,280696460,280696461,280696463,280696468,280696474,280696490,280696477,280698841,0,280698843,280698846,280698850,1,2,5,11,16,3,2364,-280698841,280698843,3,4,2390
1842,280753612,280753613,280753615,280753619,280753625,280753636,280753627,280756340,0,280756342,280756345,280756349,1,2,4,10,11,2,2713,-280756340,280756342,3,4,2737
1843,281008468,281008472,281008474,281008478,281008484,281008504,281008486,281011036,0,281011038,281011041,281011045,4,2,4,10,20,2,2550,-281011036,281011038,3,4,2577
1844,281067675,281067676,281067678,281067681,281067685,281067695,281067687,281070208,0,281070211,281070213,281070218,1,2,3,7,10,2,2521,-281070208,281070211,2,5,2543
1845,282654529,282654530,282654532,282654537,282654543,282654555,282654545,282656914,0,282656916,282656919,282656923,1,2,5,11,12,2,2369,-282656914,282656916,3,4,2394
1846,282973967,282973968,282973970,282973974,282973979,282973997,282973982,282976614,0,282976619,282976622,282976626,1,2,4,9,18,3,2632,-282976614,282976619,3,4,2659
1847,283352731,283352732,283352734,283352738,283352743,283352756,283352746,283355273,0,283355275,283355277,283355282,1,2,4,9,13,3,2527,-283355273,283355275,2,5,2551
1848,283803585,283803586,283803589,283803593,283803598,283803619,283803603,283806055,0,283806057,283806060,283806065,1,3,4,9,21,5,2452,-283806055,283806057,3,5,2480
1849,283902507,283902508,283902510,283902515,283902521,283902532,283902522,283904689,0,283904692,283904694,283904699,1,2,5,11,11,1,2167,-283904689,283904692,2,5,2192
1850,283902507,283902510,283902526,283902529,283902533,283902557,283902546,283904834,0,283904836,283904838,283904842,3,16,3,7,24,13,2288,-283904834,283904836,2,4,2335
1851,284047778,284047779,284047781,284047785,284047789,284047805,284047792,284051000,0,284051003,284051005,284051010,1,2,4,8,16,3,3208,-284051000,284051003,2,5,3232
1852,284091584,284091585,284091587,284091589,284091594,284091611,284091598,284095149,0,284095151,284095153,284095159,1,2,2,7,17,4,3551,-284095149,284095151,2,6,3575
1853,284598586,284598589,284598591,284598595,284598600,284598612,284598602,284601051,0,284601054,284601059,284601063,3,2,4,9,12,2,2449,-284601051,284601054,5,4,2477
1854,284687589,284687590,284687592,284687595,284687600,284687618,284687602,284690169,0,284690171,284690174,284690177,1,2,3,8,18,2,2567,-284690169,284690171,3,3,2588
1855,284687593,284687594,284687605,284687607,284687611,284687618,284687633,284690298,0,284690300,284690302,284690308,1,11,2,6,7,22,2665,-284690298,284690300,2,6,2715
1856,285968634,285968635,285968637,285968642,285968648,285968660,285968649,285971612,0,285971615,285971617,285971622,1,2,5,11,12,1,2963,-285971612,285971615,2,5,2988
1857,286048318,286048319,286048321,286048327,286048333,286048348,286048336,286050729,0,286050733,286050735,286050740,1,2,6,12,15,3,2393,-286050729,286050733,2,5,2422
1858,286472587,286472588,286472590,286472597,286472604,286472617,286472607,286475949,0,286475952,286475956,286475961,1,2,7,14,13,3,3342,-286475949,286475952,4,5,3374
1859,286948427,286948428,286948430,286948434,286948440,286948451,286948442,286950923,0,286950925,286950928,286950932,1,2,4,10,11,2,2481,-286950923,286950925,3,4,2505
1860,286951667,286951668,286951670,286951676,286951686,286951693,286951682,286955015,0,286955018,286955021,286955025,1,2,6,16,7,-4,3333,-286955015,286955018,3,4,3358
1861,287442678,287442679,287442681,287442686,287442693,287442704,287442694,287445957,0,287445962,287445964,287445968,1,2,5,12,11,1,3263,-287445957,287445962,2,4,3290
1862,288429715,288429718,288429720,288429725,288429733,288429745,288429733,288433145,0,288433148,288433151,288433156,3,2,5,13,12,0,3412,-288433145,288433148,3,5,3441
1863,288440703,288440704,288440706,288440710,288440715,288440726,288440717,288443232,0,288443234,288443237,288443241,1,2,4,9,11,2,2515,-288443232,288443234,3,4,2538
1864,288570802,288570803,288570805,288570808,288570813,288570833,288570819,288573963,0,288573965,288573967,288573972,1,2,3,8,20,6,3144,-288573963,288573965,2,5,3170
1865,288757358,288757359,288757361,288757367,288757373,288757374,288757373,288760109,0,288760112,288760116,288760120,1,2,6,12,1,0,2736,-288760109,288760112,4,4,2762
1866,288792537,288792538,288792540,288792543,288792548,288792556,288792549,288795688,0,288795691,288795694,288795699,1,2,3,8,8,1,3139,-288795688,288795691,3,5,3162
1867,288995816,288995817,288995819,288995824,288995830,288995838,288995832,288998212,0,288998215,288998220,288998225,1,2,5,11,8,2,2380,-288998212,288998215,5,5,2409
1868,289062467,289062468,289062470,289062474,289062479,289062488,289062480,289065083,0,289065086,289065089,289065093,1,2,4,9,9,1,2603,-289065083,289065086,3,4,2626
1869,289123418,289123419,289123421,289123427,289123435,289123445,289123434,289126767,0,289126770,289126774,289126778,1,2,6,14,10,-1,3333,-289126767,289126770,4,4,3360
1870,289129882,289129883,289129885,289129888,289129895,289129906,289129898,289133363,0,289133366,289133369,289133373,1,2,3,10,11,3,3465,-289133363,289133366,3,4,3491
1871,289156732,289156735,289156737,289156741,289156748,289156749,289156748,289159072,0,289159074,289159077,289159081,3,2,4,11,1,0,2324,-289159072,289159074,3,4,2349
1872,289215911,289215912,289215914,289215917,289215923,289215932,289215924,289218231,0,289218234,289218238,289218243,1,2,3,9,9,1,2307,-289218231,289218234,4,5,2332
1873,289223185,289223186,289223188,289223191,289223195,289223204,289223197,289226032,0,289226036,289226039,289226044,1,2,3,7,9,2,2835,-289226032,289226036,3,5,2859
1874,289228731,289228734,289228735,289228739,289228743,289228754,289228745,289231575,0,289231578,289231580,289231585,3,1,4,8,11,2,2830,-289231575,289231578,2,5,2854
1875,289276733,289276734,289276736,289276739,289276744,289276760,289276747,289279102,0,289279104,289279107,289279111,1,2,3,8,16,3,2355,-289279102,289279104,3,4,2378
1876,289282083,289282084,289282086,289282089,289282094,289282102,289282094,289285396,0,289285399,289285401,289285406,1,2,3,8,8,0,3302,-289285396,289285399,2,5,3323
1877,289302514,289302515,289302517,289302520,289302524,289302534,289302526,289304845,0,289304848,289304850,289304855,1,2,3,7,10,2,2319,-289304845,289304848,2,5,2341
1878,289308243,289308244,289308246,289308249,289308254,289308265,289308257,289310548,0,289310551,289310553,289310558,1,2,3,8,11,3,2291,-289310548,289310551,2,5,2315
1879,289311441,289311442,289311444,289311446,289311451,289311459,289311452,289314352,0,289314355,289314358,289314363,1,2,2,7,8,1,2900,-289314352,289314355,3,5,2922
1880,289314806,289314807,289314808,289314811,289314815,289314825,289314817,289318116,0,289318118,289318121,289318125,1,1,3,7,10,2,3299,-289318116,289318118,3,4,3319
1881,289691521,289691522,289691524,289691528,289691534,289691545,289691536,289694031,0,289694034,289694036,289694041,1,2,4,10,11,2,2495,-289694031,289694034,2,5,2520
1882,290332482,290332483,290332484,290332488,290332494,290332507,290332495,290335080,0,290335083,290335086,290335091,1,1,4,10,13,1,2585,-290335080,290335083,3,5,2609
1883,290441562,290441563,290441565,290441569,290441574,290441583,290441575,290444287,0,290444290,290444292,290444296,1,2,4,9,9,1,2712,-290444287,290444290,2,4,2734
1884,290479263,290479264,290479266,290479270,290479277,290479285,290479276,290482625,0,290482627,290482630,290482633,1,2,4,11,8,-1,3349,-290482625,290482627,3,3,3370
1885,290908412,290908413,290908415,290908420,290908428,290908438,290908429,290911900,0,290911902,290911905,290911909,1,2,5,13,10,1,3471,-290911900,290911902,3,4,3497
1886,290946123,290946124,290946126,290946130,290946136,290946145,290946137,290948744,0,290948747,290948750,290948754,1,2,4,10,9,1,2607,-290948744,290948747,3,4,2631
1887,290953294,290953295,290953297,290953300,290953304,290953314,290953306,290956275,0,290956278,290956280,290956285,1,2,3,7,10,2,2969,-290956275,290956278,2,5,2991
1888,290956569,290956570,290956572,290956575,290956579,290956589,290956581,290959632,0,290959635,290959637,290959642,1,2,3,7,10,2,3051,-290959632,290959635,2,5,3073
1889,291355569,291355571,291355573,291355578,291355584,291355590,291355584,291358185,0,291358188,291358191,291358195,2,2,5,11,6,0,2601,-291358185,291358188,3,4,2626
1890,291775026,291775028,291775030,291775035,291775041,291775049,291775042,291778236,0,291778239,291778242,291778251,2,2,5,11,8,1,3194,-291778236,291778239,3,9,3225
1891,291895133,291895134,291895136,291895140,291895148,291895157,291895148,291898497,0,291898501,291898504,291898509,1,2,4,12,9,0,3349,-291898497,291898501,3,5,3376
1892,291973747,291973748,291973750,291973754,291973759,291973770,291973761,291976454,0,291976457,291976459,291976463,1,2,4,9,11,2,2693,-291976454,291976457,2,4,2716
1893,291998907,291998908,291998910,291998913,291998918,291998936,291998922,292001918,0,292001920,292001923,292001928,1,2,3,8,18,4,2996,-292001918,292001920,3,5,3021
1894,292690924,292690925,292690927,292690932,292690941,292690952,292690940,292694180,0,292694182,292694186,292694189,1,2,5,14,11,-1,3240,-292694180,292694182,4,3,3265
1895,292887942,292887945,292887947,292887952,292887960,292887961,292887960,292890332,0,292890335,292890338,292890342,3,2,5,13,1,0,2372,-292890332,292890335,3,4,2400
1896,293675588,293675589,293675591,293675596,293675602,293675609,293675602,293678665,0,293678668,293678671,293678676,1,2,5,11,7,0,3063,-293678665,293678668,3,5,3088
1897,293700736,293700737,293700739,293700743,293700747,293700755,293700749,293704175,0,293704178,293704181,293704184,1,2,4,8,8,2,3426,-293704175,293704178,3,3,3448
1898,294302903,294302904,294302906,294302910,294302916,294302927,294302918,294305845,0,294305848,294305850,294305855,1,2,4,10,11,2,2927,-294305845,294305848,2,5,2952
1899,294302931,294302932,294302934,294302937,294302941,294302956,294302944,294305989,0,294305991,294305993,294305998,1,2,3,7,15,3,3045,-294305989,294305991,2,5,3067
1900,294741918,294741920,294741922,294741926,294741932,294741940,294741933,294744432,0,294744436,294744439,294744443,2,2,4,10,8,1,2499,-294744432,294744436,3,4,2525
1901,295277935,295277936,295277938,295277943,295277949,295277961,295277951,295280363,0,295280366,295280370,295280375,1,2,5,11,12,2,2412,-295280363,295280366,4,5,2440
1902,296048393,296048395,296048397,296048403,296048411,296048412,296048411,296051403,0,296051406,296051410,296051415,2,2,6,14,1,0,2992,-296051403,296051406,4,5,3022
1903,296211656,296211657,296211659,296211663,296211671,296211680,296211669,296215238,0,296215241,296215244,296215248,1,2,4,12,9,-2,3569,-296215238,296215241,3,4,3592
1904,296246134,296246135,296246137,296246140,296246146,296246155,296246147,296249505,0,296249507,296249510,296249514,1,2,3,9,9,1,3358,-296249505,296249507,3,4,3380
1905,296260816,296260817,296260819,296260824,296260829,296260836,296260830,296263705,0,296263708,296263711,296263715,1,2,5,10,7,1,2875,-296263705,296263708,3,4,2899
1906,298067362,298067364,298067366,298067372,298067379,298067390,298067380,298069887,0,298069891,298069894,298069900,2,2,6,13,11,1,2507,-298069887,298069891,3,6,2538
1907,298255033,298255034,298255036,298255044,298255053,298255054,298255051,298258188,0,298258192,298258195,298258199,1,2,8,17,1,-2,3137,-298258188,298258192,3,4,3166
1908,298284086,298284087,298284089,298284093,298284099,298284109,298284101,298286209,0,298286211,298286214,298286219,1,2,4,10,10,2,2108,-298286209,298286211,3,5,2133
1909,298310830,298310831,298310833,298310837,298310841,298310852,298310844,298313152,0,298313154,298313157,298313162,1,2,4,8,11,3,2308,-298313152,298313154,3,5,2332
1910,299356067,299356070,299356072,299356078,299356087,299356089,299356086,299359535,0,299359539,299359542,299359547,3,2,6,15,2,-1,3449,-299359535,299359539,3,5,3480
1911,300834114,300834115,300834117,300834124,300834133,300834134,300834131,300837627,0,300837630,300837633,300837637,1,2,7,16,1,-2,3496,-300837627,300837630,3,4,3523
1912,303805927,303805928,303805930,303805938,303805948,303805950,303805946,303809085,0,303809088,303809091,303809096,1,2,8,18,2,-2,3139,-303809085,303809088,3,5,3169
1913,303811244,303811245,303811247,303811250,303811254,303811264,303811257,303813588,0,303813590,303813593,303813597,1,2,3,7,10,3,2331,-303813588,303813590,3,4,2353
1914,303923212,303923213,303923215,303923220,303923229,303923230,303923227,303926672,0,303926675,303926677,303926682,1,2,5,14,1,-2,3445,-303926672,303926675,2,5,3470
1915,304671414,304671415,304671417,304671422,304671429,304671437,304671430,304674815,0,304674818,304674820,304674825,1,2,5,12,8,1,3385,-304674815,304674818,2,5,3411
1916,304791742,304791743,304791745,304791750,304791756,304791766,304791757,304794184,0,304794186,304794190,304794194,1,2,5,11,10,1,2427,-304794184,304794186,4,4,2452
1917,305895539,305895541,305895543,305895547,305895553,305895565,305895556,305897953,0,305897956,305897959,305897963,2,2,4,10,12,3,2397,-305897953,305897956,3,4,2424
1918,306723621,306723622,306723624,306723629,306723636,306723646,306723637,306726119,0,306726122,306726125,306726129,1,2,5,12,10,1,2482,-306726119,306726122,3,4,2508
1919,306729438,306729439,306729441,306729444,306729448,306729457,306729450,306731890,0,306731892,306731894,306731899,1,2,3,7,9,2,2440,-306731890,306731892,2,5,2461
1920,306736505,306736506,306736509,306736512,306736517,306736528,306736519,306738869,0,306738872,306738874,306738879,1,3,3,8,11,2,2350,-306738869,306738872,2,5,2374
1921,306739168,306739169,306739171,306739174,306739178,306739186,306739179,306742212,0,306742215,306742218,306742223,1,2,3,7,8,1,3033,-306742212,306742215,3,5,3055
1922,306743143,306743144,306743146,306743149,306743153,306743165,306743157,306745593,0,306745595,306745598,306745603,1,2,3,7,12,4,2436,-306745593,306745595,3,5,2460
1923,306789319,306789320,306789322,306789325,306789330,306789341,306789333,306791772,0,306791775,306791777,306791782,1,2,3,8,11,3,2439,-306791772,306791775,2,5,2463
1924,308762350,308762351,308762353,308762359,308762366,308762376,308762367,308765610,0,308765613,308765616,308765621,1,2,6,13,10,1,3243,-308765610,308765613,3,5,3271
1925,309779785,309779786,309779788,309779793,309779800,309779810,309779801,309782874,0,309782877,309782880,309782886,1,2,5,12,10,1,3073,-309782874,309782877,3,6,3101
1926,309824695,309824696,309824698,309824701,309824706,309824716,309824708,309827287,0,309827290,309827292,309827297,1,2,3,8,10,2,2579,-309827287,309827290,2,5,2602
1927,312419487,312419490,312419492,312419507,312419520,312419522,312419516,312422803,0,312422806,312422809,312422813,3,2,15,28,2,-4,3287,-312422803,312422806,3,4,3326
1928,312445477,312445478,312445480,312445485,312445492,312445498,312445492,312449105,0,312449109,312449111,312449115,1,2,5,12,6,0,3613,-312449105,312449109,2,4,3638
1929,313265078,313265080,313265082,313265088,313265096,313265106,313265096,313267349,0,313267352,313267356,313267360,2,2,6,14,10,0,2253,-313267349,313267352,4,4,2282
1930,313320513,313320514,313320515,313320521,313320529,313320536,313320528,313323847,0,313323850,313323853,313323857,1,1,6,14,7,-1,3319,-313323847,313323850,3,4,3344
1931,316006439,316006440,316006442,316006451,316006460,316006472,316006459,316008787,0,316008790,316008794,316008798,1,2,9,18,12,-1,2328,-316008787,316008790,4,4,2359
1932,316542384,316542387,316542389,316542396,316542403,316542405,316542404,316544680,0,316544683,316544686,316544690,3,2,7,14,2,1,2276,-316544680,316544683,3,4,2306
1933,316542395,316542396,316542412,316542414,316542418,316542427,316542439,316544837,0,316544839,316544841,316544845,1,16,2,6,9,21,2398,-316544837,316544839,2,4,2450
1934,316860523,316860524,316860526,316860532,316860542,316860564,316860540,316863755,0,316863757,316863760,316863764,1,2,6,16,22,-2,3215,-316863755,316863757,3,4,3241
1935,316870811,316870812,316870814,316870818,316870825,316870835,316870826,316873998,0,316874002,316874004,316874009,1,2,4,11,10,1,3172,-316873998,316874002,2,5,3198
1936,318424312,318424315,318424317,318424323,318424331,318424342,318424330,318427509,0,318427513,318427515,318427519,3,2,6,14,11,-1,3179,-318427509,318427513,2,4,3207
1937,319087095,319087096,319087098,319087103,319087110,319087117,319087111,319089562,0,319089565,319089568,319089572,1,2,5,12,7,1,2451,-319089562,319089565,3,4,2477
1938,319090186,319090187,319090189,319090192,319090197,319090207,319090199,319092804,0,319092808,319092810,319092814,1,2,3,8,10,2,2605,-319092804,319092808,2,4,2628
1939,322069867,322069868,322069870,322069879,322069890,322069892,322069888,322073133,0,322073136,322073139,322073143,1,2,9,20,2,-2,3245,-322073133,322073136,3,4,3276
1940,327982411,327982413,327982415,327982429,327982448,327982451,327982442,327985550,0,327985553,327985558,327985563,2,2,14,33,3,-6,3108,-327985550,327985553,5,5,3152
1941,328894266,328894267,328894269,328894277,328894286,328894295,328894284,328897573,0,328897575,328897580,328897591,1,2,8,17,9,-2,3289,-328897573,328897575,5,11,3325
1942,329034063,329034064,329034066,329034070,329034076,329034087,329034076,329037552,0,329037555,329037559,329037564,1,2,4,10,11,0,3476,-329037552,329037555,4,5,3501
1943,329604381,329604382,329604384,329604388,329604395,329604405,329604396,329607581,0,329607584,329607587,329607591,1,2,4,11,10,1,3185,-329607581,329607584,3,4,3210
1944,329943208,329943210,329943212,329943221,329943231,329943241,329943233,329946510,0,329946512,329946515,329946519,2,2,9,19,10,2,3277,-329946510,329946512,3,4,3311
1945,330823363,330823364,330823366,330823371,330823379,330823387,330823380,330826613,0,330826616,330826618,330826623,1,2,5,13,8,1,3233,-330826613,330826616,2,5,3260
1946,331084800,331084802,331084804,331084810,331084818,331084819,331084817,331087125,0,331087127,331087130,331087135,2,2,6,14,1,-1,2308,-331087125,331087127,3,5,2335
1947,333642169,333642172,333642174,333642183,333642194,333642195,333642191,333645541,0,333645543,333645546,333645551,3,2,9,20,1,-3,3350,-333645541,333645543,3,5,3382
1948,333645836,333645837,333645838,333645843,333645849,333645859,333645850,333649052,0,333649054,333649056,333649061,1,1,5,11,10,1,3202,-333649052,333649054,2,5,3225
1949,333678065,333678066,333678067,333678073,333678080,333678087,333678081,333681459,0,333681462,333681465,333681470,1,1,6,13,7,1,3378,-333681459,333681462,3,5,3405
1950,333690161,333690162,333690164,333690167,333690174,333690183,333690175,333693511,0,333693513,333693517,333693522,1,2,3,10,9,1,3336,-333693511,333693513,4,5,3361
1951,333801288,333801289,333801291,333801296,333801304,333801315,333801303,333804660,0,333804663,333804665,333804670,1,2,5,13,11,-1,3357,-333804660,333804663,2,5,3382
1952,334491838,334491839,334491841,334491847,334491856,334491863,334491854,334495005,0,334495008,334495012,334495017,1,2,6,15,7,-2,3151,-334495005,334495008,4,5,3179
1953,334587937,334587938,334587940,334587944,334587950,334587961,334587952,334591285,0,334591287,334591289,334591294,1,2,4,10,11,2,3333,-334591285,334591287,2,5,3357
1954,335242683,335242685,335242687,335242693,335242703,335242704,335242701,335246110,0,335246113,335246115,335246120,2,2,6,16,1,-2,3409,-335246110,335246113,2,5,3437
1955,335782236,335782237,335782239,335782244,335782253,335782260,335782251,335785596,0,335785599,335785602,335785607,1,2,5,14,7,-2,3345,-335785596,335785599,3,5,3371
1956,336621263,336621263,336621265,336621270,336621277,336621288,336621277,336624505,0,336624508,336624510,336624515,0,2,5,12,11,0,3228,-336624505,336624508,2,5,3252
1957,336747265,336747266,336747268,336747273,336747280,336747291,336747280,336750417,0,336750420,336750423,336750427,1,2,5,12,11,0,3137,-336750417,336750420,3,4,3162
1958,336821263,336821264,336821266,336821270,336821277,336821288,336821278,336824287,0,336824289,336824292,336824297,1,2,4,11,11,1,3009,-336824287,336824289,3,5,3034
1959,336857264,336857265,336857267,336857272,336857279,336857286,336857278,336860784,0,336860786,336860789,336860794,1,2,5,12,7,-1,3506,-336860784,336860786,3,5,3530
1960,341195208,341195212,341195214,341195226,341195241,341195243,341195237,341198817,0,341198819,341198823,341198828,4,2,12,27,2,-4,3580,-341198817,341198819,4,5,3620
1961,341195221,341195222,341195250,341195253,341195259,341195284,341195268,341198968,0,341198970,341198972,341198977,1,28,3,9,25,9,3700,-341198968,341198970,2,5,3756
1962,341324798,341324799,341324800,341324806,341324812,341324824,341324814,341328094,0,341328096,341328099,341328103,1,1,6,12,12,2,3280,-341328094,341328096,3,4,3305
1963,341326455,341326456,341326459,341326462,341326467,341326468,341326467,341329719,0,341329721,341329723,341329728,1,3,3,8,1,0,3252,-341329719,341329721,2,5,3273
1964,341400851,341400852,341400854,341400858,341400864,341400865,341400864,341404326,0,341404329,341404331,341404336,1,2,4,10,1,0,3462,-341404326,341404329,2,5,3485
1965,345558662,345558666,345558668,345558679,345558693,345558695,345558689,345562262,0,345562265,345562268,345562272,4,2,11,25,2,-4,3573,-345562262,345562265,3,4,3610
1966,347358609,347358610,347358612,347358620,347358629,347358641,347358629,347362109,0,347362112,347362114,347362119,1,2,8,17,12,0,3480,-347362109,347362112,2,5,3510
1967,347770278,347770281,347770282,347770287,347770294,347770304,347770294,347773438,0,347773441,347773444,347773448,3,1,5,12,10,0,3144,-347773438,347773441,3,4,3170
1968,349471676,349471678,349471679,349471688,349471697,349471706,349471696,349474001,0,349474004,349474007,349474011,2,1,9,18,9,-1,2305,-349474001,349474004,3,4,2335
1969,350267702,350267703,350267705,350267709,350267715,350267727,350267717,350271293,0,350271296,350271298,350271303,1,2,4,10,12,2,3576,-350271293,350271296,2,5,3601
1970,351697811,351697812,351697814,351697820,351697830,351697838,351697827,351701220,0,351701223,351701226,351701230,1,2,6,16,8,-3,3393,-351701220,351701223,3,4,3419
1971,352274769,352274770,352274772,352274778,352274787,352274799,352274786,352278106,0,352278108,352278111,352278115,1,2,6,15,12,-1,3320,-352278106,352278108,3,4,3346
1972,352274788,352274789,352274794,352274797,352274803,352274822,352274811,352278245,0,352278246,352278248,352278252,1,5,3,9,19,8,3434,-352278245,352278246,2,4,3464
1973,352412769,352412770,352412771,352412776,352412782,352412789,352412783,352415116,0,352415119,352415121,352415126,1,1,5,11,7,1,2333,-352415116,352415119,2,5,2357
1974,354111846,354111848,354111850,354111859,354111871,354111873,354111868,354115278,0,354115281,354115286,354115291,2,2,9,21,2,-3,3410,-354115278,354115281,5,5,3445
1975,354233967,354233967,354233969,354233973,354233980,354233990,354233980,354237251,0,354237254,354237257,354237261,0,2,4,11,10,0,3271,-354237251,354237254,3,4,3294
1976,354240791,354240792,354240794,354240798,354240803,354240812,354240804,354243906,0,354243908,354243912,354243917,1,2,4,9,9,1,3102,-354243906,354243908,4,5,3126
1977,356657909,356657912,356657914,356657922,356657931,356657940,356657930,356660517,0,356660520,356660523,356660527,3,2,8,17,9,-1,2587,-356660517,356660520,3,4,2618
1978,357512894,357512896,357512898,357512905,357512914,357512916,357512912,357516360,0,357516363,357516365,357516370,2,2,7,16,2,-2,3448,-357516360,357516363,2,5,3476
1979,357529757,357529758,357529761,357529765,357529771,357529772,357529771,357532898,0,357532901,357532903,357532908,1,3,4,10,1,0,3127,-357532898,357532901,2,5,3151
1980,358814992,358814995,358814997,358815004,358815014,358815016,358815013,358818432,0,358818435,358818438,358818442,3,2,7,17,2,-1,3419,-358818432,358818435,3,4,3450
1981,359175433,359175434,359175435,359175441,359175449,359175456,359175449,359178738,0,359178740,359178743,359178747,1,1,6,14,7,0,3289,-359178738,359178740,3,4,3314
1982,363295326,363295329,363295331,363295341,363295355,363295370,363295351,363298648,0,363298651,363298654,363298658,3,2,10,24,15,-4,3297,-363298648,363298651,3,4,3332
1983,364501334,364501335,364501337,364501342,364501349,364501350,364501349,364504912,0,364504915,364504917,364504922,1,2,5,12,1,0,3563,-364504912,364504915,2,5,3588
1984,364773657,364773658,364773661,364773665,364773672,364773673,364773672,364777072,0,364777074,364777077,364777081,1,3,4,11,1,0,3400,-364777072,364777074,3,4,3424
1985,365153384,365153385,365153387,365153392,365153399,365153406,365153399,365156886,0,365156889,365156892,365156897,1,2,5,12,7,0,3487,-365156886,365156889,3,5,3513
1986,366031833,366031834,366031837,366031842,366031849,366031861,366031849,366035228,0,366035230,366035232,366035237,1,3,5,12,12,0,3379,-366035228,366035230,2,5,3404
1987,366266938,366266939,366266941,366266945,366266951,366266962,366266952,366270214,0,366270217,366270219,366270224,1,2,4,10,11,1,3262,-366270214,366270217,2,5,3286
1988,367993685,367993686,367993689,367993697,367993705,367993725,367993709,367997161,0,367997164,367997167,367997172,1,3,8,16,20,4,3452,-367997161,367997164,3,5,3487
1989,368017268,368017269,368017271,368017274,368017279,368017290,368017281,368019738,0,368019741,368019744,368019749,1,2,3,8,11,2,2457,-368019738,368019741,3,5,2481
1990,368449573,368449573,368449575,368449581,368449589,368449599,368449590,368453053,0,368453056,368453060,368453065,0,2,6,14,10,1,3463,-368453053,368453056,4,5,3492
1991,368449579,368449580,368449595,368449597,368449603,368449624,368449613,368453204,0,368453206,368453208,368453213,1,15,2,8,21,10,3591,-368453204,368453206,2,5,3634
1992,369658008,369658009,369658011,369658017,369658024,369658031,369658025,369660672,0,369660674,369660677,369660682,1,2,6,13,7,1,2647,-369660672,369660674,3,5,2674
1993,370230450,370230451,370230453,370230458,370230464,370230476,370230466,370233634,0,370233637,370233640,370233644,1,2,5,11,12,2,3168,-370233634,370233637,3,4,3194
1994,373579780,373579781,373579783,373579791,373579799,373579801,373579800,373582199,0,373582202,373582205,373582209,1,2,8,16,2,1,2399,-373582199,373582202,3,4,2429
1995,375588216,375588219,375588221,375588228,375588240,375588241,375588235,375591753,0,375591756,375591759,375591763,3,2,7,19,1,-5,3518,-375591753,375591756,3,4,3547
1996,376229895,376229896,376229898,376229906,376229917,376229919,376229914,376233228,0,376233230,376233233,376233238,1,2,8,19,2,-3,3314,-376233228,376233230,3,5,3343
1997,376234198,376234199,376234201,376234205,376234211,376234221,376234211,376237314,0,376237317,376237320,376237325,1,2,4,10,10,0,3103,-376237314,376237317,3,5,3127
1998,376237702,376237703,376237705,376237709,376237715,376237723,376237715,376240948,0,376240950,376240953,376240958,1,2,4,10,8,0,3233,-376240948,376240950,3,5,3256
1999,380267877,380267879,380267881,380267891,380267904,380267905,380267900,380270402,0,380270404,380270408,380270413,2,2,10,23,1,-4,2502,-380270402,380270404,4,5,2536
2000,382941902,382941903,382941905,382941914,382941924,382941927,382941923,382944837,0,382944840,382944844,382944849,1,2,9,19,3,-1,2914,-382944837,382944840,4,5,2947
2001,382956422,382956423,382956425,382956433,382956441,382956443,382956439,382958817,0,382958820,382958823,382958827,1,2,8,16,2,-2,2378,-382958817,382958820,3,4,2405
2002,384066306,384066308,384066310,384066318,384066331,384066332,384066325,384069638,0,384069640,384069643,384069648,2,2,8,21,1,-6,3313,-384069638,384069640,3,5,3342
2003,384405786,384405787,384405788,384405794,384405800,384405808,384405801,384408168,0,384408171,384408173,384408178,1,1,6,12,8,1,2367,-384408168,384408171,2,5,2392
2004,384408553,384408554,384408556,384408559,384408564,384408574,384408565,384410911,0,384410913,384410916,384410920,1,2,3,8,10,1,2346,-384410911,384410913,3,4,2367
2005,384648269,384648270,384648272,384648276,384648282,384648288,384648283,384651850,0,384651853,384651855,384651860,1,2,4,10,6,1,3567,-384651850,384651853,2,5,3591
2006,384648273,384648274,384648288,384648291,384648296,384648319,384648305,384651989,0,384651990,384651992,384651997,1,14,3,8,23,9,3684,-384651989,384651990,2,5,3724
2007,385508840,385508841,385508843,385508849,385508857,385508869,385508856,385512269,0,385512272,385512274,385512278,1,2,6,14,12,-1,3413,-385512269,385512272,2,4,3438
2008,385510874,385510875,385510877,385510880,385510886,385510897,385510888,385514100,0,385514102,385514104,385514108,1,2,3,9,11,2,3212,-385514100,385514102,2,4,3234
2009,387611854,387611858,387611860,387611867,387611875,387611876,387611875,387614300,0,387614303,387614306,387614310,4,2,7,15,1,0,2425,-387614300,387614303,3,4,2456
2010,393051758,393051760,393051762,393051775,393051793,393051796,393051786,393055417,0,393055420,393055423,393055428,2,2,13,31,3,-7,3631,-393055417,393055420,3,5,3670
2011,393051770,393051771,393051802,393051805,393051811,393051824,393051834,393055585,0,393055586,393055588,393055596,1,31,3,9,13,23,3751,-393055585,393055586,2,8,3826
2012,399466600,399466601,399466603,399466616,399466631,399466634,399466628,399469189,0,399469192,399469197,399469202,1,2,13,28,3,-3,2561,-399469189,399469192,5,5,2602
2013,399556610,399556610,399556612,399556617,399556623,399556633,399556624,399559038,0,399559041,399559044,399559049,0,2,5,11,10,1,2414,-399559038,399559041,3,5,2439
2014,400671778,400671779,400671781,400671788,400671799,400671809,400671796,400675291,0,400675294,400675297,400675302,1,2,7,18,10,-3,3495,-400675291,400675294,3,5,3524
2015,404321646,404321650,404321652,404321663,404321674,404321676,404321672,404324939,0,404324942,404324945,404324950,4,2,11,22,2,-2,3267,-404324939,404324942,3,5,3304
2016,404500139,404500140,404500142,404500147,404500154,404500164,404500153,404502544,0,404502546,404502549,404502554,1,2,5,12,10,-1,2391,-404502544,404502546,3,5,2415
2017,405700430,405700433,405700435,405700440,405700447,405700459,405700448,405704257,0,405704261,405704263,405704268,3,2,5,12,12,1,3809,-405704257,405704261,2,5,3838
2018,405883170,405883171,405883173,405883181,405883190,405883193,405883188,405885457,0,405885461,405885464,405885468,1,2,8,17,3,-2,2269,-405885457,405885461,3,4,2298
2019,409288316,409288318,409288320,409288328,409288339,409288341,409288337,409291508,0,409291511,409291514,409291518,2,2,8,19,2,-2,3171,-409291508,409291511,3,4,3202
2020,409291804,409291805,409291807,409291810,409291815,409291825,409291816,409294132,0,409294135,409294137,409294142,1,2,3,8,10,1,2316,-409294132,409294135,2,5,2338
2021,409860700,409860700,409860702,409860707,409860713,409860724,409860714,409863139,0,409863142,409863145,409863154,0,2,5,11,11,1,2425,-409863139,409863142,3,9,2454
2022,410782772,410782773,410782774,410782779,410782785,410782796,410782786,410785923,0,410785926,410785928,410785933,1,1,5,11,11,1,3137,-410785923,410785926,2,5,3161
2023,411106047,411106048,411106050,411106057,411106065,411106066,411106065,411108574,0,411108577,411108583,411108588,1,2,7,15,1,0,2509,-411108574,411108577,6,5,2541
2024,411567723,411567724,411567726,411567732,411567738,411567739,411567738,411570189,0,411570192,411570194,411570198,1,2,6,12,1,0,2451,-411570189,411570192,2,4,2475
2025,412180117,412180118,412180120,412180126,412180133,412180144,412180134,412182740,0,412182742,412182746,412182749,1,2,6,13,11,1,2606,-412182740,412182742,4,3,2632
2026,412206344,412206345,412206347,412206351,412206358,412206368,412206358,412208848,0,412208850,412208853,412208857,1,2,4,11,10,0,2490,-412208848,412208850,3,4,2513
2027,413569842,413569843,413569845,413569850,413569857,413569865,413569858,413572246,0,413572249,413572251,413572256,1,2,5,12,8,1,2388,-413572246,413572249,2,5,2414
2028,413654768,413654769,413654772,413654775,413654780,413654798,413654783,413657883,0,413657886,413657888,413657893,1,3,3,8,18,3,3100,-413657883,413657886,2,5,3125
2029,415202156,415202157,415202159,415202165,415202173,415202185,415202175,415205674,0,415205676,415205680,415205685,1,2,6,14,12,2,3499,-415205674,415205676,4,5,3529
2030,415281435,415281436,415281439,415281443,415281448,415281458,415281449,415283866,0,415283869,415283871,415283876,1,3,4,9,10,1,2417,-415283866,415283869,2,5,2441
2031,415437492,415437493,415437495,415437498,415437506,415437514,415437507,415440487,0,415440489,415440493,415440498,1,2,3,11,8,1,2980,-415440487,415440489,4,5,3006
2032,415856613,415856614,415856616,415856620,415856626,415856635,415856627,415858961,0,415858964,415858967,415858971,1,2,4,10,9,1,2334,-415858961,415858964,3,4,2358
2033,416447272,416447273,416447275,416447279,416447284,416447294,416447286,416449645,0,416449649,416449654,416449658,1,2,4,9,10,2,2359,-416449645,416449649,5,4,2386
2034,416506102,416506103,416506105,416506112,416506123,416506130,416506118,416509528,0,416509532,416509536,416509540,1,2,7,18,7,-5,3410,-416509528,416509532,4,4,3438
2035,418224413,418224416,418224418,418224425,418224435,418224443,418224433,418228031,0,418228034,418228036,418228041,3,2,7,17,8,-2,3598,-418228031,418228034,2,5,3628
2036,424743802,424743803,424743805,424743818,424743833,424743835,424743829,424746338,0,424746341,424746345,424746350,1,2,13,28,2,-4,2509,-424746338,424746341,4,5,2548
2037,427401288,427401291,427401293,427401300,427401309,427401311,427401309,427403899,0,427403902,427403904,427403909,3,2,7,16,2,0,2590,-427403899,427403902,2,5,2621
2038,428237711,428237714,428237716,428237723,428237734,428237741,428237730,428241092,0,428241095,428241098,428241102,3,2,7,18,7,-4,3362,-428241092,428241095,3,4,3391
2039,428267703,428267704,428267706,428267713,428267722,428267732,428267719,428271076,0,428271079,428271082,428271087,1,2,7,16,10,-3,3357,-428271076,428271079,3,5,3384
2040,428271819,428271820,428271822,428271826,428271832,428271842,428271832,428275044,0,428275047,428275050,428275054,1,2,4,10,10,0,3212,-428275044,428275047,3,4,3235
2041,428276199,428276200,428276202,428276205,428276211,428276220,428276212,428279295,0,428279298,428279300,428279305,1,2,3,9,9,1,3083,-428279295,428279298,2,5,3106
2042,429012077,429012078,429012080,429012086,429012093,429012102,429012094,429015214,0,429015216,429015222,429015226,1,2,6,13,9,1,3120,-429015214,429015216,6,4,3149
2043,429056887,429056888,429056890,429056893,429056898,429056908,429056900,429059352,0,429059355,429059357,429059362,1,2,3,8,10,2,2452,-429059352,429059355,2,5,2475
2044,430146233,430146235,430146237,430146242,430146252,430146264,430146250,430149621,0,430149624,430149627,430149631,2,2,5,15,12,-2,3371,-430149621,430149624,3,4,3398
2045,430149786,430149787,430149789,430149793,430149799,430149810,430149798,430153132,0,430153135,430153137,430153142,1,2,4,10,11,-1,3334,-430153132,430153135,2,5,3356
2046,430149813,430149814,430149816,430149819,430149825,430149835,430149823,430153264,0,430153266,430153268,430153273,1,2,3,9,10,-2,3441,-430153264,430153266,2,5,3460
2047,432504598,432504599,432504601,432504609,432504617,432504630,432504617,432507069,0,432507072,432507075,432507079,1,2,8,16,13,0,2452,-432507069,432507072,3,4,2481
2048,432880254,432880255,432880257,432880262,432880267,432880279,432880269,432882961,0,432882964,432882967,432882971,1,2,5,10,12,2,2692,-432882961,432882964,3,4,2717
2049,434541220,434541221,434541222,434541229,434541240,434541248,434541237,434544843,0,434544846,434544849,434544853,1,1,7,18,8,-3,3606,-434544843,434544846,3,4,3633
2050,436411845,436411846,436411847,436411854,436411865,436411878,436411862,436415428,0,436415431,436415434,436415438,1,1,7,18,13,-3,3566,-436415428,436415431,3,4,3593
2051,439711782,439711783,439711785,439711795,439711809,439711811,439711805,439715195,0,439715198,439715201,439715205,1,2,10,24,2,-4,3390,-439715195,439715198,3,4,3423
2052,442495370,442495374,442495376,442495384,442495396,442495397,442495396,442498880,0,442498883,442498885,442498890,4,2,8,20,1,0,3484,-442498880,442498883,2,5,3520
2053,448749641,448749645,448749647,448749661,448749677,448749679,448749673,448752970,0,448752974,448752977,448752982,4,2,14,30,2,-4,3297,-448752970,448752974,3,5,3341
2054,450666933,450666935,450666936,450666945,450666957,450666965,450666953,450670463,0,450670465,450670468,450670473,2,1,9,21,8,-4,3510,-450670463,450670465,3,5,3540
2055,451096618,451096620,451096621,451096629,451096640,451096651,451096637,451100156,0,451100158,451100163,451100168,2,1,8,19,11,-3,3519,-451100156,451100158,5,5,3550
2056,451514365,451514366,451514368,451514374,451514383,451514393,451514382,451517771,0,451517774,451517777,451517781,1,2,6,15,10,-1,3389,-451517771,451517774,3,4,3416
2057,451579973,451579974,451579976,451579983,451579991,451579992,451579991,451583521,0,451583523,451583526,451583530,1,2,7,15,1,0,3530,-451583521,451583523,3,4,3557
2058,451741971,451741972,451741974,451741980,451741986,451742004,451741989,451744562,0,451744565,451744569,451744574,1,2,6,12,18,3,2573,-451744562,451744565,4,5,2603
2059,454485777,454485779,454485781,454485790,454485803,454485805,454485799,454489152,0,454489154,454489158,454489163,2,2,9,22,2,-4,3353,-454489152,454489154,4,5,3386
2060,457158959,457158960,457158962,457158970,457158982,457158994,457158979,457162342,0,457162345,457162348,457162353,1,2,8,20,12,-3,3363,-457162342,457162345,3,5,3394
2061,458988092,458988094,458988096,458988104,458988113,458988115,458988113,458991420,0,458991423,458991426,458991431,2,2,8,17,2,0,3307,-458991420,458991423,3,5,3339
2062,465741593,465741596,465741598,465741613,465741630,465741641,465741625,465744793,0,465744796,465744800,465744803,3,2,15,32,11,-5,3168,-465744793,465744796,4,3,3210
2063,466264700,466264701,466264703,466264710,466264720,466264727,466264719,466268012,0,466268014,466268017,466268021,1,2,7,17,7,-1,3293,-466268012,466268014,3,4,3321
2064,466985537,466985539,466985541,466985548,466985556,466985568,466985556,466988863,0,466988866,466988868,466988873,2,2,7,15,12,0,3307,-466988863,466988866,2,5,3336
2065,467445506,467445507,467445508,467445513,467445520,467445528,467445520,467448966,0,467448969,467448971,467448976,1,1,5,12,8,0,3446,-467448966,467448969,2,5,3470
2066,467449201,467449202,467449204,467449207,467449213,467449223,467449212,467452466,0,467452468,467452471,467452475,1,2,3,9,10,-1,3254,-467452466,467452468,3,4,3274
2067,467642608,467642609,467642611,467642615,467642623,467642633,467642622,467646072,0,467646074,467646077,467646083,1,2,4,12,10,-1,3450,-467646072,467646074,3,6,3475
2068,469266314,469266315,469266317,469266324,469266333,469266347,469266333,469269768,0,469269770,469269773,469269778,1,2,7,16,14,0,3435,-469269768,469269770,3,5,3464
2069,469557800,469557801,469557803,469557808,469557815,469557816,469557815,469561039,0,469561042,469561046,469561051,1,2,5,12,1,0,3224,-469561039,469561042,4,5,3251
2070,474764650,474764652,474764654,474764666,474764681,474764683,474764676,474768011,0,474768014,474768018,474768023,2,2,12,27,2,-5,3335,-474768011,474768014,4,5,3373
2071,474950123,474950124,474950126,474950133,474950142,474950151,474950139,474953305,0,474953308,474953311,474953316,1,2,7,16,9,-3,3166,-474953305,474953308,3,5,3193
2072,475149386,475149387,475149389,475149395,475149404,475149405,475149402,475152703,0,475152705,475152708,475152712,1,2,6,15,1,-2,3301,-475152703,475152705,3,4,3326
2073,478682549,478682552,478682554,478682567,478682583,478682585,478682577,478685871,0,478685874,478685877,478685882,3,2,13,29,2,-6,3294,-478685871,478685874,3,5,3333
2074,482232742,482232745,482232747,482232757,482232769,482232779,482232765,482236223,0,482236226,482236229,482236233,3,2,10,22,10,-4,3458,-482236223,482236226,3,4,3491
2075,484967716,484967718,484967720,484967728,484967738,484967741,484967737,484970896,0,484970899,484970902,484970906,2,2,8,18,3,-1,3159,-484970896,484970899,3,4,3190
2076,490496916,490496919,490496921,490496933,490496945,490496947,490496943,490499285,0,490499288,490499291,490499297,3,2,12,24,2,-2,2342,-490499285,490499288,3,6,2381
2077,490497186,490497187,490497189,490497191,490497196,490497214,490497200,490499476,0,490499478,490499480,490499485,1,2,2,7,18,4,2276,-490499476,490499478,2,5,2299
2078,490620670,490620671,490620673,490620677,490620682,490620698,490620685,490623812,0,490623815,490623817,490623822,1,2,4,9,16,3,3127,-490623812,490623815,2,5,3152
2079,493554633,493554634,493554635,493554645,493554655,493554670,493554655,493556965,0,493556968,493556971,493556977,1,1,10,20,15,0,2310,-493556965,493556968,3,6,2344
2080,493559855,493559856,493559858,493559861,493559866,493559876,493559869,493562171,0,493562173,493562175,493562180,1,2,3,8,10,3,2302,-493562171,493562173,2,5,2325
2081,493909157,493909158,493909160,493909169,493909178,493909180,493909177,493911610,0,493911612,493911615,493911619,1,2,9,18,2,-1,2433,-493911610,493911612,3,4,2462
2082,495772832,495772833,495772835,495772843,495772855,495772857,495772851,495776078,0,495776080,495776084,495776089,1,2,8,20,2,-4,3227,-495776078,495776080,4,5,3257
2083,498638587,498638590,498638592,498638601,498638611,498638623,498638611,498641926,0,498641929,498641932,498641936,3,2,9,19,12,0,3315,-498641926,498641929,3,4,3349
2084,500097845,500097846,500097847,500097855,500097868,500097879,500097863,500101117,0,500101120,500101124,500101129,1,1,8,21,11,-5,3254,-500101117,500101120,4,5,3284
2085,501993677,501993678,501993680,501993688,501993699,501993701,501993696,501996917,0,501996920,501996922,501996927,1,2,8,19,2,-3,3221,-501996917,501996920,2,5,3250
2086,502005513,502005514,502005516,502005521,502005527,502005537,502005528,502008685,0,502008688,502008690,502008694,1,2,5,11,10,1,3157,-502008685,502008688,2,4,3181
2087,502471999,502472000,502472002,502472008,502472015,502472025,502472016,502475535,0,502475538,502475544,502475549,1,2,6,13,10,1,3519,-502475535,502475538,6,5,3550
2088,502705692,502705693,502705695,502705700,502705707,502705714,502705707,502708122,0,502708124,502708127,502708132,1,2,5,12,7,0,2415,-502708122,502708124,3,5,2440
2089,504382032,504382033,504382035,504382042,504382053,504382061,504382050,504385509,0,504385511,504385514,504385518,1,2,7,18,8,-3,3459,-504385509,504385511,3,4,3486
2090,504981852,504981853,504981855,504981861,504981870,504981883,504981868,504985253,0,504985256,504985260,504985265,1,2,6,15,13,-2,3385,-504985253,504985256,4,5,3413
2091,505185994,505185996,505185998,505186006,505186014,505186015,505186014,505189396,0,505189399,505189403,505189408,2,2,8,16,1,0,3382,-505189396,505189399,4,5,3414
2092,505185999,505186002,505186029,505186033,505186038,505186071,505186046,505189542,0,505189544,505189547,505189557,3,27,4,9,33,8,3496,-505189542,505189544,3,10,3558
2093,505186000,505186001,505186016,505186021,505186027,505186075,505186043,505189450,0,505189452,505189455,505189459,1,15,5,11,48,16,3407,-505189450,505189452,3,4,3459
2094,505186037,505186038,505186042,505186046,505186051,505186066,505186049,505189548,0,505189550,505189552,505189560,1,4,4,9,15,-2,3499,-505189548,505189550,2,8,3523
2095,505186081,505186083,505186085,505186089,505186095,505186104,505186094,505189552,0,505189553,505189555,505189563,2,2,4,10,9,-1,3458,-505189552,505189553,2,8,3482
2096,507123030,507123032,507123033,507123042,507123054,507123056,507123050,507126323,0,507126326,507126329,507126333,2,1,9,21,2,-4,3273,-507126323,507126326,3,4,3303
2097,507145437,507145438,507145440,507145445,507145451,507145458,507145451,507148713,0,507148716,507148719,507148723,1,2,5,11,7,0,3262,-507148713,507148716,3,4,3286
2098,507773267,507773268,507773270,507773276,507773286,507773296,507773284,507776527,0,507776530,507776533,507776539,1,2,6,16,10,-2,3243,-507776527,507776530,3,6,3272
2099,509885334,509885335,509885337,509885344,509885354,509885365,509885353,509887935,0,509887938,509887941,509887950,1,2,7,17,11,-1,2582,-509887935,509887938,3,9,2616
2100,511479139,511479140,511479142,511479150,511479161,511479163,511479158,511482171,0,511482174,511482177,511482182,1,2,8,19,2,-3,3013,-511482171,511482174,3,5,3043
2101,513969120,513969121,513969123,513969129,513969139,513969150,513969137,513972401,0,513972404,513972407,513972411,1,2,6,16,11,-2,3264,-513972401,513972404,3,4,3291
2102,513977708,513977709,513977711,513977714,513977720,513977730,513977721,513980855,0,513980858,513980861,513980865,1,2,3,9,10,1,3134,-513980855,513980858,3,4,3157
2103,514480793,514480794,514480796,514480804,514480812,514480822,514480811,514484082,0,514484085,514484088,514484093,1,2,8,16,10,-1,3271,-514484082,514484085,3,5,3300
2104,514515361,514515365,514515366,514515374,514515381,514515389,514515380,514517584,0,514517586,514517589,514517594,4,1,8,15,8,-1,2204,-514517584,514517586,3,5,2233
2105,514515489,514515490,514515492,514515495,514515499,514515510,514515504,514517740,0,514517742,514517744,514517749,1,2,3,7,11,5,2236,-514517740,514517742,2,5,2260
2106,514515613,514515614,514515616,514515618,514515622,514515633,514515624,514517945,0,514517947,514517949,514517956,1,2,2,6,11,2,2321,-514517945,514517947,2,7,2343
2107,514589951,514589952,514589954,514589961,514589969,514589976,514589968,514592996,0,514592999,514593001,514593006,1,2,7,15,7,-1,3028,-514592996,514592999,2,5,3055
2108,514727201,514727202,514727204,514727209,514727215,514727226,514727216,514730062,0,514730065,514730069,514730074,1,2,5,11,11,1,2846,-514730062,514730065,4,5,2873
2109,514847233,514847234,514847236,514847241,514847248,514847255,514847249,514850552,0,514850554,514850557,514850561,1,2,5,12,7,1,3303,-514850552,514850554,3,4,3328
2110,516953900,516953901,516953903,516953911,516953921,516953930,516953919,516957241,0,516957244,516957247,516957251,1,2,8,18,9,-2,3322,-516957241,516957244,3,4,3351
2111,517470584,517470585,517470587,517470593,517470601,517470602,517470601,517473635,0,517473637,517473640,517473644,1,2,6,14,1,0,3034,-517473635,517473637,3,4,3060
2112,517997148,517997149,517997151,517997158,517997166,517997174,517997165,518000331,0,518000334,518000337,518000341,1,2,7,15,8,-1,3166,-518000331,518000334,3,4,3193
2113,518084972,518084973,518084975,518084978,518084984,518084994,518084985,518088225,0,518088229,518088231,518088236,1,2,3,9,10,1,3240,-518088225,518088229,2,5,3264
2114,518084976,518084976,518084990,518084992,518084997,518085019,518085007,518088558,0,518088560,518088562,518088567,0,14,2,7,22,10,3551,-518088558,518088560,2,5,3591
2115,519694219,519694220,519694222,519694230,519694241,519694243,519694238,519697760,0,519697763,519697767,519697772,1,2,8,19,2,-3,3522,-519697760,519697763,4,5,3553
2116,519942240,519942244,519942245,519942252,519942261,519942262,519942259,519945670,0,519945673,519945676,519945680,4,1,7,16,1,-2,3411,-519945670,519945673,3,4,3440
2117,521793380,521793383,521793385,521793392,521793403,521793410,521793400,521796723,0,521796725,521796728,521796733,3,2,7,18,7,-3,3323,-521796723,521796725,3,5,3353
2118,522664312,522664313,522664315,522664321,522664330,522664341,522664329,522667671,0,522667674,522667676,522667680,1,2,6,15,11,-1,3342,-522667671,522667674,2,4,3368
2119,522701301,522701305,522701305,522701309,522701316,522701327,522701316,522704576,0,522704579,522704582,522704586,4,0,4,11,11,0,3260,-522704576,522704579,3,4,3285
2120,523212635,523212636,523212638,523212645,523212653,523212664,523212652,523216023,0,523216026,523216029,523216033,1,2,7,15,11,-1,3371,-523216023,523216026,3,4,3398
2121,523452278,523452279,523452280,523452286,523452295,523452305,523452294,523455767,0,523455770,523455772,523455777,1,1,6,15,10,-1,3473,-523455767,523455770,2,5,3499
2122,523452283,523452284,523452301,523452304,523452310,523452330,523452317,523455908,0,523455909,523455911,523455916,1,17,3,9,20,7,3591,-523455908,523455909,2,5,3633
2123,523500270,523500271,523500273,523500277,523500283,523500300,523500285,523503605,0,523503608,523503610,523503615,1,2,4,10,17,2,3320,-523503605,523503608,2,5,3345
2124,523500275,523500276,523500288,523500291,523500296,523500323,523500310,523503763,0,523503764,523503766,523503771,1,12,3,8,27,14,3453,-523503763,523503764,2,5,3496
2125,523504823,523504827,523504827,523504831,523504838,523504845,523504837,523508044,0,523508047,523508050,523508054,4,0,4,11,7,-1,3207,-523508044,523508047,3,4,3231
2126,523581298,523581299,523581301,523581305,523581312,523581322,523581313,523584622,0,523584625,523584627,523584631,1,2,4,11,10,1,3309,-523584622,523584625,2,4,3333
2127,524491421,524491424,524491426,524491432,524491439,524491447,524491440,524493893,0,524493896,524493900,524493904,3,2,6,13,8,1,2453,-524493893,524493896,4,4,2483
2128,524743560,524743561,524743563,524743568,524743576,524743583,524743575,524747274,0,524747277,524747280,524747285,1,2,5,13,7,-1,3699,-524747274,524747277,3,5,3725
2129,525856968,525856969,525856971,525856978,525856986,525856995,525856986,525860231,0,525860234,525860236,525860241,1,2,7,15,9,0,3245,-525860231,525860234,2,5,3273
2130,527279459,527279462,527279464,527279470,527279479,527279491,527279479,527282941,0,527282944,527282947,527282951,3,2,6,15,12,0,3462,-527282941,527282944,3,4,3492
2131,527431095,527431096,527431098,527431103,527431108,527431114,527431109,527433549,0,527433551,527433554,527433558,1,2,5,10,6,1,2440,-527433549,527433551,3,4,2463
2132,540342779,540342780,540342782,540342800,540342823,540342825,540342814,540346053,0,540346057,540346063,540346067,1,2,18,41,2,-9,3239,-540346053,540346057,6,4,3288
2133,543865224,543865225,543865227,543865236,543865247,543865260,543865246,543867658,0,543867661,543867665,543867670,1,2,9,20,13,-1,2412,-543867658,543867661,4,5,2446
2134,544483669,544483670,544483672,544483682,544483694,544483696,544483690,544487190,0,544487193,544487196,544487200,1,2,10,22,2,-4,3500,-544487190,544487193,3,4,3531
2135,547044525,547044526,547044528,547044537,547044550,547044551,547044546,547047942,0,547047945,547047949,547047954,1,2,9,22,1,-4,3396,-547047942,547047945,4,5,3429
2136,547688594,547688595,547688597,547688602,547688610,547688620,547688610,547691979,0,547691981,547691984,547691988,1,2,5,13,10,0,3369,-547691979,547691981,3,4,3394
2137,548395562,548395563,548395565,548395570,548395578,548395579,548395578,548399078,0,548399080,548399083,548399087,1,2,5,13,1,0,3500,-548399078,548399080,3,4,3525
2138,550183612,550183613,550183615,550183625,550183636,550183638,550183633,550186957,0,550186960,550186963,550186967,1,2,10,21,2,-3,3324,-550186957,550186960,3,4,3355
2139,550809124,550809125,550809128,550809135,550809143,550809151,550809142,550812452,0,550812455,550812457,550812462,1,3,7,15,8,-1,3310,-550812452,550812455,2,5,3338
2140,550812619,550812620,550812622,550812626,550812632,550812647,550812631,550815922,0,550815925,550815929,550815933,1,2,4,10,15,-1,3291,-550815922,550815925,4,4,3314
2141,550866058,550866059,550866061,550866064,550866070,550866081,550866072,550869446,0,550869449,550869452,550869456,1,2,3,9,11,2,3374,-550869446,550869449,3,4,3398
2142,552283682,552283684,552283686,552283693,552283702,552283710,552283701,552287161,0,552287164,552287167,552287171,2,2,7,16,8,-1,3460,-552287161,552287164,3,4,3489
2143,553949373,553949374,553949378,553949385,553949393,553949394,553949393,553952944,0,553952947,553952950,553952954,1,4,7,15,1,0,3551,-553952944,553952947,3,4,3581
2144,558264348,558264351,558264353,558264366,558264381,558264383,558264376,558267636,0,558267639,558267642,558267646,3,2,13,28,2,-5,3260,-558267636,558267639,3,4,3298
2145,558264361,558264362,558264390,558264393,558264399,558264428,558264408,558267782,0,558267783,558267786,558267790,1,28,3,9,29,9,3374,-558267782,558267783,3,4,3429
2146,559212521,559212522,559212524,559212529,559212537,559212550,559212537,559216170,0,559216174,559216177,559216182,1,2,5,13,13,0,3633,-559216170,559216174,3,5,3661
2147,559331417,559331418,559331420,559331426,559331434,559331446,559331433,559334567,0,559334570,559334573,559334576,1,2,6,14,12,-1,3134,-559334567,559334570,3,3,3159
2148,559334912,559334913,559334915,559334918,559334924,559334931,559334924,559338251,0,559338253,559338255,559338260,1,2,3,9,7,0,3327,-559338251,559338253,2,5,3348
2149,561341563,561341564,561341566,561341573,561341581,561341590,561341580,561343982,0,561343985,561343988,561343992,1,2,7,15,9,-1,2402,-561343982,561343985,3,4,2429
2150,562202050,562202051,562202053,562202059,562202066,562202073,562202067,562205537,0,562205540,562205543,562205547,1,2,6,13,7,1,3470,-562205537,562205540,3,4,3497
2151,562240705,562240706,562240708,562240712,562240717,562240733,562240720,562243821,0,562243824,562243826,562243831,1,2,4,9,16,3,3101,-562243821,562243824,2,5,3126
2152,562464234,562464234,562464236,562464242,562464250,562464251,562464248,562467737,0,562467739,562467742,562467746,0,2,6,14,1,-2,3489,-562467737,562467739,3,4,3512
2153,565351679,565351682,565351684,565351692,565351700,565351712,565351700,565354172,0,565354175,565354178,565354182,3,2,8,16,12,0,2472,-565354172,565354175,3,4,2503
2154,565413339,565413340,565413342,565413348,565413354,565413365,565413355,565416473,0,565416476,565416479,565416484,1,2,6,12,11,1,3118,-565416473,565416476,3,5,3145
2155,565533709,565533710,565533712,565533717,565533723,565533724,565533723,565536220,0,565536223,565536225,565536230,1,2,5,11,1,0,2497,-565536220,565536223,2,5,2521
2156,566817487,566817488,566817490,566817497,566817508,566817518,566817507,566821091,0,566821094,566821098,566821103,1,2,7,18,10,-1,3584,-566821091,566821094,4,5,3616
2157,566823816,566823817,566823819,566823822,566823827,566823837,566823829,566826585,0,566826588,566826590,566826595,1,2,3,8,10,2,2756,-566826585,566826588,2,5,2779
2158,566828071,566828072,566828074,566828077,566828081,566828090,566828083,566830452,0,566830455,566830457,566830462,1,2,3,7,9,2,2369,-566830452,566830455,2,5,2391
2159,567397735,567397736,567397738,567397743,567397748,567397758,567397750,567400015,0,567400018,567400021,567400025,1,2,5,10,10,2,2265,-567400015,567400018,3,4,2290
2160,567520671,567520672,567520674,567520678,567520682,567520691,567520684,567523514,0,567523516,567523519,567523524,1,2,4,8,9,2,2830,-567523514,567523516,3,5,2853
2161,567931285,567931286,567931288,567931292,567931297,567931308,567931299,567933963,0,567933966,567933969,567933973,1,2,4,9,11,2,2664,-567933963,567933966,3,4,2688
2162,568625728,568625732,568625734,568625740,568625747,568625749,568625748,568628761,0,568628764,568628767,568628771,4,2,6,13,2,1,3013,-568628761,568628764,3,4,3043
2163,568814732,568814733,568814736,568814740,568814746,568814757,568814747,568817234,0,568817237,568817239,568817244,1,3,4,10,11,1,2487,-568817234,568817237,2,5,2512
2164,568965731,568965732,568965734,568965741,568965746,568965758,568965748,568968520,0,568968523,568968525,568968530,1,2,7,12,12,2,2772,-568968520,568968523,2,5,2799
2165,568968829,568968830,568968832,568968836,568968840,568968851,568968842,568972208,0,568972211,568972215,568972219,1,2,4,8,11,2,3366,-568972208,568972211,4,4,3390
2166,568981694,568981695,568981697,568981701,568981706,568981724,568981711,568984328,0,568984331,568984334,568984340,1,2,4,9,18,5,2617,-568984328,568984331,3,6,2646
2167,569446185,569446186,569446188,569446194,569446201,569446211,569446202,569449357,0,569449360,569449363,569449368,1,2,6,13,10,1,3155,-569449357,569449360,3,5,3183
2168,569509625,569509626,569509628,569509633,569509637,569509646,569509638,569512245,0,569512247,569512250,569512254,1,2,5,9,9,1,2607,-569512245,569512247,3,4,2629
2169,570812878,570812879,570812881,570812887,570812895,570812903,570812894,570815331,0,570815334,570815336,570815341,1,2,6,14,8,-1,2437,-570815331,570815334,2,5,2463
2170,570836964,570836965,570836967,570836971,570836976,570836992,570836979,570839911,0,570839915,570839917,570839922,1,2,4,9,16,3,2932,-570839911,570839915,2,5,2958
2171,571043573,571043574,571043576,571043582,571043588,571043605,571043591,571046462,0,571046464,571046467,571046472,1,2,6,12,17,3,2871,-571046462,571046464,3,5,2899
2172,572542548,572542549,572542551,572542557,572542564,572542572,572542565,572545914,0,572545916,572545920,572545925,1,2,6,13,8,1,3349,-572545914,572545916,4,5,3377
2173,572546326,572546327,572546329,572546332,572546337,572546347,572546338,572548536,0,572548539,572548541,572548546,1,2,3,8,10,1,2198,-572548536,572548539,2,5,2220
2174,573088477,573088478,573088480,573088485,573088491,573088499,573088493,573090870,0,573090872,573090875,573090880,1,2,5,11,8,2,2377,-573090870,573090872,3,5,2403
2175,573137051,573137052,573137054,573137059,573137066,573137077,573137068,573140190,0,573140193,573140197,573140202,1,2,5,12,11,2,3122,-573140190,573140193,4,5,3151
2176,574648040,574648043,574648045,574648053,574648060,574648068,574648061,574651258,0,574651261,574651265,574651269,3,2,8,15,8,1,3197,-574651258,574651261,4,4,3229
2177,574664918,574664919,574664920,574664924,574664929,574664949,574664934,574667203,0,574667205,574667207,574667212,1,1,4,9,20,5,2269,-574667203,574667205,2,5,2294
2178,575505155,575505156,575505158,575505163,575505169,575505185,575505172,575507603,0,575507606,575507608,575507613,1,2,5,11,16,3,2431,-575507603,575507606,2,5,2458
2179,576502930,576502931,576502933,576502939,576502945,576502957,576502947,576505430,0,576505432,576505435,576505439,1,2,6,12,12,2,2483,-576505430,576505432,3,4,2509
2180,576968818,576968819,576968821,576968827,576968834,576968845,576968835,576971242,0,576971247,576971250,576971255,1,2,6,13,11,1,2407,-576971242,576971247,3,5,2437
2181,577411195,577411196,577411197,577411202,577411209,577411227,577411212,577413878,0,577413880,577413883,577413888,1,1,5,12,18,3,2666,-577413878,577413880,3,5,2693
2182,577619952,577619953,577619955,577619960,577619965,577619976,577619967,577622999,0,577623002,577623004,577623008,1,2,5,10,11,2,3032,-577622999,577623002,2,4,3056
2183,578095527,578095528,578095529,578095534,578095540,578095551,578095542,578097858,0,578097861,578097863,578097868,1,1,5,11,11,2,2316,-578097858,578097861,2,5,2341
2184,578363335,578363336,578363338,578363343,578363349,578363360,578363350,578366720,0,578366722,578366726,578366731,1,2,5,11,11,1,3370,-578366720,578366722,4,5,3396
2185,578585035,578585036,578585038,578585042,578585049,578585059,578585048,578587512,0,578587515,578587518,578587522,1,2,4,11,10,-1,2464,-578587512,578587515,3,4,2487
2186,579713923,579713924,579713926,579713933,579713943,579713952,579713940,579717298,0,579717302,579717306,579717310,1,2,7,17,9,-3,3358,-579717298,579717302,4,4,3387
2187,579896612,579896613,579896615,579896622,579896629,579896630,579896629,579899802,0,579899805,579899810,579899814,1,2,7,14,1,0,3173,-579899802,579899805,5,4,3202
2188,581689482,581689486,581689488,581689494,581689504,581689505,581689504,581692254,0,581692257,581692260,581692264,4,2,6,16,1,0,2750,-581692254,581692257,3,4,2782
2189,584741040,584741041,584741043,584741053,584741061,584741073,584741062,584743554,0,584743556,584743561,584743565,1,2,10,18,12,1,2492,-584743554,584743556,5,4,2525
2190,585414386,585414387,585414389,585414394,585414400,585414411,585414402,585417527,0,585417529,585417532,585417536,1,2,5,11,11,2,3125,-585417527,585417529,3,4,3150
2191,585798503,585798505,585798507,585798513,585798520,585798529,585798520,585800927,0,585800930,585800932,585800937,2,2,6,13,9,0,2407,-585800927,585800930,2,5,2434
2192,586222371,586222372,586222373,586222380,586222386,586222396,586222388,586225715,0,586225717,586225721,586225726,1,1,7,13,10,2,3327,-586225715,586225717,4,5,3355
2193,586423127,586423128,586423130,586423135,586423140,586423150,586423142,586425932,0,586425935,586425938,586425943,1,2,5,10,10,2,2790,-586425932,586425935,3,5,2816
2194,587160098,587160099,587160101,587160107,587160114,587160122,587160115,587162304,0,587162307,587162310,587162314,1,2,6,13,8,1,2189,-587162304,587162307,3,4,2216
2195,590334584,590334585,590334587,590334596,590334609,590334611,590334605,590338014,0,590338017,590338020,590338025,1,2,9,22,2,-4,3409,-590338014,590338017,3,5,3441
2196,594054661,594054662,594054664,594054675,594054691,594054693,594054685,594058087,0,594058089,594058093,594058098,1,2,11,27,2,-6,3402,-594058087,594058089,4,5,3437
2197,595931269,595931272,595931274,595931283,595931291,595931299,595931291,595933581,0,595933583,595933587,595933592,3,2,9,17,8,0,2290,-595933581,595933583,4,5,2323
2198,595954371,595954372,595954374,595954377,595954382,595954393,595954384,595956707,0,595956709,595956712,595956716,1,2,3,8,11,2,2323,-595956707,595956709,3,4,2345
2199,598724785,598724792,598724816,598724821,598724826,598724855,598724836,598728216,0,598728218,598728221,598728225,7,24,5,10,29,10,3380,-598728216,598728218,3,4,3440
2200,598724788,598724791,598724792,598724802,598724813,598724815,598724810,598728030,0,598728033,598728037,598728042,3,1,10,21,2,-3,3220,-598728030,598728033,4,5,3254
2201,598724794,598724795,598724828,598724833,598724839,598724851,598724839,598728259,0,598728261,598728263,598728268,1,33,5,11,12,0,3420,-598728259,598728261,2,5,3474
2202,598725256,598725258,598725260,598725264,598725269,598725278,598725269,598728335,0,598728337,598728339,598728344,2,2,4,9,9,0,3066,-598728335,598728337,2,5,3088
2203,598725281,598725282,598725284,598725289,598725294,598725305,598725293,598728339,0,598728340,598728342,598728347,1,2,5,10,11,-1,3046,-598728339,598728340,2,5,3066
2204,599492985,599492986,599492988,599492995,599493002,599493014,599493002,599495538,0,599495541,599495544,599495549,1,2,7,14,12,0,2536,-599495538,599495541,3,5,2564
2205,616323076,616323079,616323081,616323100,616323123,616323126,616323114,616326481,0,616326484,616326489,616326494,3,2,19,42,3,-9,3367,-616326481,616326484,5,5,3418
2206,618943846,618943849,618943850,618943859,618943870,618943872,618943868,618946460,0,618946463,618946467,618946472,3,1,9,20,2,-2,2592,-618946460,618946463,4,5,2626
2207,619095182,619095183,619095185,619095192,619095199,619095208,619095199,619097488,0,619097491,619097493,619097498,1,2,7,14,9,0,2289,-619097488,619097491,2,5,2316
2208,619288351,619288352,619288353,619288359,619288369,619288376,619288367,619291847,0,619291850,619291853,619291857,1,1,6,16,7,-2,3480,-619291847,619291850,3,4,3506
2209,619380683,619380684,619380686,619380690,619380696,619380704,619380697,619383908,0,619383911,619383913,619383918,1,2,4,10,8,1,3211,-619383908,619383911,2,5,3235
2210,619428297,619428300,619428302,619428306,619428311,619428327,619428313,619430628,0,619430631,619430633,619430638,3,2,4,9,16,2,2315,-619430628,619430631,2,5,2341
2211,621943517,621943518,621943520,621943527,621943535,621943548,621943537,621946030,0,621946032,621946036,621946040,1,2,7,15,13,2,2493,-621946030,621946032,4,4,2523
2212,621947400,621947401,621947403,621947407,621947411,621947421,621947413,621950418,0,621950422,621950425,621950429,1,2,4,8,10,2,3005,-621950418,621950422,3,4,3029
2213,621950821,621950822,621950824,621950827,621950831,621950841,621950834,621953323,0,621953325,621953328,621953332,1,2,3,7,10,3,2489,-621953323,621953325,3,4,2511
2214,621955961,621955962,621955964,621955967,621955972,621955981,621955973,621958970,0,621958972,621958976,621958980,1,2,3,8,9,1,2997,-621958970,621958972,4,4,3019
2215,624175779,624175782,624175784,624175791,624175800,624175810,624175799,624178074,0,624178077,624178080,624178084,3,2,7,16,10,-1,2275,-624178074,624178077,3,4,2305
2216,628690357,628690359,628690361,628690373,628690385,628690388,628690384,628692758,0,628692761,628692765,628692769,2,2,12,24,3,-1,2374,-628692758,628692761,4,4,2412
2217,628865844,628865845,628865847,628865851,628865856,628865864,628865857,628868225,0,628868228,628868231,628868235,1,2,4,9,8,1,2368,-628868225,628868228,3,4,2391
2218,630889658,630889659,630889661,630889672,630889684,630889694,630889679,630893119,0,630893122,630893127,630893130,1,2,11,23,10,-5,3440,-630893119,630893122,5,3,3472
2219,630895430,630895431,630895432,630895436,630895443,630895453,630895443,630898567,0,630898569,630898573,630898578,1,1,4,11,10,0,3124,-630898567,630898569,4,5,3148
2220,630950009,630950010,630950012,630950017,630950022,630950031,630950023,630953292,0,630953294,630953297,630953302,1,2,5,10,9,1,3269,-630953292,630953294,3,5,3293
2221,631242741,631242742,631242744,631242752,631242762,631242763,631242760,631245975,0,631245977,631245982,631245987,1,2,8,18,1,-2,3215,-631245975,631245977,5,5,3246
2222,631243380,631243381,631243383,631243386,631243392,631243398,631243393,631246454,0,631246457,631246458,631246462,1,2,3,9,6,1,3061,-631246454,631246457,1,4,3082
2223,632852987,632852988,632852990,632852995,632853004,632853016,632853003,632856198,0,632856201,632856203,632856213,1,2,5,14,12,-1,3195,-632856198,632856201,2,10,3226
2224,634384947,634384950,634384952,634384960,634384970,634384978,634384968,634388466,0,634388469,634388472,634388476,3,2,8,18,8,-2,3498,-634388466,634388469,3,4,3529
2225,634528261,634528262,634528264,634528269,634528276,634528287,634528276,634531705,0,634531708,634531710,634531715,1,2,5,12,11,0,3429,-634531705,634531708,2,5,3454
2226,649991405,649991406,649991409,649991425,649991442,649991445,649991439,649994450,0,649994453,649994457,649994461,1,3,16,33,3,-3,3011,-649994450,649994453,4,4,3056
2227,651840806,651840809,651840811,651840817,651840824,651840836,651840826,651843307,0,651843310,651843313,651843318,3,2,6,13,12,2,2481,-651843307,651843310,3,5,2512
2228,652759193,652759194,652759196,652759204,652759215,652759216,652759212,652762600,0,652762602,652762605,652762611,1,2,8,19,1,-3,3388,-652762600,652762602,3,6,3418
2229,653314896,653314899,653314901,653314905,653314911,653314922,653314912,653318165,0,653318168,653318170,653318175,3,2,4,10,11,1,3253,-653318165,653318168,2,5,3279
2230,653803352,653803355,653803357,653803361,653803367,653803378,653803368,653806094,0,653806097,653806099,653806104,3,2,4,10,11,1,2726,-653806094,653806097,2,5,2752
2231,660220071,660220073,660220076,660220091,660220110,660220112,660220104,660223514,0,660223517,660223521,660223525,2,3,15,34,2,-6,3410,-660223514,660223517,4,4,3454
2232,664708918,664708920,664708921,664708935,664708952,664708954,664708946,664712069,0,664712072,664712076,664712081,2,1,14,31,2,-6,3123,-664712069,664712072,4,5,3163
2233,682316973,682316975,682316977,682316995,682317017,682317019,682317007,682320472,0,682320476,682320482,682320487,2,2,18,40,2,-10,3465,-682320472,682320476,6,5,3514
2234,682324642,682324643,682324644,682324649,682324656,682324665,682324655,682327909,0,682327911,682327914,682327918,1,1,5,12,9,-1,3254,-682327909,682327911,3,4,3276
2235,682336465,682336466,682336468,682336472,682336478,682336488,682336480,682339767,0,682339770,682339772,682339777,1,2,4,10,10,2,3287,-682339767,682339770,2,5,3312
2236,698462291,698462294,698462296,698462312,698462329,698462332,698462327,698465522,0,698465526,698465530,698465534,3,2,16,33,3,-2,3195,-698465522,698465526,4,4,3243
2237,698768049,698768050,698768051,698768057,698768064,698768065,698768064,698770488,0,698770490,698770493,698770497,1,1,6,13,1,0,2424,-698770488,698770490,3,4,2448
2238,700561684,700561685,700561687,700561693,700561700,700561720,700561705,700563985,0,700563987,700563990,700563995,1,2,6,13,20,5,2280,-700563985,700563987,3,5,2311
2239,707342006,707342008,707342010,707342022,707342037,707342039,707342034,707344869,0,707344872,707344877,707344882,2,2,12,27,2,-3,2835,-707344869,707344872,5,5,2876
2240,708898411,708898412,708898414,708898420,708898427,708898436,708898428,708901900,0,708901902,708901906,708901910,1,2,6,13,9,1,3472,-708901900,708901902,4,4,3499
2241,708906575,708906576,708906577,708906581,708906585,708906595,708906588,708909044,0,708909046,708909049,708909054,1,1,4,8,10,3,2456,-708909044,708909046,3,5,2479
2242,713739391,713739395,713739397,713739408,713739420,713739422,713739418,713741839,0,713741842,713741845,713741850,4,2,11,23,2,-2,2421,-713741839,713741842,3,5,2459
2243,714578271,714578271,714578273,714578282,714578294,714578295,714578289,714582639,0,714582642,714582645,714582650,0,2,9,21,1,-5,4350,-714582639,714582642,3,5,4379
2244,714741427,714741428,714741430,714741436,714741445,714741452,714741442,714744838,0,714744841,714744844,714744848,1,2,6,15,7,-3,3396,-714744838,714744841,3,4,3421
2245,716260491,716260493,716260495,716260504,716260513,716260526,716260512,716264187,0,716264190,716264194,716264198,2,2,9,18,13,-1,3675,-716264187,716264190,4,4,3707
2246,716380721,716380722,716380723,716380728,716380733,716380740,716380734,716383790,0,716383793,716383796,716383801,1,1,5,10,7,1,3056,-716383790,716383793,3,5,3080
2247,716432297,716432298,716432300,716432306,716432312,716432318,716432312,716435491,0,716435494,716435497,716435504,1,2,6,12,6,0,3179,-716435491,716435494,3,7,3207
2248,717215613,717215615,717215616,717215622,717215630,717215640,717215629,717219151,0,717219154,717219156,717219161,2,1,6,14,10,-1,3522,-717219151,717219154,2,5,3548
2249,717284704,717284705,717284707,717284710,717284715,717284730,717284718,717287180,0,717287183,717287186,717287190,1,2,3,8,15,3,2462,-717287180,717287183,3,4,2486
2250,717287413,717287414,717287416,717287419,717287423,717287433,717287425,717290395,0,717290397,717290402,717290406,1,2,3,7,10,2,2970,-717290395,717290397,5,4,2993
2251,717327346,717327347,717327349,717327352,717327358,717327369,717327360,717330858,0,717330861,717330864,717330869,1,2,3,9,11,2,3498,-717330858,717330861,3,5,3523
2252,717405236,717405237,717405239,717405244,717405250,717405251,717405250,717407637,0,717407640,717407642,717407647,1,2,5,11,1,0,2387,-717407637,717407640,2,5,2411
2253,717721526,717721527,717721529,717721534,717721541,717721542,717721541,717724890,0,717724893,717724895,717724900,1,2,5,12,1,0,3349,-717724890,717724893,2,5,3374
2254,719303834,719303835,719303837,719303843,719303851,719303853,719303851,719307288,0,719307291,719307293,719307298,1,2,6,14,2,0,3437,-719307288,719307291,2,5,3464
2255,719567576,719567577,719567579,719567585,719567592,719567603,719567592,719570265,0,719570268,719570271,719570276,1,2,6,13,11,0,2673,-719570265,719570268,3,5,2700
2256,719898119,719898120,719898122,719898126,719898131,719898141,719898133,719900608,0,719900611,719900614,719900619,1,2,4,9,10,2,2475,-719900608,719900611,3,5,2500
2257,735770769,735770771,735770772,735770788,735770805,735770807,735770802,735773174,0,735773177,735773182,735773187,2,1,16,33,2,-3,2372,-735773174,735773177,5,5,2418
2258,735828858,735828861,735828863,735828873,735828884,735828893,735828879,735832248,0,735832251,735832253,735832258,3,2,10,21,9,-5,3369,-735832248,735832251,2,5,3400
2259,735843097,735843098,735843100,735843104,735843111,735843122,735843113,735846307,0,735846310,735846312,735846317,1,2,4,11,11,2,3194,-735846307,735846310,2,5,3220
2260,737176532,737176536,737176538,737176546,737176556,737176568,737176555,737179903,0,737179906,737179909,737179913,4,2,8,18,12,-1,3348,-737179903,737179906,3,4,3381
2261,737176546,737176547,737176563,737176566,737176571,737176594,737176579,737180058,0,737180059,737180062,737180066,1,16,3,8,23,8,3479,-737180058,737180059,3,4,3520
2262,741818911,741818914,741818916,741818928,741818943,741818945,741818938,741822090,0,741822093,741822096,741822100,3,2,12,27,2,-5,3152,-741822090,741822093,3,4,3189
2263,753123665,753123667,753123668,753123685,753123701,753123704,753123697,753126107,0,753126110,753126115,753126119,2,1,17,33,3,-4,2410,-753126107,753126110,5,4,2454
2264,759753848,759753849,759753851,759753862,759753872,759753884,759753870,759756598,0,759756602,759756606,759756611,1,2,11,21,12,-2,2728,-759756598,759756602,4,5,2763
2265,761373929,761373930,761373932,761373940,761373948,761373958,761373948,761376310,0,761376312,761376315,761376319,1,2,8,16,10,0,2362,-761376310,761376312,3,4,2390
2266,769603210,769603211,769603213,769603229,769603245,769603248,769603243,769605556,0,769605560,769605565,769605570,1,2,16,32,3,-2,2313,-769605556,769605560,5,5,2360
2267,772504078,772504081,772504083,772504093,772504103,772504113,772504102,772506488,0,772506491,772506494,772506498,3,2,10,20,10,-1,2386,-772506488,772506491,3,4,2420
2268,773939329,773939330,773939332,773939337,773939343,773939355,773939345,773941954,0,773941956,773941959,773941963,1,2,5,11,12,2,2609,-773941954,773941956,3,4,2634
2269,773939335,773939335,773939349,773939352,773939356,773939383,773939371,773942081,0,773942083,773942085,773942089,0,14,3,7,27,15,2710,-773942081,773942083,2,4,2754
2270,773965323,773965324,773965326,773965330,773965335,773965353,773965338,773967735,0,773967738,773967740,773967745,1,2,4,9,18,3,2397,-773967735,773967738,2,5,2422
2271,773965328,773965329,773965340,773965342,773965346,773965353,773965364,773967938,0,773967940,773967942,773967947,1,11,2,6,7,18,2574,-773967938,773967940,2,5,2619
2272,785100692,785100693,785100695,785100713,785100735,785100738,785100726,785103957,0,785103961,785103965,785103970,1,2,18,40,3,-9,3231,-785103957,785103961,4,5,3278
2273,785104149,785104150,785104152,785104156,785104162,785104172,785104164,785107610,0,785107612,785107614,785107619,1,2,4,10,10,2,3446,-785107610,785107612,2,5,3470
2274,785439140,785439141,785439142,785439146,785439153,785439154,785439153,785442336,0,785442339,785442341,785442346,1,1,4,11,1,0,3183,-785442336,785442339,2,5,3206
2275,789881846,789881849,789881851,789881863,789881878,789881880,789881874,789885141,0,789885143,789885147,789885151,3,2,12,27,2,-4,3267,-789885141,789885143,4,4,3305
2276,789885846,789885847,789885849,789885853,789885859,789885870,789885859,789888931,0,789888933,789888936,789888940,1,2,4,10,11,0,3072,-789888931,789888933,3,4,3094
2277,791619808,791619810,791619812,791619821,791619833,791619835,791619828,791623252,0,791623255,791623258,791623263,2,2,9,21,2,-5,3424,-791623252,791623255,3,5,3455
2278,792815410,792815411,792815413,792815420,792815428,792815438,792815427,792817932,0,792817935,792817939,792817943,1,2,7,15,10,-1,2505,-792817932,792817935,4,4,2533
2279,793258954,793258955,793258957,793258965,793258975,793258983,793258972,793262329,0,793262332,793262335,793262339,1,2,8,18,8,-3,3357,-793262329,793262332,3,4,3385
2280,794701440,794701441,794701443,794701449,794701456,794701465,794701457,794703822,0,794703824,794703828,794703833,1,2,6,13,9,1,2365,-794703822,794703824,4,5,2393
2281,806837181,806837186,806837188,806837207,806837230,806837233,806837222,806840651,0,806840654,806840659,806840663,5,2,19,42,3,-8,3429,-806840651,806840654,5,4,3482
2282,806846084,806846085,806846087,806846091,806846098,806846108,806846099,806849203,0,806849205,806849208,806849212,1,2,4,11,10,1,3104,-806849203,806849205,3,4,3128
2283,806878323,806878324,806878326,806878330,806878336,806878346,806878337,806881570,0,806881572,806881575,806881579,1,2,4,10,10,1,3233,-806881570,806881572,3,4,3256
2284,816962471,816962472,816962474,816962493,816962518,816962520,816962508,816965849,0,816965852,816965857,816965862,1,2,19,44,2,-10,3341,-816965849,816965852,5,5,3391
2285,823310291,823310292,823310294,823310308,823310322,823310325,823310320,823313597,0,823313600,823313604,823313609,1,2,14,28,3,-2,3277,-823313597,823313600,4,5,3318
2286,824371027,824371028,824371030,824371038,824371050,824371060,824371045,824374497,0,824374499,824374505,824374510,1,2,8,20,10,-5,3452,-824374497,824374499,6,5,3483
2287,824779318,824779319,824779321,824779325,824779333,824779334,824779333,824783109,0,824783112,824783114,824783119,1,2,4,12,1,0,3776,-824783109,824783112,2,5,3801
2288,824961265,824961266,824961268,824961271,824961278,824961279,824961278,824964717,0,824964720,824964724,824964728,1,2,3,10,1,0,3439,-824964717,824964720,4,4,3463
2289,825811909,825811910,825811912,825811917,825811926,825811927,825811926,825815216,0,825815218,825815222,825815227,1,2,5,14,1,0,3290,-825815216,825815218,4,5,3318
2290,827099075,827099076,827099078,827099085,827099095,827099105,827099094,827102511,0,827102513,827102517,827102525,1,2,7,17,10,-1,3417,-827102511,827102513,4,8,3450
2291,827107525,827107525,827107527,827107532,827107539,827107547,827107538,827110735,0,827110737,827110740,827110744,0,2,5,12,8,-1,3197,-827110735,827110737,3,4,3219
2292,827636107,827636108,827636110,827636117,827636125,827636135,827636125,827639497,0,827639500,827639506,827639510,1,2,7,15,10,0,3372,-827639497,827639500,6,4,3403
2293,829156109,829156110,829156112,829156121,829156133,829156134,829156129,829159395,0,829159398,829159402,829159407,1,2,9,21,1,-4,3266,-829159395,829159398,4,5,3298
2294,829402118,829402121,829402123,829402128,829402136,829402144,829402137,829405465,0,829405468,829405471,829405475,3,2,5,13,8,1,3328,-829405465,829405468,3,4,3357
2295,829447113,829447117,829447119,829447124,829447132,829447139,829447131,829450412,0,829450415,829450418,829450422,4,2,5,13,7,-1,3281,-829450412,829450415,3,4,3309
2296,829890923,829890925,829890927,829890934,829890943,829890953,829890941,829894194,0,829894197,829894200,829894204,2,2,7,16,10,-2,3253,-829894194,829894197,3,4,3281
2297,830118626,830118627,830118629,830118634,830118643,830118644,830118641,830122230,0,830122233,830122236,830122242,1,2,5,14,1,-2,3589,-830122230,830122233,3,6,3616
2298,830465705,830465706,830465707,830465712,830465719,830465728,830465719,830469076,0,830469078,830469081,830469086,1,1,5,12,9,0,3357,-830469076,830469078,3,5,3381
2299,831122221,831122222,831122224,831122229,831122238,831122249,831122240,831125547,0,831125550,831125553,831125557,1,2,5,14,11,2,3307,-831125547,831125550,3,4,3336
2300,831179888,831179889,831179891,831179895,831179903,831179910,831179902,831183178,0,831183181,831183184,831183189,1,2,4,12,7,-1,3276,-831183178,831183181,3,5,3301
2301,832308110,832308111,832308113,832308120,832308130,832308139,832308128,832311443,0,832311446,832311450,832311454,1,2,7,17,9,-2,3315,-832311443,832311446,4,4,3344
2302,832309771,832309772,832309774,832309778,832309785,832309786,832309785,832312983,0,832312985,832312988,832312992,1,2,4,11,1,0,3198,-832312983,832312985,3,4,3221
2303,832324209,832324210,832324212,832324217,832324225,832324233,832324223,832327482,0,832327485,832327488,832327492,1,2,5,13,8,-2,3259,-832327482,832327485,3,4,3283
2304,832330010,832330011,832330013,832330017,832330024,832330033,832330023,832333149,0,832333152,832333155,832333159,1,2,4,11,9,-1,3126,-832333149,832333152,3,4,3149
2305,832333519,832333520,832333521,832333526,832333532,832333541,832333532,832336717,0,832336720,832336724,832336728,1,1,5,11,9,0,3185,-832336717,832336720,4,4,3209
2306,832954543,832954544,832954546,832954551,832954559,832954569,832954558,832957825,0,832957827,832957830,832957834,1,2,5,13,10,-1,3267,-832957825,832957827,3,4,3291
2307,838242209,838242210,838242212,838242224,838242239,838242242,838242234,838245534,0,838245537,838245540,838245544,1,2,12,27,3,-5,3300,-838245534,838245537,3,4,3335
2308,838242224,838242224,838242249,838242252,838242258,838242277,838242266,838245650,0,838245652,838245654,838245658,0,25,3,9,19,8,3384,-838245650,838245652,2,4,3434
2309,838318232,838318233,838318235,838318241,838318249,838318250,838318247,838321461,0,838321464,838321467,838321471,1,2,6,14,1,-2,3214,-838321461,838321464,3,4,3239
2310,842381996,842381997,842381999,842382010,842382026,842382028,842382020,842385352,0,842385355,842385359,842385364,1,2,11,27,2,-6,3332,-842385352,842385355,4,5,3368
2311,843760667,843760671,843760672,843760681,843760691,843760693,843760690,843764091,0,843764093,843764096,843764101,4,1,9,19,2,-1,3401,-843764091,843764093,3,5,3434
2312,843760679,843760680,843760700,843760703,843760710,843760732,843760719,843764240,0,843764241,843764243,843764248,1,20,3,10,22,9,3521,-843764240,843764241,2,5,3569
2313,843777521,843777522,843777524,843777528,843777534,843777535,843777534,843780715,0,843780717,843780719,843780723,1,2,4,10,1,0,3181,-843780715,843780717,2,4,3202
2314,849975985,849975988,849975990,849976006,849976026,849976028,849976019,849979308,0,849979311,849979315,849979321,3,2,16,36,2,-7,3289,-849979308,849979311,4,6,3336
2315,849992770,849992771,849992773,849992777,849992784,849992785,849992784,849995936,0,849995939,849995941,849995946,1,2,4,11,1,0,3152,-849995936,849995939,2,5,3176
2316,850009579,850009580,850009582,850009585,850009592,850009602,850009593,850012718,0,850012720,850012723,850012727,1,2,3,10,10,1,3125,-850012718,850012720,3,4,3148
2317,851056780,851056781,851056783,851056791,851056802,851056812,851056798,851059987,0,851059989,851059993,851059996,1,2,8,19,10,-4,3189,-851059987,851059989,4,3,3216
2318,861072356,861072358,861072360,861072378,861072400,861072403,861072391,861075802,0,861075805,861075811,861075815,2,2,18,40,3,-9,3411,-861075802,861075805,6,4,3459
2319,861786119,861786120,861786122,861786131,861786139,861786148,861786139,861789551,0,861789554,861789557,861789561,1,2,9,17,9,0,3412,-861789551,861789554,3,4,3442
2320,867755884,867755885,867755887,867755904,867755921,867755923,867755917,867758355,0,867758358,867758362,867758367,1,2,17,34,2,-4,2438,-867758355,867758358,4,5,2483
2321,867764722,867764723,867764724,867764728,867764733,867764744,867764735,867767065,0,867767067,867767070,867767074,1,1,4,9,11,2,2330,-867767065,867767067,3,4,2352
2322,867764749,867764750,867764752,867764755,867764759,867764768,867764762,867767187,0,867767189,867767191,867767195,1,2,3,7,9,3,2425,-867767187,867767189,2,4,2446
2323,869267565,869267567,869267569,869267577,869267589,869267591,869267585,869270914,0,869270917,869270920,869270925,2,2,8,20,2,-4,3329,-869270914,869270917,3,5,3360
2324,873937153,873937155,873937157,873937169,873937180,873937183,873937179,873939766,0,873939769,873939774,873939777,2,2,12,23,3,-1,2587,-873939766,873939769,5,3,2624
2325,873952315,873952316,873952317,873952321,873952326,873952336,873952328,873954736,0,873954738,873954741,873954745,1,1,4,9,10,2,2408,-873954736,873954738,3,4,2430
2326,873955122,873955123,873955125,873955128,873955133,873955142,873955135,873957510,0,873957512,873957516,873957521,1,2,3,8,9,2,2375,-873957510,873957512,4,5,2399
2327,874298901,874298905,874298907,874298913,874298921,874298922,874298921,874301365,0,874301368,874301371,874301375,4,2,6,14,1,0,2444,-874301365,874301368,3,4,2474
2328,874315799,874315800,874315802,874315806,874315811,874315822,874315813,874318341,0,874318343,874318346,874318350,1,2,4,9,11,2,2528,-874318341,874318343,3,4,2551
2329,874332672,874332673,874332674,874332678,874332683,874332699,874332685,874335489,0,874335492,874335495,874335500,1,1,4,9,16,2,2804,-874335489,874335492,3,5,2828
2330,874625353,874625354,874625356,874625364,874625373,874625380,874625371,874628793,0,874628795,874628798,874628802,1,2,8,17,7,-2,3422,-874628793,874628795,3,4,3449
2331,876140199,876140200,876140202,876140208,876140215,876140226,876140216,876142536,0,876142538,876142542,876142547,1,2,6,13,11,1,2320,-876142536,876142538,4,5,2348
2332,876230353,876230354,876230356,876230359,876230364,876230375,876230367,876233524,0,876233527,876233530,876233535,1,2,3,8,11,3,3157,-876233524,876233527,3,5,3182
2333,876858157,876858158,876858160,876858165,876858170,876858180,876858171,876860520,0,876860523,876860527,876860532,1,2,5,10,10,1,2349,-876860520,876860523,4,5,2375
2334,876883565,876883566,876883568,876883572,876883577,876883587,876883579,876886592,0,876886596,876886599,876886603,1,2,4,9,10,2,3013,-876886592,876886596,3,4,3038
2335,876985428,876985429,876985431,876985435,876985440,876985450,876985441,876987849,0,876987852,876987854,876987859,1,2,4,9,10,1,2408,-876987849,876987852,2,5,2431
2336,877295616,877295617,877295619,877295624,877295631,877295640,877295632,877298593,0,877298595,877298599,877298603,1,2,5,12,9,1,2961,-877298593,877298595,4,4,2987
2337,877298917,877298918,877298919,877298923,877298927,877298937,877298929,877301195,0,877301198,877301200,877301205,1,1,4,8,10,2,2266,-877301195,877301198,2,5,2288
2338,880238032,880238035,880238037,880238048,880238062,880238064,880238057,880241426,0,880241429,880241432,880241436,3,2,11,25,2,-5,3369,-880241426,880241429,3,4,3404
2339,880239449,880239452,880239454,880239458,880239464,880239471,880239464,880242763,0,880242765,880242767,880242771,3,2,4,10,7,0,3299,-880242763,880242765,2,4,3322
2340,880250478,880250479,880250481,880250485,880250491,880250497,880250492,880253727,0,880253729,880253731,880253736,1,2,4,10,6,1,3235,-880253727,880253729,2,5,3258
2341,880385990,880385993,880385995,880385999,880386006,880386007,880386006,880389584,0,880389587,880389589,880389594,3,2,4,11,1,0,3578,-880389584,880389587,2,5,3604
2342,880419324,880419325,880419326,880419330,880419336,880419337,880419336,880422746,0,880422748,880422752,880422757,1,1,4,10,1,0,3410,-880422746,880422748,4,5,3433
2343,880436209,880436210,880436212,880436216,880436222,880436232,880436223,880439494,0,880439496,880439499,880439506,1,2,4,10,10,1,3271,-880439494,880439496,3,7,3297
2344,889029541,889029542,889029545,889029561,889029578,889029581,889029574,889032766,0,889032769,889032774,889032779,1,3,16,33,3,-4,3192,-889032766,889032769,5,5,3238
2345,898523472,898523473,898523475,898523490,898523509,898523510,898523505,898525824,0,898525827,898525831,898525836,1,2,15,34,1,-4,2319,-898525824,898525827,4,5,2364
2346,904268173,904268174,904268177,904268189,904268203,904268205,904268200,904270800,0,904270803,904270807,904270811,1,3,12,26,2,-3,2600,-904270800,904270803,4,4,2638
2347,904281515,904281516,904281518,904281522,904281527,904281544,904281530,904284211,0,904284213,904284216,904284220,1,2,4,9,17,3,2681,-904284211,904284213,3,4,2705
2348,907157510,907157511,907157513,907157523,907157533,907157548,907157533,907160949,0,907160952,907160957,907160961,1,2,10,20,15,0,3416,-907160949,907160952,5,4,3451
2349,911125927,911125928,911125930,911125941,911125952,911125954,911125950,911128333,0,911128337,911128340,911128345,1,2,11,22,2,-2,2383,-911128333,911128337,3,5,2418
2350,912217525,912217526,912217528,912217535,912217543,912217553,912217543,912220002,0,912220005,912220008,912220012,1,2,7,15,10,0,2459,-912220002,912220005,3,4,2487
2351,912223200,912223201,912223203,912223207,912223211,912223225,912223217,912225775,0,912225778,912225780,912225785,1,2,4,8,14,6,2558,-912225775,912225778,2,5,2585
2352,912227249,912227250,912227251,912227254,912227258,912227267,912227260,912229691,0,912229695,912229697,912229701,1,1,3,7,9,2,2431,-912229691,912229695,2,4,2452
2353,912230826,912230827,912230829,912230832,912230836,912230845,912230838,912233515,0,912233518,912233520,912233525,1,2,3,7,9,2,2677,-912233515,912233518,2,5,2699
2354,912242723,912242724,912242726,912242729,912242733,912242744,912242736,912245243,0,912245246,912245248,912245253,1,2,3,7,11,3,2507,-912245243,912245246,2,5,2530
2355,917579319,917579320,917579322,917579336,917579352,917579354,917579346,917582810,0,917582813,917582817,917582822,1,2,14,30,2,-6,3464,-917582810,917582813,4,5,3503
2356,924060904,924060905,924060907,924060922,924060940,924060942,924060933,924064223,0,924064226,924064231,924064235,1,2,15,33,2,-7,3290,-924064223,924064226,5,4,3331
2357,924264862,924264864,924264866,924264873,924264881,924264882,924264881,924267439,0,924267442,924267446,924267450,2,2,7,15,1,0,2558,-924267439,924267442,4,4,2588
2358,924275803,924275808,924275810,924275817,924275823,924275825,924275823,924278479,0,924278482,924278484,924278489,5,2,7,13,2,0,2656,-924278479,924278482,2,5,2686
2359,924287113,924287114,924287116,924287119,924287124,924287134,924287125,924289398,0,924289401,924289404,924289408,1,2,3,8,10,1,2273,-924289398,924289401,3,4,2295
2360,924289803,924289804,924289806,924289809,924289813,924289822,924289815,924291926,0,924291928,924291931,924291936,1,2,3,7,9,2,2111,-924291926,924291928,3,5,2133
2361,930761228,930761230,930761232,930761247,930761266,930761269,930761260,930764769,0,930764772,930764776,930764781,2,2,15,34,3,-6,3509,-930764769,930764772,4,5,3553
2362,932004414,932004415,932004417,932004425,932004433,932004433,932004432,932006913,0,932006916,932006918,932006923,1,2,8,16,0,-1,2481,-932006913,932006916,2,5,2509
2363,934541411,934541412,934541414,934541421,934541430,934541442,934541431,934543831,0,934543833,934543836,934543840,1,2,7,16,12,1,2400,-934543831,934543833,3,4,2429
2364,935588439,935588440,935588442,935588449,935588457,935588464,935588457,935591050,0,935591053,935591056,935591059,1,2,7,15,7,0,2593,-935591050,935591053,3,3,2620
2365,935588467,935588468,935588470,935588473,935588477,935588496,935588481,935591238,0,935591240,935591242,935591249,1,2,3,7,19,4,2757,-935591238,935591240,2,7,2782
2366,938413242,938413243,938413246,938413258,938413275,938413278,938413268,938416655,0,938416658,938416662,938416668,1,3,12,29,3,-7,3387,-938416655,938416658,4,6,3426
2367,938490166,938490167,938490169,938490173,938490179,938490189,938490179,938493533,0,938493536,938493539,938493543,1,2,4,10,10,0,3354,-938493533,938493536,3,4,3377
2368,941986425,941986426,941986428,941986438,941986451,941986453,941986447,941989881,0,941989883,941989887,941989892,1,2,10,23,2,-4,3434,-941989881,941989883,4,5,3467
2369,942296706,942296709,942296710,942296716,942296726,942296735,942296723,942300181,0,942300184,942300187,942300192,3,1,6,16,9,-3,3458,-942300181,942300184,3,5,3486
2370,946522448,946522451,946522453,946522465,946522476,946522479,946522474,946525852,0,946525855,946525858,946525862,3,2,12,23,3,-2,3378,-946525852,946525855,3,4,3414
2371,956085988,956085990,956085992,956086009,956086031,956086034,956086022,956089311,0,956089315,956089319,956089323,2,2,17,39,3,-9,3289,-956089311,956089315,4,4,3335
2372,956091901,956091902,956091904,956091908,956091914,956091921,956091915,956095225,0,956095227,956095230,956095235,1,2,4,10,7,1,3310,-956095225,956095227,3,5,3334
2373,957551134,957551135,957551137,957551146,957551154,957551166,957551155,957553642,0,957553644,957553648,957553652,1,2,9,17,12,1,2487,-957553642,957553644,4,4,2518
2374,961508470,961508472,961508474,961508484,961508496,961508498,961508493,961511910,0,961511913,961511915,961511920,2,2,10,22,2,-3,3417,-961511910,961511913,2,5,3450
2375,961743323,961743325,961743327,961743332,961743340,961743341,961743340,961746625,0,961746628,961746631,961746635,2,2,5,13,1,0,3285,-961746625,961746628,3,4,3312
2376,965473152,965473153,965473155,965473164,965473173,965473182,965473171,965476561,0,965476564,965476567,965476571,1,2,9,18,9,-2,3390,-965476561,965476564,3,4,3419
2377,968846324,968846328,968846330,968846341,968846356,968846358,968846351,968849916,0,968849919,968849922,968849927,4,2,11,26,2,-5,3565,-968849916,968849919,3,5,3603
2378,969598348,969598349,969598352,969598358,969598366,969598377,969598365,969601746,0,969601749,969601751,969601756,1,3,6,14,11,-1,3381,-969601746,969601749,2,5,3408
2379,971352378,971352379,971352381,971352387,971352397,971352405,971352395,971355624,0,971355627,971355631,971355635,1,2,6,16,8,-2,3229,-971355624,971355627,4,4,3257
2380,974118941,974118942,974118944,974118953,974118964,974118966,974118962,974122368,0,974122371,974122374,974122378,1,2,9,20,2,-2,3406,-974122368,974122371,3,4,3437
2381,974427829,974427833,974427835,974427840,974427846,974427853,974427847,974431085,0,974431088,974431091,974431095,4,2,5,11,7,1,3238,-974431085,974431088,3,4,3266
2382,974431317,974431318,974431319,974431323,974431329,974431343,974431328,974434571,0,974434573,974434575,974434580,1,1,4,10,14,-1,3243,-974434571,974434573,2,5,3263
2383,974695244,974695245,974695247,974695256,974695265,974695267,974695263,974698707,0,974698710,974698714,974698718,1,2,9,18,2,-2,3444,-974698707,974698710,4,4,3474
2384,980319679,980319682,980319684,980319699,980319717,980319720,980319710,980323141,0,980323144,980323147,980323152,3,2,15,33,3,-7,3431,-980323141,980323144,3,5,3473
2385,987339104,987339107,987339108,987339124,987339145,987339147,987339137,987342391,0,987342395,987342400,987342405,3,1,16,37,2,-8,3254,-987342391,987342395,5,5,3301
2386,990261057,990261058,990261060,990261070,990261082,990261094,990261080,990264383,0,990264386,990264389,990264393,1,2,10,22,12,-2,3303,-990264383,990264386,3,4,3336
2387,992943725,992943726,992943727,992943735,992943744,992943746,992943744,992946489,0,992946491,992946495,992946504,1,1,8,17,2,0,2745,-992946489,992946491,4,9,2779
2388,992948127,992948128,992948130,992948133,992948138,992948149,992948140,992950850,0,992950853,992950855,992950861,1,2,3,8,11,2,2710,-992950850,992950853,2,6,2734
2389,994412899,994412900,994412902,994412910,994412921,994412931,994412918,994416150,0,994416153,994416156,994416162,1,2,8,19,10,-3,3232,-994416150,994416153,3,6,3263
2390,995449786,995449787,995449789,995449794,995449802,995449812,995449801,995453308,0,995453311,995453315,995453320,1,2,5,13,10,-1,3507,-995453308,995453311,4,5,3534
2391,996405127,996405128,996405130,996405136,996405144,996405154,996405143,996408562,0,996408565,996408568,996408572,1,2,6,14,10,-1,3419,-996408562,996408565,3,4,3445
2392,997928873,997928877,997928879,997928888,997928899,997928902,997928896,997932281,0,997932284,997932287,997932291,4,2,9,20,3,-3,3385,-997932281,997932284,3,4,3418
2393,4082835,4082837,4082839,4082854,4082872,4082875,4082866,4086208,0,4086211,4086216,4086220,2,2,15,33,3,-6,3342,-4086208,4086211,5,4,3385
2394,4546837,4546838,4546840,4546848,4546858,4546870,4546857,4550234,0,4550237,4550240,4550244,1,2,8,18,12,-1,3377,-4550234,4550237,3,4,3407
2395,15799883,15799884,15799886,15799904,15799926,15799930,15799917,15803614,0,15803617,15803623,15803627,1,2,18,40,4,-9,3697,-15803614,15803617,6,4,3744
2396,17061059,17061060,17061062,17061067,17061075,17061085,17061074,17064675,0,17064677,17064680,17064685,1,2,5,13,10,-1,3601,-17064675,17064677,3,5,3626
2397,17065013,17065014,17065015,17065019,17065025,17065033,17065025,17068393,0,17068395,17068398,17068403,1,1,4,10,8,0,3368,-17068393,17068395,3,5,3390
2398,17068871,17068872,17068874,17068878,17068884,17068892,17068884,17072368,0,17072371,17072373,17072378,1,2,4,10,8,0,3484,-17072368,17072371,2,5,3507
2399,17074545,17074546,17074548,17074551,17074557,17074565,17074558,17077947,0,17077950,17077952,17077957,1,2,3,9,8,1,3389,-17077947,17077950,2,5,3412
2400,17089191,17089192,17089193,17089197,17089203,17089211,17089204,17092681,0,17092683,17092686,17092691,1,1,4,10,8,1,3477,-17092681,17092683,3,5,3500
2401,17120506,17120507,17120509,17120512,17120518,17120527,17120519,17123741,0,17123743,17123746,17123751,1,2,3,9,9,1,3222,-17123741,17123743,3,5,3245
2402,17151454,17151455,17151457,17151460,17151467,17151474,17151467,17154832,0,17154835,17154837,17154842,1,2,3,10,7,0,3365,-17154832,17154835,2,5,3388
2403,17171755,17171756,17171758,17171762,17171768,17171777,17171769,17175521,0,17175524,17175527,17175532,1,2,4,10,9,1,3752,-17175521,17175524,3,5,3777
2404,17175873,17175874,17175876,17175879,17175885,17175894,17175886,17179390,0,17179393,17179395,17179401,1,2,3,9,9,1,3504,-17179390,17179393,2,6,3528
2405,20936359,20936361,20936363,20936376,20936387,20936390,20936386,20938901,0,20938904,20938908,20938912,2,2,13,24,3,-1,2515,-20938901,20938904,4,4,2553
2406,23541904,23541905,23541907,23541917,23541931,23541933,23541926,23545351,0,23545354,23545358,23545363,1,2,10,24,2,-5,3425,-23545351,23545354,4,5,3459
2407,30584589,30584592,30584594,30584609,30584625,30584627,30584622,30587051,0,30587055,30587059,30587064,3,2,15,31,2,-3,2429,-30587051,30587055,4,5,2475
2408,31666562,31666563,31666565,31666570,31666576,31666588,31666578,31669116,0,31669118,31669121,31669126,1,2,5,11,12,2,2538,-31669116,31669118,3,5,2564
2409,32486649,32486650,32486652,32486657,32486663,32486683,32486668,32489040,0,32489043,32489046,32489050,1,2,5,11,20,5,2372,-32489040,32489043,3,4,2401
2410,40665544,40665546,40665548,40665565,40665585,40665587,40665578,40668846,0,40668849,40668855,40668859,2,2,17,37,2,-7,3268,-40668846,40668849,6,4,3315
2411,44968147,44968148,44968150,44968162,44968178,44968180,44968171,44971765,0,44971767,44971772,44971776,1,2,12,28,2,-7,3594,-44971765,44971767,5,4,3629
2412,45462094,45462097,45462099,45462108,45462116,45462126,45462116,45465309,0,45465312,45465315,45465319,3,2,9,17,10,0,3193,-45465309,45465312,3,4,3225
2413,45486260,45486261,45486263,45486267,45486272,45486290,45486275,45488591,0,45488593,45488596,45488600,1,2,4,9,18,3,2316,-45488591,45488593,3,4,2340
2414,48828706,48828709,48828711,48828722,48828736,48828737,48828732,48832192,0,48832195,48832199,48832203,3,2,11,25,1,-4,3460,-48832192,48832195,4,4,3497
2415,50841230,50841231,50841233,50841241,50841251,50841263,50841249,50844863,0,50844866,50844870,50844874,1,2,8,18,12,-2,3614,-50844863,50844866,4,4,3644
2416,50846466,50846467,50846469,50846473,50846480,50846489,50846479,50849852,0,50849854,50849857,50849861,1,2,4,11,9,-1,3373,-50849852,50849854,3,4,3395
2417,59274525,59274529,59274531,59274546,59274562,59274565,59274558,59277601,0,59277604,59277608,59277613,4,2,15,31,3,-4,3043,-59277601,59277604,4,5,3088
2418,62352751,62352752,62352754,62352764,62352774,62352776,62352774,62355164,0,62355167,62355170,62355175,1,2,10,20,2,0,2390,-62355164,62355167,3,5,2424
2419,63257407,63257408,63257410,63257415,63257421,63257433,63257423,63260677,0,63260679,63260681,63260686,1,2,5,11,12,2,3254,-63260677,63260679,2,5,3279
2420,63496872,63496873,63496875,63496881,63496887,63496898,63496888,63499991,0,63499993,63499996,63500000,1,2,6,12,11,1,3103,-63499991,63499993,3,4,3128
2421,63500165,63500166,63500168,63500171,63500176,63500191,63500178,63502492,0,63502494,63502497,63502505,1,2,3,8,15,2,2314,-63502492,63502494,3,8,2340
2422,65196641,65196642,65196644,65196649,65196655,65196663,65196656,65199040,0,65199042,65199045,65199050,1,2,5,11,8,1,2384,-65199040,65199042,3,5,2409
2423,65196802,65196803,65196805,65196807,65196811,65196822,65196813,65199188,0,65199190,65199191,65199197,1,2,2,6,11,2,2375,-65199188,65199190,1,6,2395
2424,72507534,72507535,72507537,72507552,72507568,72507570,72507565,72510109,0,72510113,72510118,72510123,1,2,15,31,2,-3,2544,-72510109,72510113,5,5,2589
2425,76875104,76875107,76875109,76875120,76875131,76875133,76875129,76878509,0,76878512,76878516,76878521,3,2,11,22,2,-2,3380,-76878509,76878512,4,5,3417
2426,76875115,76875116,76875142,76875144,76875148,76875170,76875158,76878677,0,76878679,76878681,76878687,1,26,2,6,22,10,3519,-76878677,76878679,2,6,3572
2427,77216279,77216280,77216282,77216287,77216292,77216303,77216294,77218645,0,77218648,77218650,77218655,1,2,5,10,11,2,2351,-77218645,77218648,2,5,2376
2428,82401562,82401568,82401568,82401582,82401598,82401601,82401592,82405231,0,82405234,82405238,82405243,6,0,14,30,3,-6,3639,-82405231,82405234,4,5,3681
2429,82401574,82401575,82401609,82401611,82401617,82401638,82401627,82405386,0,82405388,82405390,82405395,1,34,2,8,21,10,3759,-82405386,82405388,2,5,3821
2430,83789258,83789259,83789261,83789268,83789276,83789296,83789280,83793076,0,83793078,83793081,83793085,1,2,7,15,20,4,3796,-83793076,83793078,3,4,3827
2431,83789300,83789302,83789304,83789306,83789312,83789322,83789313,83793220,0,83793222,83793224,83793229,2,2,2,8,10,1,3907,-83793220,83793222,2,5,3929
2432,93219080,93219081,93219083,93219101,93219122,93219124,93219114,93222484,0,93222487,93222491,93222496,1,2,18,39,2,-8,3370,-93222484,93222487,4,5,3416
2433,93240601,93240602,93240604,93240608,93240615,93240622,93240615,93244086,0,93244089,93244091,93244096,1,2,4,11,7,0,3471,-93244086,93244089,2,5,3495
2434,93889982,93889983,93889985,93889992,93890001,93890012,93890000,93892420,0,93892424,93892427,93892432,1,2,7,16,11,-1,2420,-93892420,93892424,3,5,2450
2435,93921544,93921545,93921547,93921550,93921555,93921565,93921557,93924011,0,93924014,93924017,93924021,1,2,3,8,10,2,2454,-93924011,93924014,3,4,2477
2436,97050878,97050879,97050881,97050888,97050895,97050897,97050896,97053832,0,97053834,97053838,97053842,1,2,7,14,2,1,2936,-97053832,97053834,4,4,2964
2437,99582460,99582461,99582463,99582472,99582487,99582488,99582481,99585925,0,99585929,99585933,99585938,1,2,9,24,1,-6,3444,-99585925,99585929,4,5,3478
2438,108315801,108315802,108315804,108315823,108315844,108315847,108315836,108319303,0,108319306,108319310,108319315,1,2,19,40,3,-8,3467,-108319303,108319306,4,5,3514
2439,109876199,109876200,109876201,109876207,109876216,109876217,109876216,109879678,0,109879680,109879683,109879688,1,1,6,15,1,0,3462,-109879678,109879680,3,5,3489
2440,111469350,111469351,111469353,111469361,111469369,111469371,111469370,111471763,0,111471765,111471768,111471773,1,2,8,16,2,1,2393,-111471763,111471765,3,5,2423
2441,111471958,111471960,111471961,111471965,111471969,111471987,111471972,111474302,0,111474304,111474307,111474311,2,1,4,8,18,3,2330,-111474302,111474304,3,4,2353
2442,111543199,111543200,111543202,111543208,111543215,111543226,111543215,111545298,0,111545300,111545303,111545307,1,2,6,13,11,0,2083,-111545298,111545300,3,4,2108
2443,111555905,111555906,111555908,111555911,111555916,111555926,111555918,111559005,0,111559008,111559011,111559015,1,2,3,8,10,2,3087,-111559005,111559008,3,4,3110
2444,112050212,112050213,112050216,112050220,112050226,112050237,112050228,112053104,0,112053106,112053109,112053114,1,3,4,10,11,2,2876,-112053104,112053106,3,5,2902
2445,112053182,112053183,112053184,112053188,112053192,112053207,112053195,112055407,0,112055409,112055414,112055417,1,1,4,8,15,3,2212,-112055407,112055409,5,3,2235
2446,112122207,112122208,112122210,112122214,112122221,112122232,112122221,112124461,0,112124463,112124468,112124472,1,2,4,11,11,0,2240,-112124461,112124463,5,4,2265
2447,114360085,114360086,114360088,114360094,114360102,114360111,114360102,114363555,0,114363557,114363560,114363565,1,2,6,14,9,0,3453,-114363555,114363557,3,5,3480
2448,114498296,114498297,114498299,114498305,114498315,114498322,114498312,114501526,0,114501528,114501531,114501536,1,2,6,16,7,-3,3214,-114501526,114501528,3,5,3240
2449,114522288,114522289,114522291,114522297,114522304,114522311,114522304,114525570,0,114525573,114525577,114525582,1,2,6,13,7,0,3266,-114525570,114525573,4,5,3294
2450,116618154,116618155,116618157,116618164,116618171,116618173,116618172,116621491,0,116621494,116621497,116621506,1,2,7,14,2,1,3319,-116621491,116621494,3,9,3352
2451,117275380,117275381,117275383,117275388,117275395,117275397,117275395,117278604,0,117278606,117278609,117278613,1,2,5,12,2,0,3209,-117278604,117278606,3,4,3233
2452,126100423,126100424,126100426,126100442,126100457,126100459,126100454,126103531,0,126103534,126103538,126103543,1,2,16,31,2,-3,3077,-126103531,126103534,4,5,3120
2453,129289324,129289327,129289329,129289338,129289349,129289352,129289348,129291727,0,129291730,129291733,129291737,3,2,9,20,3,-1,2379,-129291727,129291730,3,4,2413
2454,129831525,129831526,129831528,129831534,129831541,129831549,129831542,129834108,0,129834111,129834113,129834118,1,2,6,13,8,1,2566,-129834108,129834111,2,5,2593
2455,129834915,129834916,129834918,129834922,129834927,129834942,129834929,129838080,0,129838083,129838085,129838090,1,2,4,9,15,2,3151,-129838080,129838083,2,5,3175
2456,129834945,129834947,129834948,129834951,129834955,129834970,129834958,129838226,0,129838228,129838230,129838235,2,1,3,7,15,3,3268,-129838226,129838228,2,5,3290
2457,129859926,129859927,129859929,129859933,129859937,129859955,129859941,129862266,0,129862269,129862271,129862276,1,2,4,8,18,4,2325,-129862266,129862269,2,5,2350
2458,131818083,131818086,131818088,131818094,131818101,131818109,131818102,131820534,0,131820537,131820539,131820543,3,2,6,13,8,1,2432,-131820534,131820537,2,4,2460
2459,131818113,131818114,131818116,131818119,131818123,131818135,131818123,131820657,0,131820659,131820661,131820665,1,2,3,7,12,0,2534,-131820657,131820659,2,4,2552
2460,131924251,131924252,131924254,131924263,131924275,131924286,131924270,131927611,0,131927613,131927618,131927623,1,2,9,21,11,-5,3341,-131927611,131927613,5,5,3372
2461,133354325,133354326,133354328,133354336,133354345,133354353,133354343,133357588,0,133357591,133357593,133357598,1,2,8,17,8,-2,3245,-133357588,133357591,2,5,3273
2462,135567626,135567627,135567629,135567636,135567645,135567655,135567644,135570978,0,135570981,135570984,135570988,1,2,7,16,10,-1,3334,-135570978,135570981,3,4,3362
2463,139887447,139887450,139887452,139887463,139887474,139887489,139887473,139890032,0,139890035,139890040,139890044,3,2,11,22,15,-1,2559,-139890032,139890035,5,4,2597
2464,139890162,139890164,139890165,139890169,139890174,139890196,139890183,139892759,0,139892761,139892763,139892768,2,1,4,9,22,9,2576,-139892759,139892761,2,5,2606
2465,139984786,139984787,139984789,139984792,139984797,139984809,139984799,139987376,0,139987379,139987381,139987386,1,2,3,8,12,2,2577,-139987376,139987379,2,5,2600
2466,140019099,140019100,140019102,140019105,140019109,140019118,140019112,140022595,0,140022597,140022600,140022606,1,2,3,7,9,3,3483,-140022595,140022597,3,6,3507
2467,147594631,147594634,147594636,147594650,147594665,147594667,147594663,147597223,0,147597226,147597230,147597235,3,2,14,29,2,-2,2560,-147597223,147597226,4,5,2604
2468,149179405,149179406,149179408,149179415,149179423,149179424,149179423,149181882,0,149181885,149181888,149181892,1,2,7,15,1,0,2459,-149181882,149181885,3,4,2487
2469,159631744,159631748,159631750,159631766,159631782,159631784,159631777,159634000,0,159634003,159634007,159634011,4,2,16,32,2,-5,2223,-159634000,159634003,4,4,2267
2470,159751738,159751740,159751742,159751746,159751751,159751762,159751753,159753998,0,159754000,159754003,159754008,2,2,4,9,11,2,2245,-159753998,159754000,3,5,2270
2471,161960239,161960241,161960243,161960250,161960259,161960260,161960259,161962692,0,161962695,161962699,161962704,2,2,7,16,1,0,2433,-161962692,161962695,4,5,2465
2472,162236842,162236843,162236845,162236850,162236856,162236858,162236857,162239031,0,162239034,162239036,162239041,1,2,5,11,2,1,2174,-162239031,162239034,2,5,2199
2473,164811906,164811907,164811909,164811918,164811931,164811932,164811926,164815326,0,164815329,164815332,164815336,1,2,9,22,1,-5,3400,-164815326,164815329,3,4,3430
2474,165689226,165689227,165689229,165689238,165689244,165689252,165689245,165691579,0,165691581,165691584,165691589,1,2,9,15,8,1,2334,-165691579,165691581,3,5,2363
2475,166099411,166099412,166099414,166099421,166099428,166099429,166099428,166102282,0,166102284,166102288,166102292,1,2,7,14,1,0,2854,-166102282,166102284,4,4,2881
2476,166105779,166105780,166105782,166105786,166105790,166105801,166105793,166109190,0,166109192,166109197,166109202,1,2,4,8,11,3,3397,-166109190,166109192,5,5,3423
2477,171439159,171439161,171439163,171439175,171439191,171439193,171439185,171442302,0,171442305,171442310,171442315,2,2,12,28,2,-6,3117,-171442302,171442305,5,5,3156
2478,171614146,171614147,171614149,171614154,171614161,171614170,171614161,171617421,0,171617424,171617427,171617431,1,2,5,12,9,0,3260,-171617421,171617424,3,4,3285
2479,171782641,171782643,171782645,171782652,171782662,171782671,171782659,171786030,0,171786032,171786035,171786039,2,2,7,17,9,-3,3371,-171786030,171786032,3,4,3398
2480,171787101,171787102,171787104,171787108,171787114,171787125,171787115,171790394,0,171790396,171790399,171790403,1,2,4,10,11,1,3279,-171790394,171790396,3,4,3302
2481,174112710,174112711,174112713,174112721,174112732,174112743,174112728,174115998,0,174116001,174116005,174116010,1,2,8,19,11,-4,3270,-174115998,174116001,4,5,3300
2482,174116682,174116683,174116685,174116689,174116695,174116704,174116695,174119804,0,174119807,174119811,174119815,1,2,4,10,9,0,3109,-174119804,174119807,4,4,3133
2483,174120143,174120144,174120145,174120149,174120155,174120163,174120155,174123616,0,174123619,174123621,174123626,1,1,4,10,8,0,3461,-174123616,174123619,2,5,3483
2484,177134153,177134154,177134156,177134165,177134177,177134179,177134178,177137421,0,177137424,177137428,177137433,1,2,9,21,2,1,3243,-177137421,177137424,4,5,3280
2485,177573192,177573193,177573195,177573201,177573210,177573220,177573209,177576573,0,177576578,177576581,177576587,1,2,6,15,10,-1,3364,-177576573,177576578,3,6,3395
2486,178038645,178038646,178038648,178038652,178038659,178038668,178038658,178041877,0,178041880,178041883,178041887,1,2,4,11,9,-1,3219,-178041877,178041880,3,4,3242
2487,178042281,178042282,178042284,178042287,178042293,178042302,178042293,178045365,0,178045367,178045370,178045375,1,2,3,9,9,0,3072,-178045365,178045367,3,5,3094
2488,179455928,179455929,179455932,179455938,179455947,179455957,179455946,179459241,0,179459244,179459248,179459253,1,3,6,15,10,-1,3295,-179459241,179459244,4,5,3325
2489,179557316,179557317,179557319,179557322,179557328,179557338,179557329,179560564,0,179560567,179560569,179560574,1,2,3,9,10,1,3235,-179560564,179560567,2,5,3258
2490,179788059,179788060,179788062,179788068,179788077,179788086,179788075,179791452,0,179791455,179791458,179791463,1,2,6,15,9,-2,3377,-179791452,179791455,3,5,3404
2491,180319410,180319412,180319414,180319423,180319434,180319436,180319430,180322508,0,180322511,180322514,180322519,2,2,9,20,2,-4,3078,-180322508,180322511,3,5,3109
2492,180511408,180511409,180511411,180511418,180511427,180511434,180511425,180514566,0,180514568,180514572,180514577,1,2,7,16,7,-2,3141,-180514566,180514568,4,5,3169
2493,180535403,180535404,180535406,180535409,180535415,180535426,180535417,180538591,0,180538593,180538596,180538602,1,2,3,9,11,2,3174,-180538591,180538593,3,6,3199
2494,180559403,180559404,180559406,180559411,180559418,180559425,180559417,180562721,0,180562724,180562727,180562733,1,2,5,12,7,-1,3304,-180562721,180562724,3,6,3330
2495,180583404,180583405,180583408,180583411,180583417,180583427,180583418,180586583,0,180586586,180586589,180586593,1,3,3,9,10,1,3165,-180586583,180586586,3,4,3189
2496,180607406,180607407,180607408,180607412,180607418,180607428,180607419,180610704,0,180610707,180610709,180610714,1,1,4,10,10,1,3285,-180610704,180610707,2,5,3308
2497,180631405,180631406,180631408,180631415,180631421,180631422,180631421,180634833,0,180634835,180634838,180634842,1,2,7,13,1,0,3412,-180634833,180634835,3,4,3437
2498,180631410,180631412,180631427,180631430,180631435,180631441,180631450,180634781,0,180634784,180634787,180634791,2,15,3,8,6,15,3331,-180634781,180634784,3,4,3381
2499,180631415,180631415,180631440,180631443,180631448,180631470,180631455,180635161,0,180635163,180635165,180635172,0,25,3,8,22,7,3706,-180635161,180635163,2,7,3757
2500,180655407,180655408,180655410,180655417,180655424,180655431,180655423,180658830,0,180658833,180658836,180658841,1,2,7,14,7,-1,3407,-180658830,180658833,3,5,3434
2501,180679407,180679408,180679410,180679414,180679420,180679431,180679422,180682693,0,180682696,180682698,180682703,1,2,4,10,11,2,3271,-180682693,180682696,2,5,3296
2502,180868420,180868421,180868423,180868427,180868435,180868445,180868435,180871668,0,180871671,180871675,180871679,1,2,4,12,10,0,3233,-180871668,180871671,4,4,3259
2503,180940417,180940418,180940420,180940424,180940431,180940432,180940431,180943797,0,180943800,180943803,180943808,1,2,4,11,1,0,3366,-180943797,180943800,3,5,3391
2504,181156428,181156429,181156431,181156436,181156443,181156451,181156443,181159910,0,181159913,181159916,181159921,1,2,5,12,8,0,3467,-181159910,181159913,3,5,3493
2505,181660034,181660036,181660038,181660043,181660051,181660061,181660051,181663379,0,181663382,181663385,181663389,2,2,5,13,10,0,3328,-181663379,181663382,3,4,3355
2506,182099426,182099427,182099429,182099434,182099443,182099452,182099440,182102821,0,182102823,182102826,182102831,1,2,5,14,9,-3,3381,-182102821,182102823,3,5,3405
2507,183246031,183246032,183246034,183246040,183246049,183246057,183246047,183249437,0,183249439,183249442,183249447,1,2,6,15,8,-2,3390,-183249437,183249439,3,5,3416
2508,183268493,183268494,183268495,183268505,183268513,183268524,183268512,183271529,0,183271532,183271534,183271539,1,1,10,18,11,-1,3017,-183271529,183271532,2,5,3046
2509,183268499,183268502,183268519,183268522,183268527,183268547,183268534,183271803,0,183271805,183271807,183271811,3,17,3,8,20,7,3269,-183271803,183271805,2,4,3312
2510,183272235,183272236,183272238,183272243,183272251,183272261,183272248,183275403,0,183275405,183275408,183275412,1,2,5,13,10,-3,3155,-183275403,183275405,3,4,3177
2511,183436504,183436505,183436507,183436512,183436519,183436520,183436519,183439811,0,183439813,183439816,183439820,1,2,5,12,1,0,3292,-183439811,183439813,3,4,3316
2512,183460497,183460498,183460500,183460507,183460514,183460525,183460513,183463761,0,183463764,183463766,183463770,1,2,7,14,11,-1,3248,-183463761,183463764,2,4,3273
2513,183465524,183465525,183465527,183465531,183465537,183465544,183465538,183468814,0,183468817,183468819,183468824,1,2,4,10,7,1,3276,-183468814,183468817,2,5,3300
2514,183850297,183850298,183850300,183850304,183850311,183850317,183850311,183853651,0,183853653,183853657,183853661,1,2,4,11,6,0,3340,-183853651,183853653,4,4,3364
2515,185780181,185780182,185780184,185780191,185780201,185780211,185780199,185783488,0,185783491,185783494,185783498,1,2,7,17,10,-2,3289,-185783488,185783491,3,4,3317
2516,185783888,185783889,185783891,185783894,185783900,185783908,185783901,185787088,0,185787091,185787093,185787099,1,2,3,9,8,1,3187,-185787088,185787091,2,6,3211
2517,185963908,185963910,185963912,185963917,185963923,185963933,185963923,185967119,0,185967121,185967123,185967128,2,2,5,11,10,0,3196,-185967119,185967121,2,5,3220
2518,186058590,186058591,186058593,186058600,186058608,186058609,186058606,186061832,0,186061834,186061837,186061841,1,2,7,15,1,-2,3226,-186061832,186061834,3,4,3251
2519,186347596,186347598,186347600,186347605,186347614,186347621,186347612,186350804,0,186350807,186350810,186350814,2,2,5,14,7,-2,3192,-186350804,186350807,3,4,3218
2520,186639699,186639700,186639702,186639708,186639717,186639726,186639715,186643038,0,186643041,186643044,186643049,1,2,6,15,9,-2,3323,-186643038,186643041,3,5,3350
2521,189246472,189246473,189246474,189246483,189246495,189246496,189246492,189249671,0,189249674,189249678,189249682,1,1,9,21,1,-3,3179,-189249671,189249674,4,4,3210
2522,189669769,189669770,189669772,189669776,189669782,189669790,189669783,189673086,0,189673090,189673092,189673097,1,2,4,10,8,1,3303,-189673086,189673090,2,5,3328
2523,189761523,189761524,189761526,189761532,189761540,189761550,189761539,189764795,0,189764799,189764803,189764809,1,2,6,14,10,-1,3256,-189764795,189764799,4,6,3286
2524,190174115,190174116,190174118,190174124,190174131,190174132,190174130,190177496,0,190177499,190177505,190177513,1,2,6,13,1,-1,3366,-190177496,190177499,6,8,3398
2525,191371518,191371521,191371524,191371532,191371543,191371551,191371540,191374763,0,191374766,191374769,191374773,3,3,8,19,8,-3,3223,-191374763,191374766,3,4,3255
2526,191989140,191989141,191989143,191989148,191989156,191989167,191989156,191992528,0,191992530,191992534,191992538,1,2,5,13,11,0,3372,-191992528,191992530,4,4,3398
2527,192048281,192048282,192048284,192048288,192048296,192048297,192048296,192051371,0,192051374,192051377,192051382,1,2,4,12,1,0,3075,-192051371,192051374,3,5,3101
2528,192685806,192685807,192685808,192685814,192685822,192685829,192685820,192689206,0,192689209,192689211,192689216,1,1,6,14,7,-2,3386,-192689206,192689209,2,5,3410
2529,192858804,192858805,192858807,192858813,192858821,192858827,192858819,192862014,0,192862017,192862019,192862024,1,2,6,14,6,-2,3195,-192862014,192862017,2,5,3220
2530,193575832,193575833,193575835,193575841,193575850,193575858,193575849,193579019,0,193579022,193579026,193579030,1,2,6,15,8,-1,3170,-193579019,193579022,4,4,3198
2531,194271850,194271851,194271853,194271859,194271867,194271874,194271867,194275173,0,194275175,194275179,194275184,1,2,6,14,7,0,3306,-194275173,194275175,4,5,3334
2532,194652073,194652074,194652076,194652081,194652090,194652099,194652088,194655548,0,194655551,194655554,194655559,1,2,5,14,9,-2,3460,-194655548,194655551,3,5,3486
2533,195054219,195054220,195054222,195054227,195054234,195054242,195054234,195057561,0,195057564,195057566,195057571,1,2,5,12,8,0,3327,-195057561,195057564,2,5,3352
2534,198032241,198032242,198032244,198032252,198032261,198032273,198032260,198035140,0,198035142,198035146,198035151,1,2,8,17,12,-1,2880,-198035140,198035142,4,5,2910
2535,198035730,198035732,198035733,198035737,198035742,198035751,198035744,198037952,0,198037955,198037958,198037962,2,1,4,9,9,2,2208,-198037952,198037955,3,4,2232
2536,198041386,198041387,198041389,198041392,198041396,198041405,198041398,198044508,0,198044511,198044513,198044517,1,2,3,7,9,2,3110,-198044508,198044511,2,4,3131
2537,198474717,198474719,198474720,198474725,198474732,198474743,198474734,198477955,0,198477958,198477961,198477965,2,1,5,12,11,2,3221,-198477955,198477958,3,4,3248
2538,199111681,199111682,199111684,199111692,199111702,199111710,199111699,199114936,0,199114939,199114941,199114946,1,2,8,18,8,-3,3237,-199114936,199114939,2,5,3265
2539,200803851,200803852,200803853,200803862,200803872,200803882,200803871,200807149,0,200807152,200807156,200807161,1,1,9,19,10,-1,3278,-200807149,200807152,4,5,3310
2540,200807520,200807521,200807522,200807526,200807532,200807540,200807532,200810626,0,200810629,200810631,200810636,1,1,4,10,8,0,3094,-200810626,200810629,2,5,3116
2541,201694094,201694095,201694097,201694104,201694111,201694119,201694112,201696343,0,201696346,201696348,201696353,1,2,7,14,8,1,2231,-201696343,201696346,2,5,2259
2542,202036102,202036103,202036105,202036109,202036114,202036125,202036115,202038893,0,202038895,202038898,202038902,1,2,4,9,11,1,2778,-202038893,202038895,3,4,2800
2543,203953390,203953391,203953393,203953399,203953407,203953417,203953407,203956550,0,203956554,203956558,203956563,1,2,6,14,10,0,3143,-203956550,203956554,4,5,3173
2544,207360474,207360477,207360479,207360488,207360497,207360499,207360498,207362742,0,207362745,207362748,207362752,3,2,9,18,2,1,2244,-207362742,207362745,3,4,2278
2545,207408319,207408320,207408321,207408325,207408331,207408346,207408333,207411420,0,207411422,207411425,207411429,1,1,4,10,15,2,3087,-207411420,207411422,3,4,3110
2546,210235368,210235371,210235373,210235381,210235389,210235391,210235390,210238485,0,210238488,210238490,210238495,3,2,8,16,2,1,3095,-210238485,210238488,2,5,3127
2547,210235378,210235379,210235397,210235399,210235403,210235421,210235403,210238672,0,210238674,210238676,210238681,1,18,2,6,18,0,3269,-210238672,210238674,2,5,3303
2548,210259361,210259362,210259364,210259367,210259372,210259388,210259374,210262548,0,210262551,210262553,210262557,1,2,3,8,16,2,3174,-210262548,210262551,2,4,3196
2549,210567389,210567391,210567393,210567397,210567402,210567419,210567404,210569700,0,210569703,210569706,210569710,2,2,4,9,17,2,2296,-210569700,210569703,3,4,2321
2550,210594374,210594375,210594377,210594380,210594385,210594402,210594388,210596697,0,210596701,210596703,210596708,1,2,3,8,17,3,2309,-210596697,210596701,2,5,2334
2551,210743382,210743386,210743388,210743391,210743395,210743407,210743398,210745920,0,210745923,210745926,210745932,4,2,3,7,12,3,2522,-210745920,210745923,3,6,2550
2552,210743384,210743387,210743401,210743403,210743407,210743431,210743420,210746100,0,210746102,210746104,210746111,3,14,2,6,24,13,2680,-210746100,210746102,2,7,2727
2553,210767378,210767379,210767381,210767384,210767389,210767399,210767390,210769607,0,210769610,210769612,210769617,1,2,3,8,10,1,2217,-210769607,210769610,2,5,2239
2554,210795382,210795383,210795384,210795388,210795393,210795405,210795395,210798465,0,210798467,210798471,210798476,1,1,4,9,12,2,3070,-210798465,210798467,4,5,3094
2555,210819380,210819381,210819383,210819386,210819391,210819408,210819394,210822109,0,210822112,210822114,210822119,1,2,3,8,17,3,2715,-210822109,210822112,2,5,2739
2556,210867382,210867383,210867385,210867388,210867392,210867400,210867394,210870271,0,210870274,210870276,210870281,1,2,3,7,8,2,2877,-210870271,210870274,2,5,2899
2557,210894383,210894383,210894385,210894388,210894393,210894411,210894398,210896678,0,210896681,210896683,210896688,0,2,3,8,18,5,2280,-210896678,210896681,2,5,2305
2558,211154403,211154405,211154407,211154411,211154416,211154428,211154418,211156884,0,211156886,211156889,211156895,2,2,4,9,12,2,2466,-211156884,211156886,3,6,2492
2559,211514417,211514418,211514420,211514423,211514428,211514449,211514432,211517874,0,211517876,211517881,211517887,1,2,3,8,21,4,3442,-211517874,211517876,5,6,3470
2560,214994547,214994552,214994554,214994564,214994574,214994575,214994574,214997379,0,214997382,214997385,214997390,5,2,10,20,1,0,2805,-214997379,214997382,3,5,2843
2561,216440762,216440763,216440765,216440772,216440779,216440788,216440781,216443776,0,216443778,216443781,216443786,1,2,7,14,9,2,2995,-216443776,216443778,3,5,3024
2562,219779674,219779675,219779677,219779688,219779703,219779705,219779698,219782943,0,219782946,219782949,219782953,1,2,11,26,2,-5,3245,-219782943,219782946,3,4,3279
2563,221862217,221862218,221862220,221862229,221862241,221862243,221862237,221865451,0,221865453,221865457,221865463,1,2,9,21,2,-4,3214,-221865451,221865453,4,6,3246
2564,221867505,221867506,221867508,221867512,221867519,221867520,221867519,221870608,0,221870610,221870613,221870618,1,2,4,11,1,0,3089,-221870608,221870610,3,5,3113
2565,221874703,221874704,221874705,221874709,221874716,221874716,221874716,221877819,0,221877822,221877825,221877829,1,1,4,11,0,0,3103,-221877819,221877822,3,4,3126
2566,221884591,221884592,221884594,221884598,221884604,221884612,221884604,221887665,0,221887667,221887671,221887676,1,2,4,10,8,0,3061,-221887665,221887667,4,5,3085
2567,222376753,222376754,222376756,222376762,222376769,222376778,222376770,222380155,0,222380158,222380163,222380167,1,2,6,13,9,1,3385,-222380155,222380158,5,4,3414
2568,222385934,222385935,222385937,222385940,222385945,222385956,222385948,222389134,0,222389137,222389141,222389146,1,2,3,8,11,3,3186,-222389134,222389137,4,5,3212
2569,222456734,222456735,222456737,222456740,222456745,222456756,222456748,222458986,0,222458989,222458991,222458996,1,2,3,8,11,3,2238,-222458986,222458989,2,5,2262
2570,222516386,222516387,222516389,222516393,222516397,222516408,222516400,222518691,0,222518694,222518697,222518702,1,2,4,8,11,3,2291,-222518691,222518694,3,5,2316
2571,222646332,222646333,222646335,222646340,222646348,222646356,222646348,222649540,0,222649544,222649547,222649551,1,2,5,13,8,0,3192,-222649540,222649544,3,4,3219
2572,222649812,222649812,222649814,222649818,222649824,222649835,222649823,222653075,0,222653077,222653082,222653088,0,2,4,10,11,-1,3252,-222653075,222653077,5,6,3276
2573,228287526,228287528,228287529,228287543,228287560,228287562,228287553,228290714,0,228290716,228290721,228290726,2,1,14,31,2,-7,3161,-228290714,228290716,5,5,3200
2574,229129132,229129136,229129137,229129146,229129154,229129155,229129154,229131492,0,229131495,229131498,229131505,4,1,9,17,1,0,2338,-229131492,229131495,3,7,2373
2575,230357911,230357914,230357916,230357922,230357929,230357941,230357931,230360313,0,230360315,230360318,230360323,3,2,6,13,12,2,2382,-230360313,230360315,3,5,2412
2576,231569768,231569770,231569772,231569778,231569789,231569799,231569786,231572971,0,231572974,231572978,231572982,2,2,6,17,10,-3,3185,-231572971,231572974,4,4,3214
2577,231655077,231655078,231655079,231655084,231655090,231655097,231655091,231657380,0,231657383,231657386,231657390,1,1,5,11,7,1,2289,-231657380,231657383,3,4,2313
2578,241060743,241060745,241060747,241060764,241060786,241060789,241060777,241063998,0,241064002,241064007,241064011,2,2,17,39,3,-9,3221,-241063998,241064002,5,4,3268
2579,247037002,247037003,247037005,247037019,247037037,247037039,247037030,247040298,0,247040301,247040305,247040309,1,2,14,32,2,-7,3268,-247040298,247040301,4,4,3307
2580,247044972,247044974,247044976,247044980,247044987,247044997,247044987,247048118,0,247048121,247048123,247048128,2,2,4,11,10,0,3131,-247048118,247048121,2,5,3156
2581,247448555,247448556,247448558,247448563,247448570,247448571,247448571,247451593,0,247451595,247451598,247451603,1,2,5,12,1,1,3022,-247451593,247451595,3,5,3048
2582,247454152,247454153,247454155,247454158,247454164,247454173,247454165,247457465,0,247457469,247457471,247457476,1,2,3,9,9,1,3300,-247457465,247457469,2,5,3324
2583,247457891,247457892,247457894,247457898,247457904,247457912,247457904,247461062,0,247461065,247461067,247461072,1,2,4,10,8,0,3158,-247461062,247461065,2,5,3181
2584,247475471,247475471,247475473,247475477,247475483,247475492,247475484,247478490,0,247478494,247478498,247478505,0,2,4,10,9,1,3006,-247478490,247478494,4,7,3034
2585,248305779,248305780,248305782,248305787,248305795,248305805,248305794,248309108,0,248309111,248309114,248309118,1,2,5,13,10,-1,3314,-248309108,248309111,3,4,3339
2586,248310643,248310644,248310646,248310650,248310656,248310664,248310656,248313776,0,248313779,248313782,248313786,1,2,4,10,8,0,3120,-248313776,248313779,3,4,3143
2587,248314597,248314598,248314600,248314603,248314609,248314617,248314610,248317791,0,248317794,248317797,248317801,1,2,3,9,8,1,3181,-248317791,248317794,3,4,3204
2588,248319598,248319599,248319601,248319604,248319610,248319619,248319611,248322831,0,248322834,248322837,248322842,1,2,3,9,9,1,3220,-248322831,248322834,3,5,3244
2589,248728695,248728696,248728698,248728702,248728709,248728720,248728712,248731694,0,248731697,248731699,248731704,1,2,4,11,11,3,2982,-248731694,248731697,2,5,3009
2590,249263109,249263112,249263114,249263122,249263131,249263139,249263128,249265570,0,249265573,249265577,249265582,3,2,8,17,8,-3,2442,-249265570,249265573,4,5,2473
2591,249396036,249396037,249396039,249396047,249396056,249396063,249396054,249399168,0,249399170,249399173,249399178,1,2,8,17,7,-2,3114,-249399168,249399170,3,5,3142
2592,250158592,250158593,250158595,250158601,250158611,250158620,250158609,250161831,0,250161833,250161837,250161841,1,2,6,16,9,-2,3222,-250161831,250161833,4,4,3249
2593,250162141,250162142,250162143,250162147,250162154,250162163,250162153,250165275,0,250165278,250165280,250165285,1,1,4,11,9,-1,3122,-250165275,250165278,2,5,3144
2594,251734754,251734755,251734757,251734763,251734770,251734778,251734771,251737865,0,251737867,251737870,251737875,1,2,6,13,8,1,3094,-251737865,251737867,3,5,3121
2595,252387664,252387665,252387667,252387675,252387684,252387694,252387682,252390746,0,252390749,252390753,252390758,1,2,8,17,10,-2,3064,-252390746,252390749,4,5,3094
2596,252489618,252489619,252489621,252489627,252489636,252489646,252489635,252492715,0,252492718,252492721,252492726,1,2,6,15,10,-1,3080,-252492715,252492718,3,5,3108
2597,254253608,254253609,254253611,254253618,254253628,254253641,254253630,254257117,0,254257119,254257123,254257130,1,2,7,17,13,2,3487,-254257117,254257119,4,7,3522
2598,254400042,254400046,254400048,254400054,254400063,254400065,254400060,254403234,0,254403237,254403240,254403244,4,2,6,15,2,-3,3174,-254403234,254403237,3,4,3202
2599,256719565,256719566,256719568,256719576,256719587,256719588,256719584,256722829,0,256722832,256722835,256722840,1,2,8,19,1,-3,3245,-256722829,256722832,3,5,3275
2600,257360153,257360154,257360156,257360162,257360171,257360172,257360169,257363433,0,257363436,257363439,257363444,1,2,6,15,1,-2,3264,-257363433,257363436,3,5,3291
2601,257364207,257364208,257364210,257364214,257364220,257364228,257364220,257367490,0,257367492,257367495,257367503,1,2,4,10,8,0,3270,-257367490,257367492,3,8,3296
2602,257714922,257714923,257714925,257714929,257714936,257714945,257714935,257718117,0,257718119,257718121,257718126,1,2,4,11,9,-1,3182,-257718117,257718119,2,5,3204
2603,258129009,258129010,258129012,258129017,258129024,258129026,258129025,258132364,0,258132367,258132370,258132374,1,2,5,12,2,1,3339,-258132364,258132367,3,4,3365
2604,260778553,260778554,260778555,260778561,260778569,260778578,260778568,260781955,0,260781959,260781962,260781966,1,1,6,14,9,-1,3387,-260781955,260781959,3,4,3413
2605,260899756,260899757,260899759,260899766,260899775,260899784,260899772,260902940,0,260902942,260902946,260902951,1,2,7,16,9,-3,3168,-260902940,260902942,4,5,3195
2606,260903560,260903561,260903563,260903567,260903573,260903582,260903573,260906910,0,260906913,260906915,260906920,1,2,4,10,9,0,3337,-260906910,260906913,2,5,3360
2607,260907976,260907977,260907979,260907983,260907989,260907997,260907989,260911068,0,260911071,260911073,260911078,1,2,4,10,8,0,3079,-260911068,260911071,2,5,3102
2608,260913840,260913840,260913842,260913846,260913851,260913860,260913853,260916973,0,260916975,260916978,260916982,0,2,4,9,9,2,3120,-260916973,260916975,3,4,3142
2609,262163111,262163113,262163115,262163123,262163132,262163141,262163131,262165704,0,262165707,262165710,262165714,2,2,8,17,9,-1,2573,-262165704,262165707,3,4,2603
2610,262934188,262934189,262934191,262934199,262934209,262934210,262934206,262937495,0,262937497,262937503,262937509,1,2,8,18,1,-3,3289,-262937495,262937497,6,6,3321
2611,263438129,263438131,263438133,263438139,263438147,263438155,263438146,263440485,0,263440487,263440492,263440496,2,2,6,14,8,-1,2339,-263440485,263440487,5,4,2367
2612,263871667,263871668,263871670,263871676,263871685,263871695,263871684,263875120,0,263875122,263875125,263875129,1,2,6,15,10,-1,3436,-263875120,263875122,3,4,3462
2613,263957153,263957154,263957156,263957163,263957173,263957174,263957171,263960479,0,263960482,263960487,263960492,1,2,7,17,1,-2,3308,-263960479,263960482,5,5,3339
2614,272198061,272198062,272198064,272198079,272198095,272198096,272198091,272200940,0,272200942,272200948,272200952,1,2,15,31,1,-4,2849,-272200940,272200942,6,4,2891
2615,274696424,274696426,274696427,274696436,274696446,274696457,274696445,274698899,0,274698902,274698905,274698909,2,1,9,19,11,-1,2454,-274698899,274698902,3,4,2485
2616,274696436,274696437,274696457,274696459,274696464,274696485,274696470,274699043,0,274699045,274699046,274699053,1,20,2,7,21,6,2573,-274699043,274699045,1,7,2617
2617,274715439,274715440,274715442,274715445,274715450,274715461,274715452,274717812,0,274717814,274717816,274717822,1,2,3,8,11,2,2360,-274717812,274717814,2,6,2383
2618,275231954,275231956,275231958,275231965,275231977,275231987,275231971,275235352,0,275235355,275235358,275235363,2,2,7,19,10,-6,3381,-275235352,275235355,3,5,3409
2619,276131897,276131898,276131900,276131907,276131918,276131929,276131915,276135095,0,276135098,276135102,276135107,1,2,7,18,11,-3,3180,-276135095,276135098,4,5,3210
2620,287991981,287991982,287991984,287992001,287992017,287992020,287992014,287994471,0,287994475,287994479,287994483,1,2,17,33,3,-3,2457,-287994471,287994475,4,4,2502
2621,288665986,288665988,288665989,288665996,288666003,288666010,288666004,288669010,0,288669013,288669015,288669020,2,1,7,14,7,1,3006,-288669010,288669013,2,5,3034
2622,289028919,289028920,289028922,289028926,289028931,289028939,289028933,289031364,0,289031367,289031370,289031375,1,2,4,9,8,2,2431,-289031364,289031367,3,5,2456
2623,289028964,289028965,289028967,289028969,289028974,289028980,289028974,289031497,0,289031499,289031504,289031509,1,2,2,7,6,0,2523,-289031497,289031499,5,5,2545
2624,292182154,292182155,292182157,292182167,292182181,292182190,292182176,292185348,0,292185350,292185354,292185358,1,2,10,24,9,-5,3172,-292185348,292185350,4,4,3204
2625,293578727,293578730,293578732,293578738,293578746,293578758,293578746,293581917,0,293581920,293581923,293581927,3,2,6,14,12,0,3171,-293581917,293581920,3,4,3200
2626,295623249,295623250,295623252,295623258,295623267,295623276,295623266,295626637,0,295626640,295626642,295626646,1,2,6,15,9,-1,3371,-295626637,295626640,2,4,3397
2627,296927930,296927931,296927933,296927941,296927950,296927962,296927949,296930096,0,296930098,296930102,296930107,1,2,8,17,12,-1,2147,-296930096,296930098,4,5,2177
2628,296991672,296991673,296991674,296991678,296991684,296991694,296991685,296994700,0,296994702,296994705,296994709,1,1,4,10,10,1,3015,-296994700,296994702,3,4,3037
2629,302712290,302712291,302712293,302712304,302712317,302712319,302712315,302714537,0,302714540,302714545,302714549,1,2,11,24,2,-2,2222,-302714537,302714540,5,4,2259
2630,311412975,311412976,311412978,311412995,311413017,311413020,311413008,311416341,0,311416345,311416350,311416355,1,2,17,39,3,-9,3333,-311416341,311416345,5,5,3380
2631,313018475,313018476,313018478,313018485,313018494,313018495,313018494,313021793,0,313021795,313021799,313021804,1,2,7,16,1,0,3299,-313021793,313021795,4,5,3329
2632,314009138,314009139,314009141,314009146,314009153,314009155,314009153,314012522,0,314012524,314012528,314012533,1,2,5,12,2,0,3369,-314012522,314012524,4,5,3395
2633,315242025,315242026,315242028,315242035,315242046,315242056,315242047,315245402,0,315245405,315245409,315245413,1,2,7,18,10,1,3355,-315245402,315245405,4,4,3388
2634,315242927,315242928,315242930,315242936,315242945,315242946,315242942,315246160,0,315246162,315246165,315246169,1,2,6,15,1,-3,3218,-315246160,315246162,3,4,3242
2635,315254497,315254498,315254499,315254506,315254514,315254523,315254514,315257812,0,315257816,315257819,315257823,1,1,7,15,9,0,3298,-315257812,315257816,3,4,3326
2636,318610172,318610173,318610175,318610183,318610196,318610208,318610192,318613413,0,318613416,318613420,318613425,1,2,8,21,12,-4,3221,-318613413,318613416,4,5,3253
2637,318622846,318622847,318622849,318622853,318622859,318622868,318622860,318626174,0,318626176,318626180,318626184,1,2,4,10,9,1,3314,-318626174,318626176,4,4,3338
2638,318626522,318626523,318626524,318626528,318626534,318626543,318626535,318629724,0,318629727,318629730,318629734,1,1,4,10,9,1,3189,-318629724,318629727,3,4,3212
2639,319600285,319600286,319600288,319600296,319600306,319600309,319600304,319603675,0,319603678,319603681,319603685,1,2,8,18,3,-2,3371,-319603675,319603678,3,4,3400
2640,319604586,319604587,319604589,319604593,319604599,319604606,319604599,319607902,0,319607905,319607907,319607912,1,2,4,10,7,0,3303,-319607902,319607905,2,5,3326
2641,321173742,321173743,321173745,321173753,321173763,321173774,321173762,321176985,0,321176988,321176991,321176996,1,2,8,18,11,-1,3223,-321176985,321176988,3,5,3254
2642,321251435,321251436,321251438,321251442,321251450,321251458,321251450,321254658,0,321254661,321254663,321254668,1,2,4,12,8,0,3208,-321254658,321254661,2,5,3233
2643,321402445,321402446,321402448,321402452,321402459,321402468,321402458,321405829,0,321405832,321405834,321405839,1,2,4,11,9,-1,3371,-321405829,321405832,2,5,3394
2644,321408325,321408326,321408328,321408333,321408339,321408347,321408340,321411594,0,321411597,321411600,321411604,1,2,5,11,8,1,3254,-321411594,321411597,3,4,3279
2645,321420744,321420745,321420747,321420751,321420758,321420758,321420758,321424035,0,321424038,321424040,321424045,1,2,4,11,0,0,3277,-321424035,321424038,2,5,3301
2646,321505601,321505602,321505604,321505609,321505616,321505624,321505616,321508949,0,321508952,321508955,321508959,1,2,5,12,8,0,3333,-321508949,321508952,3,4,3358
2647,321509718,321509719,321509721,321509725,321509731,321509739,321509732,321512837,0,321512840,321512842,321512847,1,2,4,10,8,1,3105,-321512837,321512840,2,5,3129
2648,321816888,321816889,321816891,321816896,321816903,321816912,321816904,321820122,0,321820124,321820128,321820133,1,2,5,12,9,1,3218,-321820122,321820124,4,5,3245
2649,324805189,324805192,324805194,324805203,324805214,324805216,324805209,324808717,0,324808721,324808724,324808728,3,2,9,20,2,-5,3508,-324808717,324808721,3,4,3539
2650,324876499,324876500,324876504,324876509,324876518,324876527,324876516,324879783,0,324879786,324879789,324879793,1,4,5,14,9,-2,3267,-324879783,324879786,3,4,3294
2651,326119810,326119811,326119813,326119820,326119829,326119837,326119828,326122585,0,326122588,326122590,326122595,1,2,7,16,8,-1,2757,-326122585,326122588,2,5,2785
2652,327777879,327777881,327777883,327777891,327777899,327777911,327777899,327780321,0,327780324,327780328,327780333,2,2,8,16,12,0,2422,-327780321,327780324,4,5,2454
2653,330444235,330444240,330444242,330444250,330444259,330444268,330444258,330446511,0,330446514,330446517,330446522,5,2,8,17,9,-1,2253,-330446511,330446514,3,5,2287
2654,330480227,330480228,330480230,330480234,330480239,330480256,330480242,330482604,0,330482607,330482609,330482615,1,2,4,9,17,3,2362,-330482604,330482607,2,6,2388
2655,330770337,330770338,330770340,330770343,330770348,330770357,330770351,330772753,0,330772756,330772759,330772764,1,2,3,8,9,3,2402,-330772753,330772756,3,5,2427
2656,336790713,336790715,336790716,336790730,336790744,336790745,336790741,336793214,0,336793218,336793221,336793227,2,1,14,28,1,-3,2473,-336793214,336793218,3,6,2514
2657,337054892,337054892,337054894,337054898,337054903,337054914,337054905,337057613,0,337057616,337057618,337057623,0,2,4,9,11,2,2708,-337057613,337057616,2,5,2731
2658,354261053,354261056,354261058,354261074,354261092,354261094,354261089,354263496,0,354263500,354263507,354263512,3,2,16,34,2,-3,2407,-354263496,354263500,7,5,2459
2659,354270406,354270407,354270409,354270413,354270418,354270429,354270420,354272774,0,354272776,354272779,354272784,1,2,4,9,11,2,2354,-354272774,354272776,3,5,2378
2660,354270413,354270414,354270424,354270426,354270430,354270456,354270445,354272933,0,354272935,354272937,354272948,1,10,2,6,26,15,2488,-354272933,354272935,2,11,2535
2661,354270509,354270510,354270512,354270514,354270519,354270538,354270521,354272942,0,354272944,354272946,354272954,1,2,2,7,19,2,2421,-354272942,354272944,2,8,2445
2662,354270513,354270514,354270524,354270526,354270530,354270538,354270550,354273203,0,354273205,354273207,354273216,1,10,2,6,8,20,2653,-354273203,354273205,2,9,2703
2663,354272874,354272875,354272876,354272879,354272883,354272890,354272885,354275268,0,354275271,354275273,354275277,1,1,3,7,7,2,2383,-354275268,354275271,2,4,2403
2664,354273731,354273732,354273734,354273737,354273742,354273753,354273744,354276020,0,354276023,354276025,354276029,1,2,3,8,11,2,2276,-354276020,354276023,2,4,2298
2665,354275365,354275366,354275368,354275371,354275375,354275381,354275376,354277746,0,354277748,354277750,354277755,1,2,3,7,6,1,2370,-354277746,354277748,2,5,2390
2666,354277312,354277313,354277315,354277317,354277321,354277331,354277323,354279803,0,354279805,354279807,354279811,1,2,2,6,10,2,2480,-354279803,354279805,2,4,2499
2667,355634343,355634344,355634346,355634354,355634362,355634373,355634362,355636558,0,355636560,355636564,355636569,1,2,8,16,11,0,2196,-355636558,355636560,4,5,2226
2668,356609529,356609531,356609533,356609539,356609546,356609554,356609547,356612515,0,356612517,356612521,356612526,2,2,6,13,8,1,2968,-356612515,356612517,4,5,2997
2669,356621516,356621517,356621519,356621523,356621528,356621545,356621531,356623858,0,356623861,356623863,356623868,1,2,4,9,17,3,2327,-356623858,356623861,2,5,2352
2670,358003531,358003532,358003534,358003541,358003550,358003551,358003549,358006093,0,358006096,358006100,358006105,1,2,7,16,1,-1,2544,-358006093,358006096,4,5,2574
2671,358557140,358557141,358557143,358557151,358557161,358557163,358557160,358560649,0,358560652,358560654,358560659,1,2,8,18,2,-1,3489,-358560649,358560652,2,5,3519
2672,359834173,359834174,359834175,359834182,359834190,359834191,359834190,359837011,0,359837013,359837017,359837022,1,1,7,15,1,0,2821,-359837011,359837013,4,5,2849
2673,360922435,360922436,360922438,360922447,360922455,360922456,360922455,360925579,0,360925582,360925585,360925589,1,2,9,17,1,0,3124,-360925579,360925582,3,4,3154
2674,360925936,360925937,360925939,360925943,360925948,360925957,360925950,360928127,0,360928129,360928132,360928137,1,2,4,9,9,2,2177,-360928127,360928129,3,5,2201
2675,370413958,370413960,370413962,370413979,370414002,370414004,370413992,370417275,0,370417278,370417284,370417289,2,2,17,40,2,-10,3283,-370417275,370417278,6,5,3331
2676,373908467,373908469,373908471,373908480,373908492,373908495,373908489,373911854,0,373911857,373911860,373911865,2,2,9,21,3,-3,3365,-373911854,373911857,3,5,3398
2677,380379088,380379089,380379091,380379106,380379122,380379125,380379118,380381546,0,380381550,380381554,380381558,1,2,15,31,3,-4,2428,-380381546,380381550,4,4,2470
2678,383069616,383069620,383069622,383069629,383069638,383069651,383069637,383072113,0,383072116,383072119,383072123,4,2,7,16,13,-1,2476,-383072113,383072116,3,4,2507
2679,383087088,383087089,383087091,383087095,383087100,383087117,383087103,383089679,0,383089682,383089685,383089689,1,2,4,9,17,3,2576,-383089679,383089682,3,4,2601
2680,383565069,383565070,383565072,383565079,383565090,383565097,383565087,383568394,0,383568396,383568399,383568403,1,2,7,18,7,-3,3307,-383568394,383568396,3,4,3334
2681,383565074,383565075,383565097,383565100,383565105,383565122,383565107,383568557,0,383568559,383568561,383568566,1,22,3,8,17,2,3450,-383568557,383568559,2,5,3492
2682,383568469,383568470,383568478,383568482,383568488,383568507,383568493,383571904,0,383571906,383571909,383571913,1,8,4,10,19,5,3411,-383571904,383571906,3,4,3444
2683,384144589,384144590,384144592,384144599,384144607,384144618,384144607,384147246,0,384147249,384147253,384147258,1,2,7,15,11,0,2639,-384147246,384147249,4,5,2669
2684,385465611,385465613,385465615,385465621,385465629,385465630,385465629,385468285,0,385468288,385468291,385468295,2,2,6,14,1,0,2656,-385468285,385468288,3,4,2684
2685,389872271,389872274,389872276,389872287,389872299,389872301,389872297,389874729,0,389874732,389874735,389874740,3,2,11,23,2,-2,2432,-389874729,389874732,3,5,2469
2686,389884263,389884264,389884266,389884272,389884278,389884285,389884279,389886759,0,389886761,389886764,389886768,1,2,6,12,7,1,2480,-389886759,389886761,3,4,2505
2687,389908520,389908521,389908523,389908526,389908531,389908549,389908535,389911028,0,389911031,389911033,389911038,1,2,3,8,18,4,2493,-389911028,389911031,2,5,2518
2688,391260504,391260505,391260507,391260514,391260521,391260534,391260524,391262962,0,391262965,391262968,391262973,1,2,7,14,13,3,2438,-391262962,391262965,3,5,2469
2689,396144171,396144172,396144174,396144186,396144198,396144200,396144196,396146617,0,396146620,396146624,396146628,1,2,12,24,2,-2,2421,-396146617,396146620,4,4,2457
2690,397893407,397893408,397893410,397893417,397893425,397893433,397893425,397896474,0,397896477,397896480,397896484,1,2,7,15,8,0,3049,-397896474,397896477,3,4,3077
2691,398409465,398409466,398409468,398409473,398409480,398409487,398409481,398412786,0,398412789,398412791,398412796,1,2,5,12,7,1,3305,-398412786,398412789,2,5,3331
2692,399115915,399115916,399115918,399115923,399115931,399115939,399115931,399119499,0,399119504,399119507,399119512,1,2,5,13,8,0,3568,-399119499,399119504,3,5,3597
2693,399747903,399747904,399747906,399747911,399747917,399747929,399747919,399751087,0,399751090,399751093,399751097,1,2,5,11,12,2,3168,-399751087,399751090,3,4,3194
2694,400190844,400190847,400190849,400190855,400190866,400190873,400190862,400194353,0,400194355,400194360,400194365,3,2,6,17,7,-4,3491,-400194353,400194355,5,5,3521
2695,402293942,402293943,402293944,402293951,402293958,402293966,402293959,402296232,0,402296235,402296238,402296242,1,1,7,14,8,1,2273,-402296232,402296235,3,4,2300
2696,402678717,402678718,402678720,402678725,402678731,402678743,402678733,402681081,0,402681084,402681086,402681091,1,2,5,11,12,2,2348,-402681081,402681084,2,5,2374
2697,405589739,405589741,405589743,405589753,405589766,405589767,405589764,405592247,0,405592250,405592254,405592259,2,2,10,23,1,-2,2483,-405592247,405592250,4,5,2520
2698,406709099,406709100,406709102,406709119,406709134,406709137,406709135,406711972,0,406711975,406711979,406711984,1,2,17,32,3,1,2837,-406711972,406711975,4,5,2885
2699,409117974,409117976,409117978,409117987,409117997,409118010,409117996,409120307,0,409120310,409120313,409120318,2,2,9,19,13,-1,2311,-409120307,409120310,3,5,2344
2700,409121456,409121457,409121459,409121462,409121467,409121478,409121469,409124733,0,409124736,409124738,409124743,1,2,3,8,11,2,3264,-409124733,409124736,2,5,3287
2701,413915788,413915789,413915791,413915803,413915815,413915817,413915812,413919328,0,413919331,413919337,413919341,1,2,12,24,2,-3,3516,-413919328,413919331,6,4,3553
2702,414314262,414314263,414314265,414314273,414314280,414314282,414314280,414317659,0,414317661,414317664,414317668,1,2,8,15,2,0,3379,-414317659,414317661,3,4,3406
2703,414633153,414633154,414633156,414633161,414633168,414633175,414633168,414635922,0,414635925,414635928,414635932,1,2,5,12,7,0,2754,-414635922,414635925,3,4,2779
2704,415556001,415556002,415556004,415556009,415556015,415556028,415556017,415558599,0,415558601,415558604,415558608,1,2,5,11,13,2,2582,-415558599,415558601,3,4,2607
2705,416666136,416666137,416666139,416666144,416666150,416666163,416666152,416669017,0,416669021,416669023,416669028,1,2,5,11,13,2,2865,-416669017,416669021,2,5,2892
2706,417091017,417091018,417091020,417091026,417091033,417091034,417091032,417093916,0,417093919,417093924,417093929,1,2,6,13,1,-1,2884,-417093916,417093919,5,5,2912
2707,417402471,417402472,417402474,417402479,417402485,417402495,417402486,417405590,0,417405594,417405598,417405602,1,2,5,11,10,1,3104,-417405590,417405594,4,4,3131
2708,424049448,424049450,424049452,424049466,424049481,424049483,424049478,424052414,0,424052417,424052420,424052425,2,2,14,29,2,-3,2936,-424052414,424052417,3,5,2977
2709,446173164,446173165,446173167,446173184,446173201,446173221,446173201,446175710,0,446175713,446175717,446175722,1,2,17,34,20,0,2509,-446175710,446175713,4,5,2558
2710,450402847,450402849,450402851,450402863,450402876,450402878,450402873,450405591,0,450405593,450405598,450405604,2,2,12,25,2,-3,2718,-450405591,450405593,5,6,2757
2711,452848563,452848564,452848566,452848572,452848580,452848591,452848581,452851702,0,452851705,452851709,452851713,1,2,6,14,11,1,3121,-452851702,452851705,4,4,3150
2712,461342468,461342469,461342471,461342485,461342500,461342505,461342497,461345362,0,461345365,461345371,461345376,1,2,14,29,5,-3,2865,-461345362,461345365,6,5,2908
2713,465170593,465170594,465170596,465170607,465170618,465170631,465170617,465173055,0,465173058,465173061,465173067,1,2,11,22,13,-1,2438,-465173055,465173058,3,6,2474
2714,465362795,465362796,465362798,465362802,465362808,465362815,465362809,465365212,0,465365214,465365217,465365221,1,2,4,10,7,1,2403,-465365212,465365214,3,4,2426
2715,470019726,470019730,470019732,470019745,470019761,470019764,470019755,470023319,0,470023322,470023325,470023331,4,2,13,29,3,-6,3564,-470023319,470023322,3,6,3605
2716,474284474,474284477,474284479,474284491,474284510,474284512,474284505,474287947,0,474287951,474287954,474287959,3,2,12,31,2,-5,3442,-474287947,474287951,3,5,3485
2717,476381651,476381653,476381655,476381662,476381672,476381679,476381670,476384846,0,476384848,476384851,476384859,2,2,7,17,7,-2,3176,-476384846,476384848,3,8,3208
2718,476398646,476398647,476398649,476398654,476398661,476398678,476398660,476401866,0,476401868,476401871,476401876,1,2,5,12,17,-1,3206,-476401866,476401868,3,5,3230
2719,476398663,476398664,476398667,476398671,476398677,476398709,476398695,476401992,0,476401994,476401997,476402001,1,3,4,10,32,18,3297,-476401992,476401994,3,4,3338
2720,476810823,476810824,476810825,476810832,476810840,476810848,476810839,476814191,0,476814193,476814196,476814201,1,1,7,15,8,-1,3352,-476814191,476814193,3,5,3378
2721,477687780,477687783,477687785,477687791,477687799,477687810,477687800,477691024,0,477691027,477691030,477691034,3,2,6,14,11,1,3224,-477691024,477691027,3,4,3254
2722,477687792,477687793,477687805,477687807,477687813,477687838,477687825,477691188,0,477691190,477691192,477691196,1,12,2,8,25,12,3363,-477691188,477691190,2,4,3404
2723,478258985,478258988,478258990,478258995,478259002,478259004,478259003,478261466,0,478261469,478261473,478261478,3,2,5,12,2,1,2463,-478261466,478261469,4,5,2493
2724,478460601,478460602,478460604,478460611,478460618,478460625,478460617,478464006,0,478464010,478464012,478464017,1,2,7,14,7,-1,3389,-478464006,478464010,2,5,3416
2725,479211009,479211011,479211013,479211018,479211026,479211039,479211026,479214677,0,479214680,479214682,479214687,2,2,5,13,13,0,3651,-479214677,479214680,2,5,3678
2726,479211016,479211016,479211033,479211036,479211041,479211080,479211050,479214830,0,479214832,479214834,479214838,0,17,3,8,39,9,3780,-479214830,479214832,2,4,3822
2727,479211028,479211029,479211046,479211048,479211053,479211080,479211057,479214898,0,479214900,479214902,479214906,1,17,2,7,27,4,3841,-479214898,479214900,2,4,3878
2728,479658689,479658690,479658692,479658697,479658705,479658720,479658704,479662280,0,479662283,479662285,479662290,1,2,5,13,15,-1,3576,-479662280,479662283,2,5,3601
2729,479658693,479658694,479658711,479658713,479658719,479658745,479658733,479662414,0,479662416,479662417,479662422,1,17,2,8,26,14,3681,-479662414,479662416,1,5,3729
2730,481707311,481707312,481707314,481707326,481707337,481707350,481707334,481710653,0,481710656,481710660,481710665,1,2,12,23,13,-3,3319,-481710653,481710656,4,5,3354
2731,484879972,484879976,484879978,484879987,484879998,484880000,484879995,484883554,0,484883557,484883560,484883564,4,2,9,20,2,-3,3559,-484883554,484883557,3,4,3592
2732,486802207,486802209,486802211,486802219,486802228,486802237,486802227,486805768,0,486805771,486805774,486805778,2,2,8,17,9,-1,3541,-486805768,486805771,3,4,3571
2733,486819042,486819043,486819045,486819050,486819056,486819067,486819057,486822537,0,486822539,486822542,486822546,1,2,5,11,11,1,3480,-486822537,486822539,3,4,3504
2734,494679843,494679847,494679848,494679864,494679880,494679881,494679876,494682357,0,494682361,494682365,494682371,4,1,16,32,1,-4,2481,-494682357,494682361,4,6,2528
2735,498771209,498771212,498771214,498771228,498771245,498771248,498771239,498774715,0,498774718,498774722,498774727,3,2,14,31,3,-6,3476,-498774715,498774718,4,5,3518
2736,499010891,499010892,499010893,499010898,499010905,499010906,499010905,499014421,0,499014424,499014426,499014431,1,1,5,12,1,0,3516,-499014421,499014424,2,5,3540
2737,499232328,499232331,499232352,499232357,499232363,499232375,499232369,499234928,0,499234930,499234932,499234936,3,21,5,11,12,6,2559,-499234928,499234930,2,4,2608
2738,499232329,499232330,499232332,499232340,499232349,499232351,499232347,499234873,0,499234876,499234879,499234883,1,2,8,17,2,-2,2526,-499234873,499234876,3,4,2554
2739,503118380,503118383,503118385,503118395,503118408,503118410,503118405,503121863,0,503121866,503121869,503121873,3,2,10,23,2,-3,3458,-503121863,503121866,3,4,3493
2740,505701928,505701931,505701933,505701940,505701952,505701960,505701949,505705537,0,505705540,505705542,505705547,3,2,7,19,8,-3,3588,-505705537,505705540,2,5,3619
2741,505746864,505746865,505746868,505746872,505746879,505746886,505746879,505750368,0,505750372,505750374,505750379,1,3,4,11,7,0,3489,-505750368,505750372,2,5,3515
2742,510817039,510817042,510817044,510817057,510817073,510817074,510817068,510820736,0,510820739,510820743,510820748,3,2,13,29,1,-5,3668,-510820736,510820739,4,5,3709
2743,510821291,510821292,510821294,510821299,510821306,510821312,510821306,510824726,0,510824728,510824731,510824735,1,2,5,12,6,0,3420,-510824726,510824728,3,4,3444
2744,511544476,511544477,511544479,511544484,511544491,511544492,511544491,511547970,0,511547973,511547975,511547980,1,2,5,12,1,0,3479,-511547970,511547973,2,5,3504
2745,512199280,512199281,512199283,512199288,512199296,512199308,512199298,512202845,0,512202848,512202851,512202855,1,2,5,13,12,2,3547,-512202845,512202848,3,4,3575
2746,519221269,519221272,519221274,519221290,519221310,519221313,519221302,519224720,0,519224723,519224727,519224731,3,2,16,36,3,-8,3418,-519224720,519224723,4,4,3462
2747,524500038,524500041,524500043,524500055,524500072,524500074,524500065,524503437,0,524503440,524503444,524503448,3,2,12,29,2,-7,3372,-524503437,524503440,4,4,3410
2748,531966697,531966698,531966700,531966716,531966731,531966733,531966728,531969792,0,531969795,531969800,531969804,1,2,16,31,2,-3,3064,-531969792,531969795,5,4,3107
2749,537551314,537551317,537551319,537551333,537551345,537551348,537551344,537554056,0,537554059,537554063,537554068,3,2,14,26,3,-1,2712,-537554056,537554059,4,5,2754
2750,540349781,540349784,540349786,540349795,540349804,540349806,540349804,540352919,0,540352922,540352925,540352930,3,2,9,18,2,0,3115,-540352919,540352922,3,5,3149
2751,544896164,544896165,544896167,544896177,544896188,544896202,544896187,544898572,0,544898574,544898579,544898584,1,2,10,21,14,-1,2385,-544898572,544898574,5,5,2420
2752,545661416,545661417,545661419,545661425,545661432,545661441,545661432,545663973,0,545663976,545663980,545663984,1,2,6,13,9,0,2541,-545663973,545663976,4,4,2568
2753,552134325,552134328,552134330,552134344,552134358,552134360,552134355,552136760,0,552136763,552136767,552136772,3,2,14,28,2,-3,2405,-552136760,552136763,4,5,2447
2754,554837151,554837155,554837158,554837166,554837174,554837184,554837173,554839731,0,554839734,554839737,554839741,4,3,8,16,10,-1,2558,-554839731,554839734,3,4,2590
2755,559566149,559566150,559566152,559566165,559566181,559566184,559566175,559569505,0,559569508,559569512,559569516,1,2,13,29,3,-6,3330,-559569505,559569508,4,4,3367
2756,563611761,563611763,563611765,563611776,563611787,563611802,563611789,563614679,0,563614682,563614685,563614690,2,2,11,22,15,2,2890,-563614679,563614682,3,5,2929
2757,563643630,563643632,563643634,563643637,563643642,563643658,563643646,563645874,0,563645876,563645879,563645883,2,2,3,8,16,4,2228,-563645874,563645876,3,4,2253
2758,571540033,571540035,571540037,571540052,571540068,571540071,571540063,571542235,0,571542239,571542244,571542249,2,2,15,31,3,-5,2172,-571542235,571542239,5,5,2216
2759,573236322,573236325,573236327,573236335,573236343,573236353,573236342,573238961,0,573238963,573238966,573238971,3,2,8,16,10,-1,2619,-573238961,573238963,3,5,2649
2760,573239434,573239435,573239436,573239440,573239445,573239456,573239446,573241558,0,573241561,573241563,573241568,1,1,4,9,11,1,2112,-573241558,573241561,2,5,2134
2761,573865932,573865933,573865935,573865942,573865953,573865961,573865949,573869162,0,573869165,573869168,573869173,1,2,7,18,8,-4,3213,-573869162,573869165,3,5,3241
2762,574426963,574426964,574426966,574426972,574426980,574426992,574426979,574430214,0,574430216,574430219,574430224,1,2,6,14,12,-1,3235,-574430214,574430216,3,5,3261
2763,574762911,574762912,574762914,574762921,574762929,574762937,574762929,574766227,0,574766230,574766233,574766237,1,2,7,15,8,0,3298,-574766227,574766230,3,4,3326
2764,577246364,577246367,577246369,577246375,577246383,577246395,577246384,577248845,0,577248847,577248850,577248854,3,2,6,14,12,1,2461,-577248845,577248847,3,4,2490
2765,578471290,578471293,578471295,578471302,578471311,578471319,578471310,578474712,0,578474716,578474718,578474722,3,2,7,16,8,-1,3402,-578474712,578474716,2,4,3432
2766,578519229,578519230,578519232,578519236,578519243,578519250,578519243,578522666,0,578522668,578522671,578522676,1,2,4,11,7,0,3423,-578522666,578522668,3,5,3447
2767,582492176,582492180,582492180,582492191,582492203,582492205,582492201,582495141,0,582495144,582495148,582495153,4,0,11,23,2,-2,2940,-582495141,582495144,4,5,2977
2768,582532407,582532408,582532410,582532415,582532421,582532430,582532423,582534671,0,582534673,582534676,582534680,1,2,5,11,9,2,2248,-582534671,582534673,3,4,2273
2769,582534873,582534874,582534876,582534879,582534884,582534891,582534886,582537411,0,582537413,582537418,582537423,1,2,3,8,7,2,2525,-582537411,582537413,5,5,2550
2770,584320344,584320345,584320347,584320352,584320358,584320369,584320360,584322889,0,584322892,584322894,584322899,1,2,5,11,11,2,2529,-584322889,584322892,2,5,2555
2771,585607542,585607544,585607546,585607554,585607567,585607569,585607563,585610837,0,585610840,585610844,585610849,2,2,8,21,2,-4,3274,-585610837,585610840,4,5,3307
2772,589600236,589600239,589600241,589600252,589600265,589600267,589600263,589602727,0,589602730,589602733,589602739,3,2,11,24,2,-2,2464,-589602727,589602730,3,6,2503
2773,597864494,597864497,597864499,597864521,597864542,597864544,597864533,597867967,0,597867971,597867975,597867979,3,2,22,43,2,-9,3434,-597867967,597867971,4,4,3485
2774,598872992,598872993,598872995,598873002,598873011,598873012,598873011,598876449,0,598876452,598876455,598876459,1,2,7,16,1,0,3438,-598876449,598876452,3,4,3467
2775,599923648,599923649,599923651,599923656,599923664,599923675,599923664,599927186,0,599927189,599927192,599927197,1,2,5,13,11,0,3522,-599927186,599927189,3,5,3549
2776,600315827,600315828,600315830,600315835,600315843,600315853,600315842,600319258,0,600319261,600319263,600319268,1,2,5,13,10,-1,3416,-600319258,600319261,2,5,3441
2777,603450818,603450819,603450821,603450832,603450842,603450845,603450841,603453328,0,603453331,603453336,603453340,1,2,11,21,3,-1,2487,-603453328,603453331,5,4,2522
2778,606594233,606594236,606594238,606594246,606594256,606594258,606594255,606597443,0,606597446,606597449,606597453,3,2,8,18,2,-1,3188,-606597443,606597446,3,4,3220
2779,610783921,610783922,610783924,610783935,610783951,610783953,610783945,610787414,0,610787418,610787421,610787426,1,2,11,27,2,-6,3469,-610787414,610787418,3,5,3505
2780,611735224,611735225,611735227,611735234,611735242,611735245,611735242,611738141,0,611738144,611738148,611738153,1,2,7,15,3,0,2899,-611738141,611738144,4,5,2929
2781,611748607,611748608,611748610,611748614,611748618,611748628,611748621,611750901,0,611750903,611750906,611750910,1,2,4,8,10,3,2280,-611750901,611750903,3,4,2303
2782,611752898,611752899,611752901,611752904,611752908,611752917,611752910,611756216,0,611756219,611756222,611756227,1,2,3,7,9,2,3306,-611756216,611756219,3,5,3329
2783,612559549,612559553,612559555,612559562,612559572,612559574,612559570,612562798,0,612562800,612562803,612562808,4,2,7,17,2,-2,3228,-612562798,612562800,3,5,3259
2784,613282627,613282628,613282630,613282637,613282643,613282651,613282644,613285098,0,613285101,613285103,613285108,1,2,7,13,8,1,2454,-613285098,613285101,2,5,2481
2785,613283005,613283006,613283008,613283010,613283015,613283026,613283017,613286336,0,613286339,613286341,613286345,1,2,2,7,11,2,3319,-613286336,613286339,2,4,3340
2786,614312374,614312375,614312377,614312383,614312391,614312398,614312391,614314757,0,614314760,614314762,614314767,1,2,6,14,7,0,2366,-614314757,614314760,2,5,2393
2787,615375399,615375401,615375403,615375409,615375416,615375427,615375417,615378703,0,615378706,615378709,615378713,2,2,6,13,11,1,3286,-615378703,615378706,3,4,3314
2788,615399392,615399393,615399395,615399398,615399403,615399422,615399407,615401852,0,615401854,615401857,615401862,1,2,3,8,19,4,2445,-615401852,615401854,3,5,2470
2789,616700441,616700446,616700448,616700453,616700459,616700471,616700462,616702777,0,616702779,616702782,616702787,5,2,5,11,12,3,2315,-616702777,616702779,3,5,2346
2790,627645552,627645554,627645555,627645574,627645596,627645598,627645586,627648744,0,627648747,627648752,627648756,2,1,19,41,2,-10,3158,-627648744,627648747,5,4,3204
2791,628023313,628023314,628023316,628023321,628023328,628023335,628023329,628026480,0,628026483,628026486,628026490,1,2,5,12,7,1,3151,-628026480,628026483,3,4,3177
2792,632493971,632493974,632493976,632493987,632494001,632494017,632493996,632497243,0,632497246,632497249,632497254,3,2,11,25,16,-5,3247,-632497243,632497246,3,5,3283
2793,633333981,633333983,633333985,633333990,633333998,633334005,633333998,633337367,0,633337370,633337372,633337377,2,2,5,13,7,0,3369,-633337367,633337370,2,5,3396
2794,634778542,634778543,634778545,634778551,634778560,634778572,634778559,634781890,0,634781893,634781896,634781900,1,2,6,15,12,-1,3331,-634781890,634781893,3,4,3358
2795,635068737,635068738,635068740,635068744,635068751,635068758,635068751,635072084,0,635072087,635072091,635072096,1,2,4,11,7,0,3333,-635072084,635072087,4,5,3359
2796,635184689,635184690,635184692,635184696,635184702,635184709,635184702,635187887,0,635187890,635187892,635187896,1,2,4,10,7,0,3185,-635187887,635187890,2,4,3207
2797,637895621,637895624,637895626,637895635,637895646,637895660,637895645,637898902,0,637898906,637898908,637898913,3,2,9,20,14,-1,3257,-637898902,637898906,2,5,3292
2798,639541849,639541851,639541854,639541861,639541871,639541880,639541869,639545185,0,639545188,639545191,639545195,2,3,7,17,9,-2,3316,-639545185,639545188,3,4,3346
2799,639588986,639588987,639588989,639588993,639589000,639589006,639589000,639592253,0,639592256,639592258,639592263,1,2,4,11,6,0,3253,-639592253,639592256,2,5,3277
2800,640363342,640363343,640363344,640363350,640363358,640363359,640363358,640366786,0,640366788,640366791,640366796,1,1,6,14,1,0,3428,-640366786,640366788,3,5,3454
2801,641373633,641373636,641373638,641373643,641373652,641373664,641373651,641376991,0,641376993,641376998,641377004,3,2,5,14,12,-1,3340,-641376991,641376993,5,6,3371
2802,642197776,642197777,642197779,642197785,642197793,642197804,642197792,642201124,0,642201127,642201129,642201134,1,2,6,14,11,-1,3332,-642201124,642201127,2,5,3358
2803,654700916,654700919,654700921,654700938,654700956,654700959,654700951,654703128,0,654703132,654703136,654703141,3,2,17,35,3,-5,2177,-654703128,654703132,4,5,2225
2804,654720927,654720928,654720931,654720935,654720941,654720957,654720943,654723116,0,654723119,654723122,654723126,1,3,4,10,16,2,2173,-654723116,654723119,3,4,2199
2805,660292358,660292360,660292362,660292375,660292389,660292392,660292386,660294805,0,660294808,660294812,660294817,2,2,13,27,3,-3,2419,-660294805,660294808,4,5,2459
2806,670555512,670555515,670555517,670555534,670555551,670555553,670555547,670557921,0,670557925,670557929,670557933,3,2,17,34,2,-4,2374,-670557921,670557925,4,4,2421
2807,671093207,671093208,671093210,671093214,671093220,671093238,671093222,671095955,0,671095958,671095961,671095966,1,2,4,10,18,2,2733,-671095955,671095958,3,5,2759
2808,672629244,672629247,672629249,672629255,672629263,672629271,672629264,672631702,0,672631705,672631708,672631712,3,2,6,14,8,1,2438,-672631702,672631705,3,4,2468
2809,686082603,686082604,686082606,686082623,686082640,686082643,686082636,686084859,0,686084862,686084868,686084872,1,2,17,34,3,-4,2223,-686084859,686084862,6,4,2269
2810,686601973,686601974,686601976,686601981,686601987,686601997,686601988,686604434,0,686604437,686604439,686604444,1,2,5,11,10,1,2446,-686604434,686604437,2,5,2471
2811,689014130,689014131,689014132,689014141,689014150,689014151,689014150,689016605,0,689016608,689016612,689016616,1,1,9,18,1,0,2455,-689016605,689016608,4,4,2486
2812,693119671,693119673,693119674,693119683,693119694,693119696,693119692,693121920,0,693121923,693121927,693121931,2,1,9,20,2,-2,2228,-693121920,693121923,4,4,2260
2813,699547625,699547628,699547630,699547644,699547659,699547661,699547657,699550018,0,699550021,699550025,699550030,3,2,14,29,2,-2,2361,-699550018,699550021,4,5,2405
2814,699550364,699550366,699550367,699550371,699550376,699550384,699550377,699553207,0,699553210,699553212,699553217,2,1,4,9,8,1,2830,-699553207,699553210,2,5,2853
2815,699713121,699713122,699713125,699713129,699713135,699713155,699713137,699715526,0,699715529,699715531,699715536,1,3,4,10,20,2,2389,-699715526,699715529,2,5,2415
2816,699731031,699731032,699731033,699731038,699731043,699731055,699731045,699733155,0,699733157,699733159,699733164,1,1,5,10,12,2,2110,-699733155,699733157,2,5,2133
2817,700091407,700091408,700091410,700091414,700091419,700091428,700091421,700093617,0,700093619,700093623,700093628,1,2,4,9,9,2,2196,-700093617,700093619,4,5,2221
2818,700093792,700093793,700093795,700093798,700093802,700093818,700093805,700095994,0,700095997,700095999,700096004,1,2,3,7,16,3,2189,-700095994,700095997,2,5,2212
2819,700539374,700539376,700539377,700539383,700539389,700539400,700539390,700541762,0,700541764,700541769,700541774,2,1,6,12,11,1,2372,-700541762,700541764,5,5,2400
2820,700542960,700542961,700542963,700542967,700542971,700542988,700542974,700545884,0,700545887,700545889,700545894,1,2,4,8,17,3,2910,-700545884,700545887,2,5,2934
2821,703657291,703657293,703657295,703657305,703657320,703657322,703657315,703660644,0,703660648,703660651,703660655,2,2,10,25,2,-5,3329,-703660644,703660648,3,4,3364
2822,703950232,703950233,703950234,703950238,703950245,703950246,703950245,703953476,0,703953479,703953481,703953486,1,1,4,11,1,0,3231,-703953476,703953479,2,5,3254
2823,706313278,706313280,706313282,706313289,706313299,706313309,706313298,706316558,0,706316561,706316564,706316568,2,2,7,17,10,-1,3260,-706316558,706316561,3,4,3290
2824,710894529,710894530,710894532,710894543,710894558,710894560,710894554,710897947,0,710897950,710897953,710897957,1,2,11,26,2,-4,3393,-710897947,710897950,3,4,3428
2825,712478248,712478249,712478251,712478258,712478269,712478278,712478268,712481451,0,712481454,712481456,712481461,1,2,7,18,9,-1,3183,-712481451,712481454,2,5,3213
2826,712478337,712478338,712478340,712478343,712478349,712478359,712478350,712481585,0,712481587,712481589,712481594,1,2,3,9,10,1,3235,-712481585,712481587,2,5,3257
2827,712686714,712686715,712686717,712686724,712686731,712686739,712686732,712689120,0,712689122,712689125,712689129,1,2,7,14,8,1,2388,-712689120,712689122,3,4,2415
2828,712807249,712807250,712807252,712807256,712807264,712807271,712807263,712810638,0,712810640,712810643,712810647,1,2,4,12,7,-1,3375,-712810638,712810640,3,4,3398
2829,714934132,714934135,714934137,714934144,714934152,714934153,714934152,714936499,0,714936506,714936508,714936513,3,2,7,15,1,0,2347,-714936499,714936506,2,5,2381
2830,715311160,715311161,715311163,715311168,715311175,715311185,715311174,715314542,0,715314545,715314547,715314552,1,2,5,12,10,-1,3368,-715314542,715314545,2,5,3392
2831,715312926,715312926,715312929,715312932,715312937,715312948,715312938,715316141,0,715316143,715316145,715316150,0,3,3,8,11,1,3203,-715316141,715316143,2,5,3224
2832,725286550,725286553,725286556,725286573,725286594,725286596,725286586,725290092,0,725290096,725290100,725290104,3,3,17,38,2,-8,3506,-725290092,725290096,4,4,3554
2833,725286560,725286561,725286606,725286609,725286616,725286638,725286625,725290204,0,725290206,725290208,725290212,1,45,3,10,22,9,3579,-725290204,725290206,2,4,3652
2834,727394542,727394543,727394545,727394553,727394562,727394570,727394561,727397968,0,727397970,727397973,727397977,1,2,8,17,8,-1,3407,-727397968,727397970,3,4,3435
2835,727396050,727396051,727396053,727396057,727396063,727396077,727396062,727399245,0,727399247,727399249,727399254,1,2,4,10,14,-1,3183,-727399245,727399247,2,5,3204
2836,730512799,730512801,730512803,730512813,730512823,730512833,730512823,730515350,0,730515353,730515356,730515361,2,2,10,20,10,0,2527,-730515350,730515353,3,5,2562
2837,733160206,733160210,733160212,733160221,733160234,733160243,733160230,733163610,0,733163613,733163616,733163620,4,2,9,22,9,-4,3380,-733163610,733163613,3,4,3414
2838,741787571,741787575,741787577,741787595,741787616,741787618,741787608,741790899,0,741790902,741790907,741790912,4,2,18,39,2,-8,3291,-741790899,741790902,5,5,3341
2839,749207205,749207208,749207210,749207226,749207247,749207249,749207239,749210942,0,749210945,749210949,749210954,3,2,16,37,2,-8,3703,-749210942,749210945,4,5,3749
2840,750971177,750971178,750971180,750971189,750971198,750971211,750971198,750973589,0,750973593,750973597,750973602,1,2,9,18,13,0,2391,-750973589,750973593,4,5,2425
2841,763389272,763389275,763389277,763389295,763389316,763389319,763389306,763392897,0,763392900,763392905,763392910,3,2,18,39,3,-10,3591,-763392897,763392900,5,5,3638
2842,770981106,770981108,770981110,770981125,770981141,770981144,770981138,770983528,0,770983532,770983536,770983540,2,2,15,31,3,-3,2390,-770983528,770983532,4,4,2434
2843,775353773,775353774,775353776,775353788,775353806,775353808,775353798,775357114,0,775357117,775357122,775357127,1,2,12,30,2,-8,3316,-775357114,775357117,5,5,3354
2844,777318762,777318766,777318768,777318777,777318789,777318790,777318786,777322371,0,777322373,777322377,777322380,4,2,9,21,1,-3,3585,-777322371,777322373,4,3,3618
2845,798973514,798973516,798973518,798973534,798973551,798973554,798973547,798976107,0,798976110,798976114,798976119,2,2,16,33,3,-4,2560,-798976107,798976110,4,5,2605
2846,804709921,804709925,804709927,804709941,804709959,804709962,804709952,804713405,0,804713409,804713412,804713417,4,2,14,32,3,-7,3453,-804713405,804713409,3,5,3496
2847,804842233,804842235,804842237,804842242,804842250,804842261,804842249,804845875,0,804845877,804845880,804845884,2,2,5,13,11,-1,3626,-804845875,804845877,3,4,3651
2848,808170753,808170754,808170756,808170766,808170780,808170793,808170776,808174085,0,808174088,808174092,808174097,1,2,10,24,13,-4,3309,-808174085,808174088,4,5,3344
2849,808258411,808258413,808258414,808258420,808258428,808258436,808258426,808262035,0,808262040,808262043,808262047,2,1,6,14,8,-2,3609,-808262035,808262040,3,4,3636
2850,808760513,808760518,808760519,808760525,808760534,808760542,808760533,808764073,0,808764076,808764078,808764083,5,1,6,15,8,-1,3540,-808764073,808764076,2,5,3570
2851,808829476,808829477,808829479,808829484,808829492,808829505,808829491,808832722,0,808832724,808832727,808832732,1,2,5,13,13,-1,3231,-808832722,808832724,3,5,3256
2852,808991984,808991985,808991987,808991992,808991999,808992009,808991999,808995386,0,808995388,808995393,808995399,1,2,5,12,10,0,3387,-808995386,808995388,5,6,3415
2853,809064337,809064338,809064340,809064345,809064353,809064360,809064352,809067596,0,809067599,809067601,809067606,1,2,5,13,7,-1,3244,-809067596,809067599,2,5,3269
2854,809971247,809971247,809971249,809971255,809971263,809971273,809971262,809974726,0,809974728,809974733,809974737,0,2,6,14,10,-1,3464,-809974726,809974728,5,4,3490
2855,809971969,809971970,809971972,809971976,809971982,809971983,809971982,809975131,0,809975133,809975136,809975140,1,2,4,10,1,0,3149,-809975131,809975133,3,4,3171
2856,810616674,810616677,810616679,810616687,810616697,810616704,810616695,810620227,0,810620230,810620233,810620237,3,2,8,18,7,-2,3532,-810620227,810620230,3,4,3563
2857,812465865,812465866,812465868,812465876,812465887,812465897,812465884,812469359,0,812469362,812469366,812469371,1,2,8,19,10,-3,3475,-812469359,812469362,4,5,3506
2858,813285892,813285893,813285895,813285902,813285910,813285918,813285910,813289235,0,813289237,813289240,813289245,1,2,7,15,8,0,3325,-813289235,813289237,3,5,3353
2859,813286735,813286736,813286738,813286741,813286747,813286759,813286747,813289936,0,813289938,813289941,813289945,1,2,3,9,12,0,3189,-813289936,813289938,3,4,3210
2860,813459790,813459790,813459792,813459798,813459805,813459815,813459804,813463294,0,813463296,813463299,813463303,0,2,6,13,10,-1,3490,-813463294,813463296,3,4,3513
2861,813915510,813915511,813915513,813915519,813915527,813915539,813915526,813918951,0,813918954,813918957,813918961,1,2,6,14,12,-1,3425,-813918951,813918954,3,4,3451
2862,814359794,814359795,814359797,814359801,814359808,814359820,814359808,814363247,0,814363250,814363254,814363259,1,2,4,11,12,0,3439,-814363247,814363250,4,5,3465
2863,817689831,817689833,817689835,817689846,817689858,817689860,817689855,817693393,0,817693396,817693400,817693404,2,2,11,23,2,-3,3538,-817693393,817693396,4,4,3573
2864,819289041,819289042,819289044,819289051,819289060,819289068,819289059,819292609,0,819292611,819292614,819292618,1,2,7,16,8,-1,3550,-819292609,819292611,3,4,3577
2865,819741712,819741713,819741714,819741721,819741729,819741737,819741728,819745285,0,819745289,819745291,819745296,1,1,7,15,8,-1,3557,-819745285,819745289,2,5,3584
2866,820548506,820548507,820548509,820548514,820548521,820548528,820548521,820551929,0,820551931,820551934,820551939,1,2,5,12,7,0,3408,-820551929,820551931,3,5,3433
2867,822261508,822261510,822261511,822261521,822261532,822261540,822261529,822264769,0,822264772,822264775,822264779,2,1,10,21,8,-3,3240,-822264769,822264772,3,4,3271
2868,823166711,823166712,823166714,823166719,823166728,823166739,823166727,823170105,0,823170109,823170112,823170116,1,2,5,14,11,-1,3378,-823170105,823170109,3,4,3405
2869,823999344,823999344,823999346,823999353,823999361,823999368,823999361,824002827,0,824002830,824002833,824002837,0,2,7,15,7,0,3466,-824002827,824002830,3,4,3493
2870,823999372,823999373,823999375,823999378,823999383,823999394,823999382,824003004,0,824003006,824003008,824003016,1,2,3,8,11,-1,3622,-824003004,824003006,2,8,3644
2871,824126591,824126592,824126594,824126602,824126610,824126611,824126608,824129957,0,824129960,824129963,824129969,1,2,8,16,1,-2,3349,-824129957,824129960,3,6,3378
2872,824127056,824127057,824127060,824127063,824127068,824127074,824127069,824130155,0,824130157,824130159,824130163,1,3,3,8,6,1,3086,-824130155,824130157,2,4,3107
2873,824793768,824793769,824793771,824793779,824793790,824793801,824793788,824797276,0,824797278,824797282,824797287,1,2,8,19,11,-2,3488,-824797276,824797278,4,5,3519
2874,828966516,828966517,828966519,828966530,828966546,828966548,828966540,828969816,0,828969819,828969824,828969828,1,2,11,27,2,-6,3276,-828969816,828969819,5,4,3312
2875,832369408,832369409,832369411,832369421,832369434,832369436,832369431,832372855,0,832372858,832372861,832372865,1,2,10,23,2,-3,3424,-832372855,832372858,3,4,3457
2876,842063887,842063888,842063890,842063907,842063922,842063925,842063919,842066372,0,842066375,842066381,842066385,1,2,17,32,3,-3,2453,-842066372,842066375,6,4,2498
2877,843827775,843827777,843827779,843827787,843827795,843827805,843827795,843830087,0,843830089,843830092,843830097,2,2,8,16,10,0,2292,-843830087,843830089,3,5,2322
2878,846770636,846770639,846770641,846770648,846770656,846770668,846770657,846773676,0,846773678,846773681,846773686,3,2,7,15,12,1,3019,-846773676,846773678,3,5,3050
2879,846787444,846787449,846787451,846787454,846787459,846787482,846787462,846789902,0,846789905,846789907,846789912,5,2,3,8,23,3,2440,-846789902,846789905,2,5,2468
2880,846787447,846787450,846787464,846787466,846787470,846787482,846787492,846790063,0,846790065,846790067,846790072,3,14,2,6,12,22,2571,-846790063,846790065,2,5,2625
2881,850870700,850870702,850870704,850870714,850870725,850870727,850870723,850873274,0,850873277,850873280,850873286,2,2,10,21,2,-2,2551,-850873274,850873277,3,6,2586
2882,850873458,850873459,850873461,850873464,850873468,850873478,850873470,850875862,0,850875865,850875867,850875872,1,2,3,7,10,2,2392,-850875862,850875865,2,5,2414
2883,852670913,852670914,852670916,852670923,852670930,852670942,852670931,852674329,0,852674332,852674335,852674339,1,2,7,14,12,1,3398,-852674329,852674332,3,4,3426
2884,856927109,856927112,856927114,856927123,856927134,856927136,856927133,856929614,0,856929617,856929620,856929624,3,2,9,20,2,-1,2481,-856929614,856929617,3,4,2515
2885,856927121,856927121,856927142,856927145,856927149,856927161,856927169,856929735,0,856929737,856929739,856929743,0,21,3,7,12,20,2566,-856929735,856929737,2,4,2622
2886,869626512,869626514,869626516,869626534,869626557,869626560,869626546,869629973,0,869629976,869629980,869629985,2,2,18,41,3,-11,3427,-869629973,869629976,4,5,3473
2887,869626523,869626523,869626569,869626572,869626578,869626601,869626588,869630130,0,869630132,869630134,869630139,0,46,3,9,23,10,3542,-869630130,869630132,2,5,3616
2888,870133288,870133289,870133291,870133298,870133305,870133313,870133306,870135842,0,870135845,870135847,870135852,1,2,7,14,8,1,2536,-870135842,870135845,2,5,2564
2889,873122599,873122600,873122602,873122612,873122622,873122624,873122622,873125820,0,873125822,873125827,873125831,1,2,10,20,2,0,3198,-873125820,873125822,5,4,3232
2890,873494729,873494730,873494732,873494737,873494744,873494745,873494744,873496966,0,873496969,873496972,873496976,1,2,5,12,1,0,2222,-873496966,873496969,3,4,2247
2891,873863301,873863303,873863305,873863309,873863315,873863326,873863316,873865652,0,873865655,873865657,873865662,2,2,4,10,11,1,2336,-873865652,873865655,2,5,2361
2892,874221730,874221731,874221733,874221736,874221741,874221753,874221744,874224108,0,874224111,874224113,874224118,1,2,3,8,12,3,2364,-874224108,874224111,2,5,2388
2893,874228944,874228945,874228947,874228950,874228955,874228973,874228958,874231162,0,874231164,874231167,874231172,1,2,3,8,18,3,2204,-874231162,874231164,3,5,2228
2894,876398012,876398013,876398014,876398022,876398034,876398047,876398031,876401237,0,876401240,876401242,876401247,1,1,8,20,13,-3,3206,-876401237,876401240,2,5,3235
2895,905434768,905434769,905434771,905434789,905434812,905434815,905434802,905438270,0,905438274,905438279,905438284,1,2,18,41,3,-10,3468,-905438270,905438274,5,5,3516
2896,905526738,905526739,905526741,905526750,905526760,905526762,905526757,905530268,0,905530271,905530274,905530278,1,2,9,19,2,-3,3511,-905530268,905530271,3,4,3540
2897,930905387,930905390,930905392,930905409,930905426,930905429,930905423,930908875,0,930908879,930908883,930908887,3,2,17,34,3,-3,3452,-930908875,930908879,4,4,3500
2898,932247332,932247333,932247334,932247340,932247348,932247355,932247348,932250123,0,932250126,932250129,932250133,1,1,6,14,7,0,2775,-932250123,932250126,3,4,2801
2899,933691930,933691933,933691933,933691940,933691947,933691955,933691948,933694443,0,933694446,933694449,933694454,3,0,7,14,8,1,2495,-933694443,933694446,3,5,2524
2900,933705238,933705239,933705241,933705245,933705250,933705266,933705252,933707675,0,933707678,933707681,933707686,1,2,4,9,16,2,2423,-933707675,933707678,3,5,2448
2901,933873752,933873753,933873755,933873760,933873766,933873777,933873768,933876247,0,933876250,933876252,933876257,1,2,5,11,11,2,2479,-933876247,933876250,2,5,2505
2902,934379062,934379062,934379064,934379068,934379073,934379089,934379075,934381533,0,934381536,934381538,934381543,0,2,4,9,16,2,2458,-934381533,934381536,2,5,2481
2903,936374021,936374022,936374024,936374030,936374038,936374050,936374039,936376588,0,936376590,936376593,936376597,1,2,6,14,12,1,2549,-936376588,936376590,3,4,2576
2904,936376545,936376546,936376548,936376551,936376556,936376570,936376558,936379101,0,936379103,936379107,936379111,1,2,3,8,14,2,2543,-936379101,936379103,4,4,2566
2905,936379504,936379505,936379507,936379510,936379515,936379538,936379523,936381918,0,936381921,936381923,936381928,1,2,3,8,23,8,2395,-936381918,936381921,2,5,2424
2906,936382493,936382494,936382496,936382505,936382511,936382521,936382511,936385532,0,936385536,936385539,936385544,1,2,9,15,10,0,3021,-936385532,936385536,3,5,3051
2907,936877987,936877988,936877990,936877996,936878002,936878010,936878003,936880307,0,936880309,936880312,936880317,1,2,6,12,8,1,2304,-936880307,936880309,3,5,2330
2908,937705948,937705949,937705951,937705955,937705961,937705972,937705963,937708548,0,937708550,937708554,937708559,1,2,4,10,11,2,2585,-937708548,937708550,4,5,2611
2909,940947234,940947237,940947239,940947248,940947258,940947260,940947256,940950411,0,940950414,940950417,940950421,3,2,9,19,2,-2,3155,-940950411,940950414,3,4,3187
2910,942120001,942120002,942120004,942120012,942120025,942120034,942120020,942123188,0,942123191,942123195,942123200,1,2,8,21,9,-5,3168,-942123188,942123191,4,5,3199
2911,946891295,946891296,946891298,946891309,946891321,946891323,946891320,946893663,0,946893666,946893670,946893675,1,2,11,23,2,-1,2343,-946893663,946893666,4,5,2380
2912,946896404,946896405,946896407,946896411,946896415,946896426,946896418,946898786,0,946898789,946898792,946898796,1,2,4,8,11,3,2368,-946898786,946898789,3,4,2392
2913,949183448,949183451,949183453,949183461,949183471,949183473,949183469,949186118,0,949186121,949186123,949186128,3,2,8,18,2,-2,2649,-949186118,949186121,2,5,2680
2914,949312757,949312758,949312760,949312765,949312771,949312778,949312772,949315365,0,949315368,949315372,949315377,1,2,5,11,7,1,2593,-949315365,949315368,4,5,2620
2915,949382495,949382496,949382498,949382504,949382509,949382520,949382511,949384912,0,949384915,949384918,949384922,1,2,6,11,11,2,2401,-949384912,949384915,3,4,2427
2916,949382504,949382505,949382514,949382518,949382523,949382545,949382535,949385737,0,949385739,949385742,949385746,1,9,4,9,22,12,3202,-949385737,949385739,3,4,3242
2917,949506872,949506874,949506876,949506881,949506886,949506893,949506887,949509289,0,949509292,949509295,949509299,2,2,5,10,7,1,2402,-949509289,949509292,3,4,2427
2918,975377147,975377148,975377150,975377166,975377183,975377186,975377180,975380282,0,975380286,975380291,975380296,1,2,16,33,3,-3,3102,-975380282,975380286,5,5,3149
2919,975990513,975990514,975990516,975990521,975990527,975990538,975990529,975993863,0,975993865,975993868,975993873,1,2,5,11,11,2,3334,-975993863,975993865,3,5,3360
2920,980857868,980857869,980857871,980857882,980857893,980857896,980857892,980860307,0,980860310,980860313,980860319,1,2,11,22,3,-1,2415,-980860307,980860310,3,6,2451
2921,996425640,996425641,996425643,996425663,996425686,996425688,996425676,996429086,0,996429090,996429094,996429098,1,2,20,43,2,-10,3410,-996429086,996429090,4,4,3458
2922,998670485,998670486,998670488,998670495,998670507,998670519,998670506,998673715,0,998673718,998673721,998673725,1,2,7,19,12,-1,3209,-998673715,998673718,3,4,3240
2923,939639,939640,939642,939652,939663,939665,939662,942046,0,942049,942053,942057,1,2,10,21,2,-1,2384,-942046,942049,4,4,2418
2924,939698,939705,939732,939737,939743,939778,939759,942196,0,942198,942199,942206,7,27,5,11,35,16,2437,-942196,942198,1,7,2508
2925,939699,939704,939717,939723,939730,939744,939736,942193,0,942195,942197,942203,5,13,6,13,14,6,2457,-942193,942195,2,6,2504
2926,939701,939703,939705,939710,939716,939728,939719,942099,0,942101,942104,942108,2,2,5,11,12,3,2380,-942099,942101,3,4,2407
2927,939707,939708,939744,939749,939754,939774,939762,942198,0,942200,942202,942209,1,36,5,10,20,8,2436,-942198,942200,2,7,2502
2928,13130423,13130424,13130426,13130442,13130459,13130461,13130456,13132861,0,13132865,13132870,13132875,1,2,16,33,2,-3,2405,-13132861,13132865,5,5,2452
2929,13131215,13131216,13131219,13131225,13131232,13131233,13131232,13134605,0,13134607,13134610,13134614,1,3,6,13,1,0,3373,-13134605,13134607,3,4,3399
2930,13381176,13381177,13381178,13381187,13381197,13381204,13381194,13384306,0,13384308,13384311,13384315,1,1,9,19,7,-3,3112,-13384306,13384308,3,4,3139
2931,14731141,14731142,14731144,14731152,14731159,14731168,14731161,14733917,0,14733919,14733923,14733928,1,2,8,15,9,2,2756,-14733917,14733919,4,5,2787
2932,16992341,16992342,16992344,16992350,16992357,16992365,16992359,16994856,0,16994859,16994862,16994866,1,2,6,13,8,2,2497,-16994856,16994859,3,4,2525
2933,26835730,26835731,26835733,26835751,26835771,26835773,26835762,26839081,0,26839085,26839088,26839093,1,2,18,38,2,-9,3319,-26839081,26839085,3,5,3363
2934,32403648,32403649,32403651,32403665,32403681,32403683,32403677,32407069,0,32407072,32407076,32407080,1,2,14,30,2,-4,3392,-32407069,32407072,4,4,3432
2935,32521883,32521884,32521886,32521894,32521905,32521907,32521901,32525425,0,32525428,32525432,32525436,1,2,8,19,2,-4,3524,-32525425,32525428,4,4,3553
2936,32642461,32642462,32642464,32642468,32642477,32642487,32642476,32645885,0,32645888,32645891,32645895,1,2,4,13,10,-1,3409,-32645885,32645888,3,4,3434
2937,33339210,33339214,33339214,33339220,33339230,33339238,33339228,33342586,0,33342589,33342592,33342596,4,0,6,16,8,-2,3358,-33342586,33342589,3,4,3386
2938,35508539,35508542,35508544,35508551,35508562,35508563,35508559,35511978,0,35511981,35511984,35511989,3,2,7,18,1,-3,3419,-35511978,35511981,3,5,3450
2939,35557025,35557026,35557027,35557032,35557040,35557041,35557038,35560439,0,35560442,35560444,35560449,1,1,5,13,1,-2,3401,-35560439,35560442,2,5,3424
2940,35607413,35607414,35607416,35607420,35607427,35607438,35607427,35610707,0,35610710,35610713,35610717,1,2,4,11,11,0,3280,-35610707,35610710,3,4,3304
2941,36848165,36848165,36848167,36848173,36848181,36848189,36848182,36851791,0,36851794,36851797,36851802,0,2,6,14,8,1,3609,-36851791,36851794,3,5,3637
2942,36992890,36992891,36992893,36992898,36992905,36992915,36992906,36996300,0,36996303,36996306,36996316,1,2,5,12,10,1,3394,-36996300,36996303,3,10,3426
2943,43248346,43248347,43248349,43248363,43248381,43248384,43248374,43251661,0,43251664,43251668,43251673,1,2,14,32,3,-7,3287,-43251661,43251664,4,5,3327
2944,43849390,43849391,43849393,43849397,43849405,43849416,43849406,43852727,0,43852730,43852732,43852737,1,2,4,12,11,1,3321,-43852727,43852730,2,5,3347
2945,43852773,43852773,43852775,43852778,43852784,43852785,43852784,43855987,0,43855991,43855993,43855998,0,2,3,9,1,0,3203,-43855987,43855991,2,5,3225
2946,44161223,44161224,44161226,44161231,44161238,44161245,44161239,44164441,0,44164444,44164447,44164452,1,2,5,12,7,1,3202,-44164441,44164444,3,5,3229
2947,46334067,46334068,46334070,46334077,46334086,46334094,46334085,46337605,0,46337608,46337611,46337615,1,2,7,16,8,-1,3520,-46337605,46337608,3,4,3548
2948,46564262,46564263,46564265,46564269,46564275,46564286,46564276,46567409,0,46567412,46567415,46567420,1,2,4,10,11,1,3133,-46567409,46567412,3,5,3158
2949,48268528,48268530,48268532,48268539,48268548,48268556,48268547,48272032,0,48272035,48272038,48272042,2,2,7,16,8,-1,3485,-48272032,48272035,3,4,3514
2950,58237671,58237673,58237675,58237693,58237715,58237717,58237705,58241126,0,58241130,58241133,58241138,2,2,18,40,2,-10,3421,-58241126,58241130,3,5,3467
2951,59229510,59229511,59229512,59229518,59229526,59229533,59229526,59232911,0,59232913,59232916,59232921,1,1,6,14,7,0,3385,-59232911,59232913,3,5,3411
2952,59450748,59450750,59450751,59450761,59450771,59450778,59450771,59454208,0,59454211,59454214,59454218,2,1,10,20,7,0,3437,-59454208,59454211,3,4,3470
2953,63402838,63402841,63402843,63402851,63402863,63402865,63402860,63406324,0,63406327,63406330,63406334,3,2,8,20,2,-3,3464,-63406324,63406327,3,4,3496
2954,67324014,67324017,67324019,67324029,67324042,67324053,67324038,67327371,0,67327374,67327377,67327381,3,2,10,23,11,-4,3333,-67327371,67327374,3,4,3367
2955,81891491,81891492,81891494,81891514,81891530,81891533,81891527,81893909,0,81893912,81893918,81893922,1,2,20,36,3,-3,2382,-81893909,81893912,6,4,2431
2956,82419448,82419451,82419453,82419462,82419475,82419484,82419470,82422849,0,82422851,82422854,82422859,3,2,9,22,9,-5,3379,-82422849,82422851,3,5,3411
2957,88004843,88004844,88004846,88004859,88004873,88004875,88004871,88007223,0,88007226,88007230,88007235,1,2,13,27,2,-2,2352,-88007223,88007226,4,5,2392
2958,88807383,88807385,88807386,88807391,88807397,88807411,88807402,88809766,0,88809769,88809772,88809776,2,1,5,11,14,5,2364,-88809766,88809769,3,4,2393
2959,88996535,88996536,88996538,88996545,88996557,88996566,88996553,88999921,0,88999923,88999927,88999932,1,2,7,19,9,-4,3368,-88999921,88999923,4,5,3397
2960,89006370,89006374,89006376,89006384,89006392,89006400,89006391,89009794,0,89009798,89009801,89009808,4,2,8,16,8,-1,3403,-89009794,89009798,3,7,3438
2961,89006455,89006455,89006457,89006461,89006467,89006476,89006466,89009974,0,89009976,89009979,89009990,0,2,4,10,9,-1,3508,-89009974,89009976,3,11,3535
2962,89056171,89056172,89056174,89056178,89056185,89056186,89056185,89059304,0,89059308,89059310,89059314,1,2,4,11,1,0,3119,-89059304,89059308,2,4,3143
2963,89271097,89271098,89271100,89271105,89271113,89271122,89271112,89274367,0,89274371,89274373,89274378,1,2,5,13,9,-1,3255,-89274367,89274371,2,5,3281
2964,89903215,89903216,89903218,89903226,89903233,89903243,89903234,89905723,0,89905726,89905729,89905733,1,2,8,15,10,1,2489,-89905723,89905726,3,4,2518
2965,90050250,90050251,90050253,90050257,90050262,90050272,90050263,90052575,0,90052578,90052582,90052587,1,2,4,9,10,1,2312,-90052575,90052578,4,5,2337
2966,94167021,94167023,94167025,94167034,94167045,94167047,94167043,94169510,0,94169513,94169516,94169521,2,2,9,20,2,-2,2467,-94169510,94169513,3,5,2500
2967,94167691,94167692,94167694,94167697,94167702,94167713,94167704,94171085,0,94171087,94171089,94171093,1,2,3,8,11,2,3381,-94171085,94171087,2,4,3402
2968,96210533,96210535,96210537,96210542,96210549,96210574,96210552,96213025,0,96213028,96213031,96213035,2,2,5,12,25,3,2473,-96213025,96213028,3,4,2502
2969,96210544,96210544,96210556,96210558,96210562,96210574,96210596,96213149,0,96213151,96213153,96213157,0,12,2,6,12,34,2553,-96213149,96213151,2,4,2613
2970,110466314,110466316,110466318,110466337,110466361,110466363,110466350,110469593,0,110469596,110469602,110469606,2,2,19,43,2,-11,3243,-110469593,110469596,6,4,3292
2971,127784329,127784334,127784335,127784351,127784368,127784371,127784364,127786805,0,127786808,127786813,127786818,5,1,16,33,3,-4,2441,-127786805,127786808,5,5,2489
2972,129180757,129180758,129180760,129180770,129180785,129180797,129180778,129184143,0,129184145,129184149,129184154,1,2,10,25,12,-7,3365,-129184143,129184145,4,5,3397
2973,138585237,138585238,138585240,138585254,138585269,138585271,138585266,138587626,0,138587629,138587635,138587640,1,2,14,29,2,-3,2360,-138587626,138587629,6,5,2403
2974,140801162,140801165,140801167,140801178,140801187,140801197,140801186,140804174,0,140804177,140804180,140804185,3,2,11,20,10,-1,2988,-140804174,140804177,3,5,3023
2975,149724432,149724433,149724435,149724451,149724468,149724470,149724462,149726798,0,149726802,149726807,149726812,1,2,16,33,2,-6,2336,-149726798,149726802,5,5,2380
2976,175364461,175364464,175364466,175364486,175364512,175364515,175364504,175368166,0,175368170,175368174,175368179,3,2,20,46,3,-8,3662,-175368166,175368170,4,5,3718
2977,179998764,179998765,179998767,179998780,179998794,179998797,179998791,180001328,0,180001331,180001336,180001341,1,2,13,27,3,-3,2537,-180001328,180001331,5,5,2577
2978,187367801,187367804,187367806,187367818,187367830,187367832,187367827,187370852,0,187370855,187370859,187370862,3,2,12,24,2,-3,3025,-187370852,187370855,4,3,3061
2979,195335060,195335062,195335064,195335080,195335099,195335102,195335092,195338530,0,195338534,195338537,195338542,2,2,16,35,3,-7,3438,-195338530,195338534,3,5,3482
2980,195335072,195335073,195335111,195335114,195335120,195335141,195335130,195338661,0,195338663,195338665,195338669,1,38,3,9,21,10,3531,-195338661,195338663,2,4,3597
2981,200317369,200317370,200317372,200317389,200317408,200317410,200317400,200320646,0,200320650,200320655,200320661,1,2,17,36,2,-8,3246,-200320646,200320650,5,6,3292
2982,201961591,201961592,201961594,201961601,201961611,201961620,201961609,201964942,0,201964945,201964948,201964954,1,2,7,17,9,-2,3333,-201964942,201964945,3,6,3363
2983,202765559,202765560,202765561,202765566,202765574,202765575,202765574,202769080,0,202769083,202769086,202769090,1,1,5,13,1,0,3506,-202769080,202769083,3,4,3531
2984,204571588,204571589,204571591,204571599,204571609,204571618,204571608,204573994,0,204573996,204573999,204574004,1,2,8,18,9,-1,2386,-204573994,204573996,3,5,2416
2985,204571891,204571892,204571894,204571897,204571901,204571918,204571904,204574185,0,204574187,204574189,204574193,1,2,3,7,17,3,2281,-204574185,204574187,2,4,2302
2986,214992623,214992624,214992626,214992644,214992660,214992662,214992657,214995236,0,214995239,214995243,214995248,1,2,18,34,2,-3,2579,-214995236,214995239,4,5,2625
2987,219640650,219640653,219640655,219640666,219640678,219640680,219640676,219642989,0,219642992,219642995,219642999,3,2,11,23,2,-2,2313,-219642989,219642992,3,4,2349
2988,249281001,249281003,249281004,249281022,249281044,249281048,249281035,249284318,0,249284321,249284326,249284331,2,1,18,40,4,-9,3283,-249284318,249284321,5,5,3330
2989,251871753,251871754,251871756,251871765,251871774,251871783,251871773,251875003,0,251875006,251875009,251875014,1,2,9,18,9,-1,3230,-251875003,251875006,3,5,3261
2990,254216952,254216955,254216957,254216964,254216971,254216973,254216972,254220275,0,254220280,254220282,254220286,3,2,7,14,2,1,3303,-254220275,254220280,2,4,3334
2991,254216976,254216977,254216979,254216981,254216985,254217003,254216986,254220429,0,254220431,254220433,254220437,1,2,2,6,18,1,3443,-254220429,254220431,2,4,3461
2992,263698969,263698971,263698973,263698989,263699005,263699007,263699001,263701334,0,263701337,263701342,263701347,2,2,16,32,2,-4,2333,-263701334,263701337,5,5,2378
2993,263780249,263780250,263780252,263780258,263780264,263780276,263780267,263782680,0,263782683,263782685,263782691,1,2,6,12,12,3,2413,-263782680,263782683,2,6,2442
2994,308410898,308410901,308410903,308410920,308410937,308410940,308410934,308413419,0,308413423,308413427,308413431,3,2,17,34,3,-3,2485,-308413419,308413423,4,4,2533
2995,308475920,308475921,308475923,308475930,308475937,308475944,308475938,308479069,0,308479071,308479075,308479080,1,2,7,14,7,1,3131,-308479069,308479071,4,5,3160
2996,309161162,309161164,309161166,309161170,309161176,309161195,309161179,309163626,0,309163629,309163632,309163637,2,2,4,10,19,3,2447,-309163626,309163629,3,5,2475
2997,310582841,310582842,310582844,310582850,310582856,310582865,310582858,310585239,0,310585241,310585244,310585248,1,2,6,12,9,2,2381,-310585239,310585241,3,4,2407
2998,310585898,310585899,310585901,310585905,310585909,310585920,310585911,310589239,0,310589242,310589244,310589249,1,2,4,8,11,2,3328,-310589239,310589242,2,5,3351
2999,311534931,311534932,311534934,311534939,311534946,311534953,311534947,311537420,0,311537423,311537425,311537430,1,2,5,12,7,1,2473,-311537420,311537423,2,5,2499
3000,311535598,311535599,311535601,311535603,311535608,311535624,311535610,311537982,0,311537984,311537986,311537991,1,2,2,7,16,2,2372,-311537982,311537984,2,5,2393
3001,311558808,311558809,311558811,311558815,311558820,311558828,311558822,311561435,0,311561438,311561441,311561447,1,2,4,9,8,2,2613,-311561435,311561438,3,6,2639
3002,311561747,311561748,311561750,311561753,311561757,311561768,311561759,311563958,0,311563961,311563963,311563968,1,2,3,7,11,2,2199,-311563958,311563961,2,5,2221
3003,311563190,311563191,311563193,311563195,311563199,311563217,311563203,311566355,0,311566359,311566361,311566365,1,2,2,6,18,4,3152,-311566355,311566359,2,4,3175
3004,316674228,316674229,316674231,316674242,316674253,316674268,316674253,316676720,0,316676723,316676726,316676731,1,2,11,22,15,0,2467,-316676720,316676723,3,5,2503
3005,328919382,328919383,328919386,328919402,328919419,328919421,328919415,328921945,0,328921949,328921953,328921958,1,3,16,33,2,-4,2530,-328921945,328921949,4,5,2576
3006,341612081,341612083,341612085,341612101,341612119,341612121,341612114,341614629,0,341614633,341614638,341614643,2,2,16,34,2,-5,2515,-341614629,341614633,5,5,2562
3007,341615157,341615158,341615160,341615163,341615168,341615178,341615170,341617524,0,341617526,341617529,341617533,1,2,3,8,10,2,2354,-341617524,341617526,3,4,2376
3008,341618244,341618245,341618247,341618250,341618254,341618263,341618255,341621060,0,341621062,341621064,341621069,1,2,3,7,9,1,2805,-341621060,341621062,2,5,2825
3009,351789093,351789094,351789096,351789114,351789131,351789132,351789126,351791575,0,351791578,351791582,351791586,1,2,18,35,1,-5,2449,-351791575,351791578,4,4,2493
3010,351789104,351789105,351789143,351789145,351789149,351789175,351789161,351791719,0,351791721,351791723,351791726,1,38,2,6,26,12,2558,-351791719,351791721,2,3,2622
3011,363854480,363854483,363854485,363854499,363854515,363854525,363854514,363857024,0,363857027,363857030,363857035,3,2,14,30,10,-1,2510,-363857024,363857027,3,5,2555
3012,394093751,394093754,394093756,394093776,394093798,394093801,394093790,394097176,0,394097179,394097184,394097187,3,2,20,42,3,-8,3386,-394097176,394097179,5,3,3436
3013,448558645,448558649,448558651,448558672,448558695,448558697,448558685,448562296,0,448562300,448562305,448562310,4,2,21,44,2,-10,3611,-448562296,448562300,5,5,3665
3014,449265633,449265634,449265636,449265642,449265651,449265662,449265652,449269153,0,449269156,449269158,449269163,1,2,6,15,11,1,3501,-449269153,449269156,2,5,3530
3015,449269916,449269917,449269919,449269923,449269930,449269936,449269930,449273288,0,449273290,449273293,449273298,1,2,4,11,6,0,3358,-449273288,449273290,3,5,3382
3016,449285628,449285629,449285631,449285635,449285641,449285651,449285642,449289110,0,449289112,449289115,449289120,1,2,4,10,10,1,3468,-449289110,449289112,3,5,3492
3017,449302168,449302169,449302171,449302177,449302187,449302198,449302186,449305401,0,449305404,449305407,449305412,1,2,6,16,11,-1,3215,-449305401,449305404,3,5,3244
3018,449314538,449314539,449314541,449314545,449314552,449314561,449314551,449317899,0,449317902,449317904,449317909,1,2,4,11,9,-1,3348,-449317899,449317902,2,5,3371
3019,449323096,449323097,449323099,449323103,449323109,449323118,449323110,449326638,0,449326642,449326645,449326649,1,2,4,10,9,1,3528,-449326638,449326642,3,4,3553
3020,449542491,449542492,449542493,449542498,449542507,449542508,449542507,449545876,0,449545879,449545882,449545886,1,1,5,14,1,0,3369,-449545876,449545879,3,4,3395
3021,524651796,524651799,524651802,524651819,524651838,524651840,524651833,524654199,0,524654203,524654208,524654213,3,3,17,36,2,-5,2366,-524654199,524654203,5,5,2417
3022,530457126,530457128,530457130,530457144,530457158,530457160,530457156,530459926,0,530459929,530459933,530459938,2,2,14,28,2,-2,2770,-530459926,530459929,4,5,2812
3023,530457139,530457140,530457168,530457171,530457175,530457198,530457187,530460052,0,530460054,530460056,530460060,1,28,3,7,23,12,2865,-530460052,530460054,2,4,2921
3024,537184944,537184948,537184950,537184964,537184980,537184982,537184976,537187606,0,537187610,537187614,537187618,4,2,14,30,2,-4,2630,-537187606,537187610,4,4,2674
3025,538913996,538914000,538914002,538914008,538914015,538914023,538914016,538916532,0,538916535,538916537,538916542,4,2,6,13,8,1,2516,-538916532,538916535,2,5,2546
3026,538917431,538917432,538917434,538917438,538917442,538917459,538917445,538919774,0,538919776,538919778,538919783,1,2,4,8,17,3,2329,-538919774,538919776,2,5,2352
3027,538920327,538920328,538920330,538920333,538920338,538920349,538920340,538922589,0,538922592,538922594,538922599,1,2,3,8,11,2,2249,-538922589,538922592,2,5,2272
3028,539248114,539248115,539248117,539248125,539248136,539248137,539248133,539251488,0,539251491,539251494,539251498,1,2,8,19,1,-3,3355,-539251488,539251491,3,4,3384
3029,545168110,545168111,545168112,545168125,545168141,545168142,545168136,545171533,0,545171536,545171540,545171544,1,1,13,29,1,-5,3397,-545171533,545171536,4,4,3434
3030,545186301,545186302,545186304,545186308,545186315,545186325,545186314,545189613,0,545189615,545189618,545189623,1,2,4,11,10,-1,3299,-545189613,545189615,3,5,3322
3031,551272254,551272258,551272260,551272274,551272291,551272294,551272285,551275892,0,551275895,551275898,551275903,4,2,14,31,3,-6,3607,-551275892,551275895,3,5,3649
3032,551275719,551275720,551275722,551275726,551275732,551275739,551275733,551278832,0,551278834,551278836,551278841,1,2,4,10,7,1,3099,-551278832,551278834,2,5,3122
3033,565992322,565992323,565992325,565992341,565992359,565992362,565992356,565994562,0,565994565,565994571,565994575,1,2,16,34,3,-3,2206,-565994562,565994565,6,4,2253
3034,590794143,590794147,590794149,590794167,590794190,590794193,590794180,590797657,0,590797661,590797665,590797669,4,2,18,41,3,-10,3477,-590797657,590797661,4,4,3526
3035,590794155,590794156,590794204,590794207,590794213,590794234,590794222,590797822,0,590797824,590797826,590797833,1,48,3,9,21,9,3600,-590797822,590797824,2,7,3678
3036,591554804,591554805,591554807,591554814,591554822,591554823,591554822,591557403,0,591557405,591557410,591557414,1,2,7,15,1,0,2581,-591557403,591557405,5,4,2610
3037,602452633,602452634,602452636,602452652,602452673,602452675,602452665,602455939,0,602455943,602455948,602455953,1,2,16,37,2,-8,3274,-602455939,602455943,5,5,3320
3038,618078586,618078587,618078590,618078608,618078632,618078635,618078622,618081707,0,618081711,618081716,618081721,1,3,18,42,3,-10,3085,-618081707,618081711,5,5,3135
3039,619565067,619565068,619565070,619565077,619565088,619565089,619565086,619568382,0,619568384,619568388,619568393,1,2,7,18,1,-2,3296,-619568382,619568384,4,5,3326
3040,623542834,623542837,623542839,623542850,623542865,623542868,623542859,623546322,0,623546326,623546329,623546334,3,2,11,26,3,-6,3463,-623546322,623546326,3,5,3500
3041,623742079,623742079,623742081,623742086,623742093,623742104,623742095,623745441,0,623745444,623745446,623745451,0,2,5,12,11,2,3346,-623745441,623745444,2,5,3372
3042,638916218,638916220,638916222,638916242,638916266,638916268,638916254,638919907,0,638919911,638919915,638919919,2,2,20,44,2,-12,3653,-638919907,638919911,4,4,3701
3043,643023870,643023874,643023876,643023887,643023901,643023904,643023897,643027249,0,643027252,643027255,643027260,4,2,11,25,3,-4,3352,-643027249,643027252,3,5,3390
3044,646479571,646479574,646479576,646479584,646479596,646479597,646479593,646483032,0,646483035,646483038,646483042,3,2,8,20,1,-3,3439,-646483032,646483035,3,4,3471
3045,648746644,648746647,648746649,648746655,648746665,648746678,648746664,648750327,0,648750330,648750332,648750337,3,2,6,16,13,-1,3663,-648750327,648750330,2,5,3693
3046,648746655,648746656,648746673,648746675,648746681,648746702,648746691,648750477,0,648750478,648750480,648750485,1,17,2,8,21,10,3786,-648750477,648750478,2,5,3830
3047,649887996,649887998,649888000,649888006,649888015,649888026,649888013,649891327,0,649891329,649891332,649891336,2,2,6,15,11,-2,3314,-649891327,649891329,3,4,3340
3048,649888015,649888016,649888022,649888024,649888030,649888051,649888038,649891467,0,649891468,649891470,649891475,1,6,2,8,21,8,3429,-649891467,649891468,2,5,3460
3049,649972334,649972335,649972337,649972342,649972349,649972356,649972349,649975782,0,649975784,649975787,649975792,1,2,5,12,7,0,3433,-649975782,649975784,3,5,3458
3050,649972414,649972415,649972416,649972419,649972425,649972433,649972427,649975918,0,649975920,649975922,649975926,1,1,3,9,8,2,3491,-649975918,649975920,2,4,3512
3051,654536477,654536482,654536484,654536494,654536510,654536512,654536507,654540317,0,654540320,654540323,654540328,5,2,10,26,2,-3,3810,-654540317,654540320,3,5,3851
3052,654547795,654547796,654547798,654547802,654547808,654547819,654547810,654551139,0,654551142,654551144,654551149,1,2,4,10,11,2,3329,-654551139,654551142,2,5,3354
3053,659450559,659450562,659450564,659450579,659450596,659450599,659450590,659454027,0,659454031,659454034,659454039,3,2,15,32,3,-6,3437,-659454027,659454031,3,5,3480
3054,661489994,661489995,661489997,661490005,661490014,661490026,661490013,661492571,0,661492574,661492578,661492583,1,2,8,17,12,-1,2558,-661492571,661492574,4,5,2589
3055,677213139,677213140,677213142,677213157,677213175,677213177,677213173,677215495,0,677215499,677215508,677215513,1,2,15,33,2,-2,2322,-677215495,677215499,9,5,2374
3056,677723079,677723079,677723081,677723089,677723100,677723110,677723097,677726538,0,677726541,677726545,677726549,0,2,8,19,10,-3,3441,-677726538,677726541,4,4,3470
3057,691148433,691148434,691148436,691148453,691148471,691148474,691148466,691150949,0,691150953,691150959,691150964,1,2,17,35,3,-5,2483,-691150949,691150953,6,5,2531
3058,712656172,712656173,712656176,712656193,712656217,712656219,712656207,712659760,0,712659763,712659769,712659773,1,3,17,41,2,-10,3553,-712659760,712659763,6,4,3601
3059,712663746,712663747,712663749,712663753,712663759,712663760,712663759,712667058,0,712667061,712667064,712667069,1,2,4,10,1,0,3299,-712667058,712667061,3,5,3323
3060,721127416,721127418,721127420,721127438,721127461,721127464,721127452,721130877,0,721130881,721130885,721130891,2,2,18,41,3,-9,3425,-721130877,721130881,4,6,3475
3061,721134046,721134047,721134049,721134053,721134059,721134070,721134061,721137437,0,721137441,721137443,721137448,1,2,4,10,11,2,3376,-721137437,721137441,2,5,3402
3062,731838045,731838047,731838049,731838066,731838083,731838086,731838082,731840814,0,731840817,731840819,731840824,2,2,17,34,3,-1,2732,-731840814,731840817,2,5,2779
3063,731838057,731838058,731838095,731838099,731838105,731838127,731838116,731840470,0,731840474,731840478,731840483,1,37,4,10,22,11,2354,-731840470,731840474,4,5,2426
3064,731867217,731867218,731867220,731867224,731867228,731867237,731867231,731869534,0,731869536,731869538,731869543,1,2,4,8,9,3,2303,-731869534,731869536,2,5,2326
3065,738558189,738558190,738558192,738558206,738558220,738558223,738558218,738560835,0,738560838,738560843,738560847,1,2,14,28,3,-2,2617,-738560835,738560838,5,4,2658
3066,741216664,741216665,741216667,741216674,741216684,741216685,741216684,741219146,0,741219149,741219152,741219156,1,2,7,17,1,0,2462,-741219146,741219149,3,4,2492
3067,758506171,758506173,758506175,758506191,758506208,758506211,758506206,758508612,0,758508616,758508620,758508625,2,2,16,33,3,-2,2406,-758508612,758508616,4,5,2454
3068,764445371,764445374,764445376,764445390,764445403,764445405,764445400,764447956,0,764447959,764447963,764447967,3,2,14,27,2,-3,2556,-764447956,764447959,4,4,2596
3069,787150577,787150579,787150581,787150597,787150616,787150618,787150610,787153949,0,787153952,787153957,787153961,2,2,16,35,2,-6,3339,-787153949,787153952,5,4,3384
3070,787163086,787163087,787163089,787163092,787163097,787163116,787163100,787166152,0,787166155,787166157,787166161,1,2,3,8,19,3,3052,-787166152,787166155,2,4,3075
3071,787163090,787163091,787163103,787163105,787163109,787163116,787163127,787166310,0,787166312,787166314,787166320,1,12,2,6,7,18,3183,-787166310,787166312,2,6,3230
3072,788344129,788344132,788344134,788344139,788344145,788344175,788344151,788346661,0,788346664,788346666,788346670,3,2,5,11,30,6,2510,-788346661,788346664,2,4,2541
3073,788344139,788344140,788344151,788344154,788344158,788344175,788344158,788346822,0,788346824,788346826,788346831,1,11,3,7,17,0,2664,-788346822,788346824,2,5,2692
3074,791287266,791287267,791287269,791287280,791287297,791287310,791287290,791290516,0,791290520,791290524,791290528,1,2,11,28,13,-7,3226,-791290516,791290520,4,4,3262
3075,795834873,795834874,795834876,795834885,795834896,795834909,795834895,795837251,0,795837254,795837259,795837264,1,2,9,20,13,-1,2356,-795837251,795837254,5,5,2391
3076,795849753,795849754,795849756,795849762,795849767,795849776,795849768,795852109,0,795852111,795852114,795852118,1,2,6,11,9,1,2341,-795852109,795852111,3,4,2365
3077,796389309,796389310,796389312,796389317,796389323,796389334,796389325,796391704,0,796391706,796391709,796391714,1,2,5,11,11,2,2379,-796391704,796391706,3,5,2405
3078,805757976,805757977,805757980,805757995,805758011,805758014,805758007,805760770,0,805760774,805760778,805760783,1,3,15,31,3,-4,2763,-805760770,805760774,4,5,2807
3079,812045118,812045121,812045123,812045137,812045152,812045154,812045149,812047611,0,812047614,812047618,812047622,3,2,14,29,2,-3,2462,-812047611,812047614,4,4,2504
3080,812047796,812047797,812047799,812047802,812047807,812047814,812047808,812050137,0,812050139,812050141,812050147,1,2,3,8,7,1,2329,-812050137,812050139,2,6,2351
3081,817221744,817221745,817221747,817221760,817221779,817221781,817221771,817225150,0,817225152,817225157,817225161,1,2,13,32,2,-8,3379,-817225150,817225152,5,4,3417
3082,840750043,840750044,840750046,840750063,840750080,840750082,840750077,840752419,0,840752423,840752429,840752433,1,2,17,34,2,-3,2342,-840752419,840752423,6,4,2390
3083,867631685,867631686,867631688,867631707,867631730,867631733,867631720,867634984,0,867634987,867634992,867634996,1,2,19,42,3,-10,3264,-867634984,867634987,5,4,3311
3084,867631696,867631697,867631743,867631746,867631752,867631779,867631766,867635184,0,867635186,867635188,867635192,1,46,3,9,27,14,3418,-867635184,867635186,2,4,3496
3085,867655677,867655678,867655680,867655684,867655691,867655701,867655692,867658952,0,867658955,867658957,867658962,1,2,4,11,10,1,3260,-867658952,867658955,2,5,3285
3086,875229956,875229959,875229960,875229976,875229993,875229995,875229989,875232834,0,875232837,875232841,875232846,3,1,16,33,2,-4,2845,-875232834,875232837,4,5,2890
3087,887104313,887104317,887104318,887104335,887104351,887104354,887104347,887106884,0,887106888,887106893,887106898,4,1,17,33,3,-4,2537,-887106884,887106888,5,5,2585
3088,901154816,901154819,901154821,901154839,901154861,901154863,901154852,901158252,0,901158256,901158260,901158264,3,2,18,40,2,-9,3400,-901158252,901158256,4,4,3448
3089,905279870,905279872,905279874,905279889,905279902,905279905,905279893,905479139,905479139,905479141,905479146,905479151,2,2,15,28,3,-9,199246,0,2,5,5,199281
3090,905279875,905279875,905279906,905279912,905279918,905279931,905279923,905479156,905479156,905479158,905479160,905479164,0,31,6,12,13,5,199233,0,2,2,4,199289
3091,905279883,905279884,905279922,905279927,905279932,905279957,905279940,905479175,905479175,905479177,905479179,905479183,1,38,5,10,25,8,199235,0,2,2,4,199300
3092,905279891,905279892,905279934,905279939,905279944,905279953,905279940,905479195,905479195,905479196,905479198,905479202,1,42,5,10,9,-4,199255,0,1,2,4,199311
3093,905280163,905280164,905280166,905280171,905280176,905280186,905280172,905550622,905550622,905550623,905550626,905550631,1,2,5,10,10,-4,270450,0,1,3,5,270468
3094,910210108,910210109,910210111,910210128,910210148,910210150,910210140,910213352,0,910213356,910213361,910213366,1,2,17,37,2,-8,3212,-910213352,910213356,5,5,3258
3095,910218965,910218966,910218968,910218972,910218979,910218989,910218979,910222195,0,910222198,910222201,910222205,1,2,4,11,10,0,3216,-910222195,910222198,3,4,3240
3096,910277613,910277614,910277616,910277622,910277631,910277632,910277629,910280897,0,910280900,910280904,910280909,1,2,6,15,1,-2,3268,-910280897,910280900,4,5,3296
3097,910285890,910285891,910285893,910285897,910285903,910285910,910285903,910289286,0,910289289,910289293,910289298,1,2,4,10,7,0,3383,-910289286,910289289,4,5,3408
3098,910292488,910292489,910292491,910292494,910292503,910292512,910292504,910295743,0,910295747,910295749,910295754,1,2,3,12,9,1,3239,-910295743,910295747,2,5,3266
3099,910297850,910297851,910297853,910297856,910297862,910297874,910297866,910301126,0,910301129,910301132,910301137,1,2,3,9,12,4,3260,-910301126,910301129,3,5,3287
3100,910301519,910301520,910301522,910301525,910301531,910301540,910301531,910304788,0,910304790,910304793,910304798,1,2,3,9,9,0,3257,-910304788,910304790,3,5,3279
3101,910312573,910312574,910312576,910312580,910312585,910312594,910312586,910315795,0,910315798,910315801,910315805,1,2,4,9,9,1,3209,-910315795,910315798,3,4,3232
3102,910321311,910321312,910321314,910321317,910321324,910321331,910321324,910324453,0,910324455,910324458,910324462,1,2,3,10,7,0,3129,-910324453,910324455,3,4,3151
3103,911611305,911611307,911611308,911611319,911611329,911611331,911611326,911614883,0,911614885,911614888,911614893,2,1,11,21,2,-3,3557,-911614883,911614885,3,5,3588
3104,914301211,914301215,914301217,914301226,914301237,914301238,914301235,914304435,0,914304438,914304441,914304445,4,2,9,20,1,-2,3200,-914304435,914304438,3,4,3234
3105,926929077,926929078,926929080,926929096,926929111,926929131,926929111,926931606,0,926931609,926931613,926931618,1,2,16,31,20,0,2495,-926931606,926931609,4,5,2541
3106,927719586,927719587,927719589,927719593,927719599,927719611,927719601,927722230,0,927722232,927722235,927722239,1,2,4,10,12,2,2629,-927722230,927722232,3,4,2653
3107,929394018,929394021,929394023,929394031,929394038,929394047,929394039,929396629,0,929396631,929396634,929396638,3,2,8,15,9,1,2590,-929396629,929396631,3,4,2620
3108,930535268,930535269,930535271,930535276,930535281,930535293,930535283,930538067,0,930538069,930538072,930538077,1,2,5,10,12,2,2784,-930538067,930538069,3,5,2809
3109,931306024,931306025,931306027,931306033,931306039,931306051,931306041,931308562,0,931308565,931308567,931308572,1,2,6,12,12,2,2521,-931308562,931308565,2,5,2548
3110,931309329,931309330,931309332,931309335,931309339,931309350,931309341,931312182,0,931312184,931312186,931312191,1,2,3,7,11,2,2841,-931312182,931312184,2,5,2862
3111,936657005,936657008,936657010,936657023,936657039,936657041,936657033,936660243,0,936660246,936660250,936660255,3,2,13,29,2,-6,3210,-936660243,936660246,4,5,3250
3112,936657017,936657018,936657049,936657052,936657057,936657078,936657067,936660456,0,936660458,936660460,936660465,1,31,3,8,21,10,3389,-936660456,936660458,2,5,3448
3113,936703225,936703226,936703227,936703232,936703239,936703246,936703239,936706682,0,936706685,936706687,936706692,1,1,5,12,7,0,3443,-936706682,936706685,2,5,3467
3114,936718977,936718978,936718979,936718984,936718990,936718991,936718990,936722313,0,936722316,936722318,936722323,1,1,5,11,1,0,3323,-936722313,936722316,2,5,3346
3115,938472514,938472515,938472517,938472525,938472532,938472541,938472534,938475559,0,938475561,938475564,938475569,1,2,8,15,9,2,3025,-938475559,938475561,3,5,3055
3116,939014046,939014047,939014049,939014054,939014062,939014072,939014061,939017309,0,939017311,939017314,939017318,1,2,5,13,10,-1,3248,-939017309,939017311,3,4,3272
3117,939176034,939176035,939176037,939176042,939176049,939176060,939176049,939179580,0,939179582,939179585,939179589,1,2,5,12,11,0,3531,-939179580,939179582,3,4,3555
3118,943778937,943778938,943778940,943778951,943778965,943778967,943778961,943782333,0,943782335,943782340,943782344,1,2,11,25,2,-4,3372,-943782333,943782335,5,4,3407
3119,943783380,943783381,943783383,943783387,943783393,943783394,943783393,943786700,0,943786702,943786705,943786710,1,2,4,10,1,0,3307,-943786700,943786702,3,5,3330
3120,943801523,943801524,943801526,943801530,943801536,943801545,943801536,943804823,0,943804826,943804828,943804833,1,2,4,10,9,0,3287,-943804823,943804826,2,5,3310
3121,943821470,943821471,943821473,943821477,943821484,943821492,943821484,943824705,0,943824708,943824710,943824715,1,2,4,11,8,0,3221,-943824705,943824708,2,5,3245
3122,944376154,944376156,944376157,944376165,944376172,944376174,944376172,944378668,0,944378670,944378673,944378678,2,1,8,15,2,0,2496,-944378668,944378670,3,5,2524
3123,944376177,944376178,944376182,944376184,944376189,944376194,944376211,944378811,0,944378814,944378816,944378821,1,4,2,7,5,22,2600,-944378811,944378814,2,5,2644
3124,950089521,950089524,950089526,950089538,950089550,950089567,950089550,950091950,0,950091953,950091957,950091962,3,2,12,24,17,0,2400,-950091950,950091953,4,5,2441
3125,950089531,950089532,950089561,950089563,950089567,950089594,950089579,950092087,0,950092089,950092091,950092095,1,29,2,6,27,12,2508,-950092087,950092089,2,4,2564
3126,956637572,956637574,956637575,956637590,956637609,956637611,956637602,956640944,0,956640947,956640951,956640955,2,1,15,34,2,-7,3342,-956640944,956640947,4,4,3383
3127,989438884,989438888,989438890,989438907,989438924,989438927,989438920,989441583,0,989441587,989441591,989441595,4,2,17,34,3,-4,2663,-989441583,989441587,4,4,2711
3128,995299793,995299796,995299798,995299812,995299830,995299831,995299821,995303192,0,995303195,995303198,995303203,3,2,14,32,1,-9,3371,-995303192,995303195,3,5,3410
3129,995299804,995299806,995299840,995299843,995299850,995299872,995299857,995303343,0,995303348,995303350,995303354,2,34,3,10,22,7,3486,-995303343,995303348,2,4,3550
3130,995662805,995662805,995662807,995662812,995662820,995662821,995662819,995666278,0,995666281,995666283,995666288,0,2,5,13,1,-1,3459,-995666278,995666281,2,5,3483
3131,995662824,995662825,995662825,995662828,995662833,995662848,995662832,995666421,0,995666423,995666425,995666429,1,0,3,8,15,-1,3589,-995666421,995666423,2,4,3605
3132,7744218,7744222,7744224,7744241,7744258,7744259,7744253,7746626,0,7746629,7746633,7746638,4,2,17,34,1,-5,2373,-7746626,7746629,4,5,2420
3133,19213629,19213632,19213634,19213651,19213670,19213672,19213663,19217022,0,19217025,19217030,19217036,3,2,17,36,2,-7,3359,-19217022,19217025,5,6,3407
3134,34220056,34220057,34220059,34220078,34220102,34220104,34220092,34223729,0,34223733,34223739,34223743,1,2,19,43,2,-10,3637,-34223729,34223733,6,4,3687
3135,34736535,34736539,34736541,34736549,34736559,34736561,34736556,34740161,0,34740163,34740166,34740170,4,2,8,18,2,-3,3605,-34740161,34740163,3,4,3635
3136,90825605,90825606,90825609,90825626,90825644,90825647,90825641,90827919,0,90827923,90827929,90827934,1,3,17,35,3,-3,2278,-90827919,90827923,6,5,2329
3137,90828837,90828838,90828840,90828843,90828848,90828858,90828850,90831055,0,90831057,90831060,90831064,1,2,3,8,10,2,2205,-90831055,90831057,3,4,2227
3138,115961676,115961677,115961679,115961698,115961721,115961723,115961711,115965148,0,115965151,115965156,115965160,1,2,19,42,2,-10,3437,-115965148,115965151,5,4,3484
3139,116359046,116359047,116359049,116359055,116359063,116359074,116359065,116362454,0,116362457,116362459,116362464,1,2,6,14,11,2,3389,-116362454,116362457,2,5,3418
3140,117731786,117731789,117731791,117731796,117731805,117731817,117731804,117735098,0,117735102,117735104,117735109,3,2,5,14,12,-1,3294,-117735098,117735102,2,5,3323
3141,118242006,118242007,118242009,118242017,118242026,118242034,118242023,118245521,0,118245523,118245527,118245531,1,2,8,17,8,-3,3498,-118245521,118245523,4,4,3525
3142,175243197,175243199,175243201,175243219,175243235,175243237,175243233,175245741,0,175245744,175245749,175245753,2,2,18,34,2,-2,2508,-175245741,175245744,5,4,2556
3143,178302681,178302684,178302686,178302694,178302704,178302716,178302703,178305913,0,178305915,178305919,178305924,3,2,8,18,12,-1,3210,-178305913,178305915,4,5,3243
3144,178321656,178321657,178321659,178321663,178321669,178321680,178321671,178324039,0,178324041,178324044,178324049,1,2,4,10,11,2,2368,-178324039,178324041,3,5,2393
3145,179960079,179960080,179960081,179960089,179960101,179960108,179960097,179963569,0,179963571,179963574,179963579,1,1,8,20,7,-4,3472,-179963569,179963571,3,5,3500
3146,185797042,185797045,185797046,185797058,185797072,185797074,185797069,185799727,0,185799730,185799734,185799739,3,1,12,26,2,-3,2658,-185799727,185799730,4,5,2697
3147,190232129,190232131,190232133,190232145,190232161,190232163,190232157,190235548,0,190235551,190235554,190235558,2,2,12,28,2,-4,3391,-190235548,190235551,3,4,3429
3148,190232137,190232137,190232171,190232174,190232180,190232199,190232187,190235668,0,190235670,190235672,190235676,0,34,3,9,19,7,3481,-190235668,190235670,2,4,3539
3149,199733456,199733459,199733461,199733479,199733503,199733506,199733491,199736966,0,199736969,199736973,199736978,3,2,18,42,3,-12,3475,-199736966,199736969,4,5,3522
3150,199733464,199733465,199733516,199733519,199733525,199733547,199733535,199737113,0,199737115,199737117,199737122,1,51,3,9,22,10,3578,-199737113,199737115,2,5,3658
3151,215449578,215449581,215449583,215449599,215449616,215449618,215449613,215452067,0,215452071,215452075,215452079,3,2,16,33,2,-3,2454,-215452067,215452071,4,4,2501
3152,217957726,217957727,217957729,217957735,217957743,217957755,217957745,217960204,0,217960207,217960210,217960214,1,2,6,14,12,2,2459,-217960204,217960207,3,4,2488
3153,217961193,217961194,217961196,217961200,217961204,217961222,217961208,217964583,0,217964586,217964588,217964593,1,2,4,8,18,4,3375,-217964583,217964586,2,5,3400
3154,219610908,219610909,219610910,219610918,219610927,219610939,219610926,219613418,0,219613421,219613425,219613430,1,1,8,17,12,-1,2492,-219613418,219613421,4,5,2522
3155,222064288,222064289,222064291,222064298,222064306,222064315,222064308,222066780,0,222066783,222066787,222066790,1,2,7,15,9,2,2472,-222066780,222066783,4,3,2502
3156,222067784,222067788,222067790,222067794,222067798,222067820,222067801,222070960,0,222070963,222070967,222070972,4,2,4,8,22,3,3159,-222070960,222070963,4,5,3188
3157,222067784,222067790,222067804,222067806,222067810,222067820,222067828,222071108,0,222071110,222071112,222071117,6,14,2,6,10,18,3280,-222071108,222071110,2,5,3333
3158,222417738,222417739,222417741,222417748,222417755,222417763,222417756,222420251,0,222420253,222420257,222420262,1,2,7,14,8,1,2495,-222420251,222420253,4,5,2524
3159,224081176,224081178,224081180,224081185,224081191,224081203,224081193,224083911,0,224083913,224083916,224083920,2,2,5,11,12,2,2718,-224083911,224083913,3,4,2744
3160,224081182,224081183,224081198,224081200,224081204,224081229,224081216,224084066,0,224084067,224084069,224084075,1,15,2,6,25,12,2850,-224084066,224084067,2,6,2893
3161,227710104,227710106,227710108,227710118,227710128,227710142,227710128,227713508,0,227713511,227713515,227713520,2,2,10,20,14,0,3380,-227713508,227713511,4,5,3416
3162,228934476,228934479,228934481,228934487,228934494,228934506,228934495,228938071,0,228938074,228938077,228938081,3,2,6,13,12,1,3576,-228938071,228938074,3,4,3605
3163,232848457,232848460,232848462,232848473,232848484,232848486,232848483,232850905,0,232850908,232850911,232850915,3,2,11,22,2,-1,2422,-232850905,232850908,3,4,2458
3164,232872430,232872431,232872433,232872437,232872441,232872450,232872444,232874631,0,232874633,232874636,232874640,1,2,4,8,9,3,2187,-232874631,232874633,3,4,2210
3165,238207069,238207070,238207072,238207083,238207096,238207099,238207093,238210324,0,238210326,238210331,238210335,1,2,11,24,3,-3,3231,-238210324,238210326,5,4,3266
3166,243693782,243693786,243693788,243693802,243693816,243693818,243693814,243696543,0,243696546,243696550,243696555,4,2,14,28,2,-2,2729,-243696543,243696546,4,5,2773
3167,244809820,244809821,244809823,244809831,244809838,244809846,244809839,244812242,0,244812245,244812248,244812252,1,2,8,15,8,1,2403,-244812242,244812245,3,4,2432
3168,245111087,245111088,245111090,245111096,245111103,245111104,245111103,245113500,0,245113504,245113508,245113512,1,2,6,13,1,0,2397,-245113500,245113504,4,4,2425
3169,260438687,260438688,260438690,260438710,260438733,260438735,260438723,260441966,0,260441969,260441975,260441978,1,2,20,43,2,-10,3243,-260441966,260441969,6,3,3291
3170,264254819,264254823,264254825,264254838,264254853,264254856,264254848,264258395,0,264258398,264258401,264258405,4,2,13,28,3,-5,3547,-264258395,264258398,3,4,3586
3171,264254831,264254832,264254865,264254868,264254874,264254895,264254881,264258520,0,264258522,264258524,264258528,1,33,3,9,21,7,3639,-264258520,264258522,2,4,3697
3172,269346865,269346869,269346871,269346884,269346901,269346904,269346894,269350415,0,269350418,269350422,269350427,4,2,13,30,3,-7,3521,-269350415,269350418,4,5,3562
3173,269346878,269346878,269346911,269346914,269346919,269346942,269346930,269350553,0,269350555,269350557,269350562,0,33,3,8,23,11,3623,-269350553,269350555,2,5,3684
3174,270025658,270025661,270025663,270025669,270025678,270025679,270025676,270029289,0,270029292,270029295,270029299,3,2,6,15,1,-2,3613,-270029289,270029292,3,4,3641
3175,270029354,270029354,270029356,270029360,270029366,270029382,270029372,270032748,0,270032751,270032753,270032758,0,2,4,10,16,6,3376,-270032748,270032751,2,5,3404
3176,272263796,272263797,272263799,272263808,272263819,272263820,272263816,272267304,0,272267307,272267310,272267314,1,2,9,20,1,-3,3488,-272267304,272267307,3,4,3518
3177,272263946,272263947,272263949,272263952,272263958,272263968,272263956,272267488,0,272267490,272267492,272267497,1,2,3,9,10,-2,3532,-272267488,272267490,2,5,3551
3178,275845933,275845936,275845938,275845949,275845961,275845963,275845958,275849553,0,275849556,275849559,275849564,3,2,11,23,2,-3,3595,-275849553,275849556,3,5,3631
3179,279498682,279498683,279498686,279498697,279498708,279498710,279498706,279501046,0,279501050,279501054,279501058,1,3,11,22,2,-2,2340,-279501046,279501050,4,4,2376
3180,284062159,284062162,284062164,284062178,284062195,284062198,284062187,284065758,0,284065761,284065764,284065769,3,2,14,31,3,-8,3571,-284065758,284065761,3,5,3610
3181,296623197,296623198,296623201,296623218,296623234,296623302,296623233,296625815,0,296625819,296625824,296625829,1,3,17,33,68,-1,2582,-296625815,296625819,5,5,2632
3182,296623201,296623202,296623238,296623244,296623251,296623281,296623251,296625875,0,296625877,296625879,296625884,1,36,6,13,30,0,2624,-296625875,296625877,2,5,2683
3183,296623235,296623246,296623277,296623281,296623286,296623337,296623325,296625958,0,296625959,296625961,296625969,11,31,4,9,51,39,2633,-296625958,296625959,2,8,2734
3184,296623236,296623246,296623265,296623270,296623275,296623342,296623322,296625956,0,296625957,296625959,296625966,10,19,5,10,67,47,2634,-296625956,296625957,2,7,2730
3185,296623244,296623245,296623253,296623258,296623263,296623277,296623318,296625952,0,296625954,296625957,296625963,1,8,5,10,14,55,2634,-296625952,296625954,3,6,2719
3186,323060081,323060082,323060084,323060100,323060116,323060118,323060113,323062602,0,323062605,323062609,323062613,1,2,16,32,2,-3,2489,-323062602,323062605,4,4,2532
3187,323060115,323060116,323060128,323060131,323060136,323060148,323060160,323062754,0,323062757,323062759,323062764,1,12,3,8,12,24,2594,-323062754,323062757,2,5,2649
3188,332836757,332836760,332836762,332836777,332836792,332836795,332836791,332839338,0,332839341,332839345,332839350,3,2,15,30,3,-1,2547,-332839338,332839341,4,5,2593
3189,332855644,332855645,332855647,332855650,332855655,332855672,332855658,332858153,0,332858155,332858158,332858163,1,2,3,8,17,3,2495,-332858153,332858155,3,5,2519
3190,332861621,332861622,332861624,332861627,332861632,332861643,332861634,332864062,0,332864065,332864067,332864072,1,2,3,8,11,2,2428,-332864062,332864065,2,5,2451
3191,337403800,337403808,337403810,337403821,337403834,337403837,337403832,337406237,0,337406240,337406243,337406248,8,2,11,24,3,-2,2405,-337406237,337406240,3,5,2448
3192,339876406,339876408,339876410,339876418,339876426,339876440,339876426,339879012,0,339879015,339879019,339879024,2,2,8,16,14,0,2586,-339879012,339879015,4,5,2618
3193,343631091,343631092,343631094,343631103,343631112,343631115,343631113,343633648,0,343633650,343633654,343633658,1,2,9,18,3,1,2535,-343633648,343633650,4,4,2567
3194,372352688,372352691,372352693,372352712,372352734,372352736,372352727,372356157,0,372356160,372356165,372356171,3,2,19,41,2,-7,3430,-372356157,372356160,5,6,3483
3195,374524408,374524409,374524411,374524421,374524430,374524442,374524429,374526975,0,374526978,374526981,374526987,1,2,10,19,12,-1,2546,-374526975,374526978,3,6,2579
3196,399106785,399106788,399106790,399106809,399106830,399106832,399106822,399110372,0,399110375,399110380,399110384,3,2,19,40,2,-8,3550,-399110372,399110375,5,4,3599
3197,399130777,399130778,399130780,399130784,399130791,399130801,399130792,399134305,0,399134307,399134310,399134315,1,2,4,11,10,1,3513,-399134305,399134307,3,5,3538
3198,399134563,399134565,399134566,399134570,399134576,399134586,399134577,399137935,0,399137937,399137939,399137944,2,1,4,10,10,1,3358,-399137935,399137937,2,5,3381
3199,402097102,402097104,402097106,402097114,402097123,402097124,402097123,402099664,0,402099666,402099670,402099673,2,2,8,17,1,0,2541,-402099664,402099666,4,3,2571
3200,404618961,404618964,404618966,404618974,404618987,404618996,404618983,404622437,0,404622440,404622443,404622447,3,2,8,21,9,-4,3454,-404622437,404622440,3,4,3486
3201,488412809,488412810,488412812,488412831,488412851,488412854,488412844,488415253,0,488415256,488415262,488415267,1,2,19,39,3,-7,2409,-488415253,488415256,6,5,2458
3202,516525283,516525284,516525286,516525306,516525329,516525331,516525319,516528836,0,516528840,516528844,516528848,1,2,20,43,2,-10,3517,-516528836,516528840,4,4,3565
3203,516525292,516525293,516525343,516525346,516525353,516525372,516525361,516528978,0,516528980,516528982,516528987,1,50,3,10,19,8,3617,-516528978,516528980,2,5,3695
3204,516583062,516583063,516583065,516583069,516583076,516583094,516583076,516586750,0,516586753,516586755,516586760,1,2,4,11,18,0,3674,-516586750,516586753,2,5,3698
3205,516583078,516583079,516583082,516583085,516583091,516583117,516583105,516586899,0,516586900,516586902,516586907,1,3,3,9,26,14,3794,-516586899,516586900,2,5,3829
3206,516806543,516806544,516806546,516806551,516806558,516806565,516806558,516809756,0,516809758,516809761,516809766,1,2,5,12,7,0,3198,-516809756,516809758,3,5,3223
3207,516806593,516806593,516806595,516806598,516806604,516806604,516806603,516809884,0,516809885,516809887,516809891,0,2,3,9,0,-1,3281,-516809884,516809885,2,4,3298
3208,525636618,525636621,525636623,525636638,525636653,525636656,525636650,525639074,0,525639077,525639081,525639086,3,2,15,30,3,-3,2424,-525639074,525639077,4,5,2468
3209,526127558,526127561,526127562,526127567,526127574,526127581,526127574,526129990,0,526129993,526129996,526130000,3,1,5,12,7,0,2416,-526129990,526129993,3,4,2442
3210,526632903,526632906,526632907,526632912,526632918,526632929,526632920,526635424,0,526635427,526635429,526635435,3,1,5,11,11,2,2504,-526635424,526635427,2,6,2532
3211,527098911,527098911,527098913,527098919,527098924,527098932,527098926,527101305,0,527101308,527101310,527101315,0,2,6,11,8,2,2379,-527101305,527101308,2,5,2404
3212,527270907,527270908,527270910,527270914,527270920,527270927,527270921,527273460,0,527273462,527273465,527273470,1,2,4,10,7,1,2539,-527273460,527273462,3,5,2563
3213,527470912,527470913,527470915,527470919,527470924,527470941,527470927,527474001,0,527474003,527474007,527474012,1,2,4,9,17,3,3074,-527474001,527474003,4,5,3100
3214,527813157,527813159,527813161,527813165,527813170,527813182,527813172,527815797,0,527815799,527815803,527815808,2,2,4,9,12,2,2625,-527815797,527815799,4,5,2651
3215,528011927,528011929,528011931,528011934,528011939,528011949,528011940,528014524,0,528014527,528014530,528014535,2,2,3,8,10,1,2584,-528014524,528014527,3,5,2608
3216,528221934,528221935,528221937,528221940,528221945,528221956,528221946,528224377,0,528224380,528224382,528224387,1,2,3,8,11,1,2431,-528224377,528224380,2,5,2453
3217,528526355,528526356,528526358,528526363,528526368,528526380,528526370,528528798,0,528528800,528528803,528528807,1,2,5,10,12,2,2428,-528528798,528528800,3,4,2452
3218,531043419,531043420,531043422,531043432,531043445,531043446,531043440,531046997,0,531046999,531047003,531047008,1,2,10,23,1,-5,3557,-531046997,531046999,4,5,3589
3219,554450514,554450518,554450520,554450536,554450553,554450556,554450549,554452963,0,554452967,554452971,554452975,4,2,16,33,3,-4,2414,-554452963,554452967,4,4,2461
3220,563750176,563750177,563750179,563750193,563750209,563750211,563750206,563752818,0,563752821,563752827,563752832,1,2,14,30,2,-3,2612,-563752818,563752821,6,5,2656
3221,575918174,575918175,575918177,575918197,575918219,575918222,575918212,575921626,0,575921630,575921634,575921639,1,2,20,42,3,-7,3414,-575921626,575921630,4,5,3465
3222,575918178,575918178,575918232,575918235,575918241,575918262,575918251,575921792,0,575921794,575921796,575921803,0,54,3,9,21,10,3541,-575921792,575921794,2,7,3625
3223,577688230,577688234,577688236,577688244,577688254,577688262,577688252,577690858,0,577690861,577690864,577690868,4,2,8,18,8,-2,2606,-577690858,577690861,3,4,2638
3224,579871346,579871349,579871351,579871358,579871366,579871368,579871366,579874183,0,579874186,579874188,579874193,3,2,7,15,2,0,2817,-579874183,579874186,2,5,2847
3225,591618418,591618422,591618424,591618440,591618456,591618459,591618452,591620949,0,591620953,591620957,591620961,4,2,16,32,3,-4,2497,-591620949,591620953,4,4,2543
3226,592021346,592021347,592021349,592021354,592021359,592021368,592021362,592024055,0,592024058,592024061,592024065,1,2,5,10,9,3,2693,-592024055,592024058,3,4,2719
3227,592425521,592425522,592425524,592425528,592425534,592425546,592425537,592428165,0,592428168,592428171,592428175,1,2,4,10,12,3,2628,-592428165,592428168,3,4,2654
3228,610996705,610996709,610996711,610996727,610996745,610996748,610996742,611000186,0,611000190,611000195,611000199,4,2,16,34,3,-3,3444,-611000186,611000190,5,4,3494
3229,631803267,631803268,631803270,631803287,631803302,631803303,631803299,631805715,0,631805718,631805723,631805727,1,2,17,32,1,-3,2416,-631805715,631805718,5,4,2460
3230,682504860,682504864,682504866,682504884,682504906,682504908,682504898,682508105,0,682508108,682508114,682508118,4,2,18,40,2,-8,3207,-682508105,682508108,6,4,3258
3231,776088560,776088562,776088564,776088582,776088604,776088606,776088597,776091863,0,776091866,776091871,776091875,2,2,18,40,2,-7,3266,-776091863,776091866,5,4,3315
3232,783327171,783327176,783327178,783327193,783327211,783327214,783327205,783330448,0,783330451,783330455,783330460,5,2,15,33,3,-6,3243,-783330448,783330451,4,5,3289
3233,797094595,797094598,797094600,797094617,797094634,797094636,797094631,797097022,0,797097025,797097030,797097034,3,2,17,34,2,-3,2391,-797097022,797097025,5,4,2439
3234,797134924,797134925,797134926,797134930,797134935,797134950,797134938,797137192,0,797137194,797137196,797137202,1,1,4,9,15,3,2254,-797137192,797137194,2,6,2278
3235,797682606,797682607,797682609,797682614,797682620,797682644,797682627,797685024,0,797685027,797685029,797685035,1,2,5,11,24,7,2397,-797685024,797685027,2,6,2429
3236,798138064,798138065,798138067,798138071,798138075,798138093,798138078,798140523,0,798140526,798140529,798140534,1,2,4,8,18,3,2445,-798140523,798140526,3,5,2470
3237,798593650,798593653,798593655,798593659,798593665,798593676,798593667,798596034,0,798596038,798596040,798596045,3,2,4,10,11,2,2367,-798596034,798596038,2,5,2395
3238,799577684,799577685,799577687,799577692,799577697,799577709,799577699,799580066,0,799580069,799580073,799580078,1,2,5,10,12,2,2367,-799580066,799580069,4,5,2394
3239,799577713,799577714,799577716,799577718,799577722,799577730,799577723,799580182,0,799580184,799580186,799580190,1,2,2,6,8,1,2459,-799580182,799580184,2,4,2477
3240,866537601,866537602,866537604,866537623,866537647,866537650,866537638,866540807,0,866540811,866540817,866540823,1,2,19,43,3,-9,3169,-866540807,866540811,6,6,3222
3241,910969941,910969946,910969947,910969964,910969981,910969984,910969978,910972515,0,910972518,910972523,910972528,5,1,17,34,3,-3,2537,-910972515,910972518,5,5,2587
3242,910992932,910992933,910992936,910992945,910992951,910992959,910992953,910995341,0,910995343,910995346,910995351,1,3,9,15,8,2,2388,-910995341,910995343,3,5,2419
3243,930795532,930795533,930795535,930795551,930795568,930795571,930795564,930797879,0,930797882,930797888,930797893,1,2,16,33,3,-4,2315,-930797879,930797882,6,5,2361
3244,930798187,930798188,930798190,930798194,930798198,930798208,930798200,930800457,0,930800460,930800463,930800468,1,2,4,8,10,2,2257,-930800457,930800460,3,5,2281
3245,930800827,930800828,930800830,930800834,930800838,930800848,930800840,930802973,0,930802975,930802978,930802982,1,2,4,8,10,2,2133,-930802973,930802975,3,4,2155
3246,930803689,930803690,930803692,930803695,930803699,930803708,930803701,930805988,0,930805991,930805993,930805998,1,2,3,7,9,2,2287,-930805988,930805991,2,5,2309
3247,936945471,936945472,936945474,936945488,936945509,936945511,936945499,936949065,0,936949068,936949073,936949077,1,2,14,35,2,-10,3566,-936949065,936949068,5,4,3606
3248,940362843,940362844,940362845,940362855,940362866,940362879,940362866,940365305,0,940365308,940365312,940365316,1,1,10,21,13,0,2439,-940365305,940365308,4,4,2473
3249,941692239,941692240,941692242,941692251,941692264,941692267,941692259,941695706,0,941695708,941695711,941695716,1,2,9,22,3,-5,3447,-941695706,941695708,3,5,3477
3250,957841760,957841764,957841766,957841783,957841799,957841801,957841797,957844326,0,957844329,957844333,957844338,4,2,17,33,2,-2,2529,-957844326,957844329,4,5,2578
3251,957986882,957986883,957986885,957986890,957986895,957986913,957986898,957989938,0,957989941,957989943,957989948,1,2,5,10,18,3,3040,-957989938,957989941,2,5,3066
3252,962129052,962129053,962129055,962129065,962129076,962129079,962129075,962132264,0,962132267,962132272,962132277,1,2,10,21,3,-1,3189,-962132264,962132267,5,5,3225
3253,963489227,963489228,963489230,963489237,963489245,963489246,963489245,963491865,0,963491868,963491871,963491876,1,2,7,15,1,0,2620,-963491865,963491868,3,5,2649
3254,964341961,964341962,964341964,964341969,964341976,964341988,964341978,964344497,0,964344500,964344505,964344510,1,2,5,12,12,2,2519,-964344497,964344500,5,5,2549
3255,964341965,964341966,964341983,964341985,964341989,964342013,964342002,964344642,0,964344644,964344646,964344651,1,17,2,6,24,13,2640,-964344642,964344644,2,5,2686
3256,9818617,9818619,9818621,9818638,9818656,9818658,9818652,9821272,0,9821276,9821282,9821287,2,2,17,35,2,-4,2620,-9821272,9821276,6,5,2670
3257,9823448,9823450,9823452,9823455,9823460,9823470,9823462,9825877,0,9825879,9825882,9825887,2,2,3,8,10,2,2415,-9825877,9825879,3,5,2439
3258,9835723,9835724,9835726,9835729,9835734,9835744,9835736,9838171,0,9838173,9838176,9838180,1,2,3,8,10,2,2435,-9838171,9838173,3,4,2457
3259,9842207,9842208,9842209,9842213,9842217,9842227,9842219,9844491,0,9844494,9844497,9844504,1,1,4,8,10,2,2272,-9844491,9844494,3,7,2297
3260,9943558,9943559,9943561,9943565,9943569,9943580,9943571,9946056,0,9946059,9946062,9946066,1,2,4,8,11,2,2485,-9946056,9946059,3,4,2508
3261,9956537,9956538,9956540,9956543,9956548,9956557,9956549,9958917,0,9958919,9958921,9958926,1,2,3,8,9,1,2368,-9958917,9958919,2,5,2389
3262,10019540,10019541,10019543,10019546,10019551,10019561,10019553,10022018,0,10022020,10022023,10022028,1,2,3,8,10,2,2465,-10022018,10022020,3,5,2488
3263,10172173,10172174,10172176,10172179,10172183,10172193,10172186,10174729,0,10174732,10174734,10174739,1,2,3,7,10,3,2543,-10174729,10174732,2,5,2566
3264,10346462,10346463,10346465,10346468,10346472,10346482,10346474,10350122,0,10350124,10350127,10350132,1,2,3,7,10,2,3648,-10350122,10350124,3,5,3670
3265,10351746,10351746,10351748,10351751,10351755,10351765,10351757,10354177,0,10354179,10354182,10354187,0,2,3,7,10,2,2420,-10354177,10354179,3,5,2441
3266,10376690,10376691,10376693,10376696,10376700,10376709,10376701,10379168,0,10379170,10379172,10379177,1,2,3,7,9,1,2467,-10379168,10379170,2,5,2487
3267,10588805,10588805,10588807,10588811,10588816,10588826,10588818,10591404,0,10591407,10591409,10591414,0,2,4,9,10,2,2586,-10591404,10591407,2,5,2609
3268,10601541,10601542,10601544,10601548,10601553,10601562,10601554,10603946,0,10603948,10603951,10603956,1,2,4,9,9,1,2392,-10603946,10603948,3,5,2415
3269,10664184,10664185,10664187,10664191,10664197,10664207,10664199,10666698,0,10666701,10666704,10666708,1,2,4,10,10,2,2499,-10666698,10666701,3,4,2524
3270,10905692,10905693,10905695,10905699,10905704,10905715,10905706,10908279,0,10908281,10908284,10908288,1,2,4,9,11,2,2573,-10908279,10908281,3,4,2596
3271,42870918,42870920,42870922,42870937,42870953,42870956,42870949,42873352,0,42873355,42873361,42873367,2,2,15,31,3,-4,2403,-42873352,42873355,6,6,2449
3272,42873744,42873745,42873747,42873751,42873756,42873765,42873758,42876179,0,42876182,42876185,42876190,1,2,4,9,9,2,2421,-42876179,42876182,3,5,2446
3273,42876511,42876512,42876514,42876517,42876521,42876531,42876524,42878915,0,42878917,42878920,42878924,1,2,3,7,10,3,2391,-42878915,42878917,3,4,2413
3274,53798270,53798271,53798274,53798291,53798313,53798315,53798303,53801690,0,53801694,53801699,53801703,1,3,17,39,2,-10,3387,-53801690,53801694,5,4,3433
3275,53835247,53835248,53835250,53835254,53835261,53835271,53835260,53838510,0,53838513,53838515,53838520,1,2,4,11,10,-1,3250,-53838510,53838513,2,5,3273
3276,53846654,53846655,53846657,53846661,53846667,53846679,53846671,53850101,0,53850105,53850107,53850112,1,2,4,10,12,4,3430,-53850101,53850105,2,5,3458
3277,54685422,54685423,54685425,54685432,54685440,54685441,54685440,54687912,0,54687915,54687919,54687924,1,2,7,15,1,0,2472,-54687912,54687915,4,5,2502
3278,55901425,55901426,55901428,55901433,55901442,55901451,55901440,55904724,0,55904727,55904730,55904735,1,2,5,14,9,-2,3284,-55904724,55904727,3,5,3310
3279,56045159,56045161,56045163,56045167,56045175,56045175,56045174,56048691,0,56048694,56048698,56048702,2,2,4,12,0,-1,3517,-56048691,56048694,4,4,3543
3280,60718016,60718017,60718019,60718032,60718049,60718051,60718044,60721563,0,60721566,60721569,60721574,1,2,13,30,2,-5,3519,-60721563,60721566,3,5,3558
3281,60967019,60967020,60967023,60967027,60967035,60967045,60967035,60970423,0,60970426,60970428,60970433,1,3,4,12,10,0,3388,-60970423,60970426,2,5,3414
3282,69838069,69838070,69838072,69838087,69838104,69838106,69838100,69840510,0,69840514,69840519,69840524,1,2,15,32,2,-4,2410,-69840510,69840514,5,5,2455
3283,84938246,84938247,84938249,84938266,84938284,84938287,84938280,84940678,0,84940681,84940685,84940689,1,2,17,35,3,-4,2398,-84940678,84940681,4,4,2443
3284,102502925,102502927,102502929,102502948,102502971,102502973,102502961,102506372,0,102506376,102506380,102506385,2,2,19,42,2,-10,3411,-102506372,102506376,4,5,3460
3285,105389239,105389241,105389243,105389251,105389261,105389271,105389260,105392769,0,105392772,105392775,105392780,2,2,8,18,10,-1,3509,-105392769,105392772,3,5,3541
3286,130689265,130689268,130689271,130689288,130689306,130689309,130689302,130691952,0,130691955,130691960,130691965,3,3,17,35,3,-4,2650,-130691952,130691955,5,5,2700
3287,131715138,131715139,131715141,131715145,131715151,131715163,131715153,131717666,0,131717670,131717672,131717676,1,2,4,10,12,2,2513,-131717666,131717670,2,4,2538
3288,132089494,132089495,132089497,132089509,132089521,132089534,132089521,132093128,0,132093130,132093134,132093139,1,2,12,24,13,0,3607,-132093128,132093130,4,5,3645
3289,132141603,132141604,132141606,132141610,132141616,132141624,132141618,132144537,0,132144539,132144542,132144547,1,2,4,10,8,2,2919,-132144537,132144539,3,5,2944
3290,132614375,132614377,132614379,132614383,132614389,132614400,132614390,132616691,0,132616695,132616698,132616703,2,2,4,10,11,1,2301,-132616691,132616695,3,5,2328
3291,132614376,132614379,132614395,132614397,132614401,132614424,132614412,132616849,0,132616851,132616853,132616858,3,16,2,6,23,11,2437,-132616849,132616851,2,5,2482
3292,132830377,132830378,132830380,132830385,132830390,132830402,132830392,132832711,0,132832715,132832718,132832723,1,2,5,10,12,2,2319,-132832711,132832715,3,5,2346
3293,132830382,132830383,132830396,132830398,132830401,132830430,132830418,132832882,0,132832884,132832886,132832890,1,13,2,5,29,17,2464,-132832882,132832884,2,4,2508
3294,133150619,133150620,133150622,133150626,133150632,133150651,133150636,133153112,0,133153115,133153118,133153122,1,2,4,10,19,4,2476,-133153112,133153115,3,4,2503
3295,133162315,133162316,133162318,133162321,133162325,133162340,133162328,133164630,0,133164632,133164634,133164639,1,2,3,7,15,3,2302,-133164630,133164632,2,5,2324
3296,174615937,174615941,174615943,174615962,174615985,174615987,174615975,174619508,0,174619511,174619516,174619520,4,2,19,42,2,-10,3533,-174619508,174619511,5,4,3583
3297,221801656,221801657,221801659,221801677,221801694,221801696,221801692,221804130,0,221804133,221804138,221804143,1,2,18,35,2,-2,2438,-221804130,221804133,5,5,2487
3298,228463483,228463484,228463486,228463503,228463517,228463520,228463515,228466303,0,228466306,228466310,228466314,1,2,17,31,3,-2,2788,-228466303,228466306,4,4,2831
3299,240470545,240470547,240470549,240470565,240470583,240470585,240470578,240473653,0,240473657,240473661,240473665,2,2,16,34,2,-5,3075,-240473653,240473657,4,4,3120
3300,240765776,240765777,240765779,240765786,240765794,240765796,240765793,240768183,0,240768186,240768188,240768193,1,2,7,15,2,-1,2390,-240768183,240768186,2,5,2417
3301,285950230,285950231,285950234,285950252,285950276,285950279,285950265,285953803,0,285953806,285953812,285953817,1,3,18,42,3,-11,3538,-285953803,285953806,6,5,3587
3302,287974684,287974685,287974687,287974696,287974708,287974711,287974705,287978325,0,287978330,287978333,287978338,1,2,9,21,3,-3,3620,-287978325,287978330,3,5,3654
3303,287997115,287997116,287997118,287997122,287997129,287997130,287997129,288000576,0,288000579,288000581,288000586,1,2,4,11,1,0,3447,-288000576,288000579,2,5,3471
3304,288567396,288567397,288567399,288567406,288567414,288567421,288567414,288569851,0,288569854,288569857,288569862,1,2,7,15,7,0,2437,-288569851,288569854,3,5,2466
3305,294837469,294837471,294837473,294837485,294837508,294837510,294837496,294841057,0,294841061,294841065,294841069,2,2,12,35,2,-12,3561,-294841057,294841061,4,4,3600
3306,294842466,294842467,294842469,294842473,294842480,294842488,294842479,294845847,0,294845849,294845852,294845856,1,2,4,11,8,-1,3368,-294845847,294845849,3,4,3390
3307,294846158,294846159,294846160,294846164,294846170,294846178,294846170,294849577,0,294849579,294849582,294849586,1,1,4,10,8,0,3407,-294849577,294849579,3,4,3428
3308,294849875,294849876,294849878,294849881,294849887,294849895,294849886,294853096,0,294853099,294853101,294853106,1,2,3,9,8,-1,3210,-294853096,294853099,2,5,3231
3309,294853453,294853454,294853456,294853459,294853464,294853473,294853464,294856809,0,294856812,294856814,294856819,1,2,3,8,9,0,3345,-294856809,294856812,2,5,3366
3310,298312870,298312873,298312875,298312886,298312896,298312898,298312895,298316204,0,298316207,298316210,298316215,3,2,11,21,2,-1,3309,-298316204,298316207,3,5,3345
3311,298765839,298765840,298765842,298765846,298765852,298765863,298765853,298768518,0,298768521,298768523,298768528,1,2,4,10,11,1,2665,-298768518,298768521,2,5,2689
3312,304520803,304520807,304520809,304520819,304520831,304520833,304520830,304523463,0,304523466,304523469,304523474,4,2,10,22,2,-1,2633,-304523463,304523466,3,5,2671
3313,304787346,304787347,304787349,304787353,304787359,304787371,304787361,304789807,0,304789810,304789812,304789817,1,2,4,10,12,2,2446,-304789807,304789810,2,5,2471
3314,309764517,309764518,309764521,309764533,309764550,309764565,309764543,309768081,0,309768084,309768089,309768094,1,3,12,29,15,-7,3538,-309768081,309768084,5,5,3577
3315,332815054,332815055,332815057,332815074,332815090,332815093,332815087,332817794,0,332817797,332817803,332817807,1,2,17,33,3,-3,2707,-332817794,332817797,6,4,2753
3316,332845249,332845250,332845252,332845256,332845261,332845272,332845263,332847598,0,332847601,332847603,332847608,1,2,4,9,11,2,2335,-332847598,332847601,2,5,2359
3317,332872049,332872050,332872052,332872055,332872060,332872073,332872065,332874434,0,332874437,332874439,332874444,1,2,3,8,13,5,2369,-332874434,332874437,2,5,2395
3318,332906704,332906705,332906707,332906710,332906714,332906726,332906717,332909061,0,332909063,332909066,332909071,1,2,3,7,12,3,2344,-332909061,332909063,3,5,2367
3319,333572119,333572120,333572122,333572126,333572131,333572140,333572133,333574984,0,333574988,333574991,333574995,1,2,4,9,9,2,2851,-333574984,333574988,3,4,2876
3320,338844385,338844386,338844388,338844394,338844401,338844409,338844401,338848084,0,338848086,338848089,338848093,1,2,6,13,8,0,3683,-338848084,338848086,3,4,3708
3321,338860751,338860752,338860754,338860757,338860762,338860773,338860765,338863058,0,338863060,338863063,338863068,1,2,3,8,11,3,2293,-338863058,338863060,3,5,2317
3322,381057017,381057020,381057062,381057067,381057073,381057081,381057094,381059963,0,381059965,381059967,381059972,3,42,5,11,8,21,2869,-381059963,381059965,2,5,2955
3323,381057018,381057019,381057021,381057039,381057057,381057061,381057052,381059914,0,381059918,381059922,381059927,1,2,18,36,4,-5,2862,-381059914,381059918,4,5,2909
3324,405959712,405959713,405959715,405959731,405959749,405959752,405959744,405963187,0,405963190,405963194,405963199,1,2,16,34,3,-5,3443,-405963187,405963190,4,5,3487
3325,407980312,407980314,407980316,407980332,407980349,407980350,407980344,407983477,0,407983481,407983485,407983489,2,2,16,33,1,-5,3133,-407983477,407983481,4,4,3177
3326,427100999,427101003,427101005,427101023,427101046,427101049,427101038,427104433,0,427104436,427104441,427104446,4,2,18,41,3,-8,3395,-427104433,427104436,5,5,3447
3327,445436797,445436798,445436800,445436820,445436842,445436845,445436833,445440458,0,445440461,445440467,445440472,1,2,20,42,3,-9,3625,-445440458,445440461,6,5,3675
3328,445757647,445757648,445757650,445757655,445757663,445757673,445757662,445761320,0,445761322,445761326,445761330,1,2,5,13,10,-1,3658,-445761320,445761322,4,4,3683
3329,446254289,446254290,446254292,446254297,446254304,446254314,446254305,446257640,0,446257643,446257646,446257651,1,2,5,12,10,1,3335,-446257640,446257643,3,5,3362
3330,446259968,446259969,446259971,446259975,446259981,446259995,446259988,446263404,0,446263406,446263409,446263414,1,2,4,10,14,7,3416,-446263404,446263406,3,5,3446
3331,446367095,446367096,446367097,446367102,446367109,446367118,446367110,446370553,0,446370555,446370558,446370563,1,1,5,12,9,1,3443,-446370553,446370555,3,5,3468
3332,452356695,452356696,452356698,452356710,452356726,452356728,452356720,452360301,0,452360304,452360308,452360312,1,2,12,28,2,-6,3581,-452360301,452360304,4,4,3617
3333,455218898,455218900,455218901,455218911,455218924,455218927,455218920,455222556,0,455222559,455222562,455222566,2,1,10,23,3,-4,3636,-455222556,455222559,3,4,3668
3334,469369263,469369267,469369269,469369288,469369311,469369314,469369302,469372765,0,469372769,469372773,469372777,4,2,19,42,3,-9,3463,-469372765,469372769,4,4,3514
3335,469705253,469705256,469705258,469705262,469705269,469705270,469705269,469708945,0,469708947,469708950,469708954,3,2,4,11,1,0,3676,-469708945,469708947,3,4,3701
3336,469708993,469708994,469708996,469708999,469709005,469709020,469709005,469712551,0,469712553,469712556,469712561,1,2,3,9,15,0,3546,-469712551,469712553,3,5,3568
3337,488684317,488684320,488684322,488684339,488684356,488684358,488684352,488686794,0,488686798,488686802,488686806,3,2,17,34,2,-4,2442,-488686794,488686798,4,4,2489
3338,489427422,489427423,489427425,489427430,489427437,489427445,489427438,489431007,0,489431010,489431013,489431017,1,2,5,12,8,1,3569,-489431007,489431010,3,4,3595
3339,538726265,538726266,538726268,538726285,538726302,538726305,538726300,538728748,0,538728751,538728756,538728761,1,2,17,34,3,-2,2448,-538728748,538728751,5,5,2496
3340,538729472,538729473,538729475,538729479,538729484,538729500,538729487,538732082,0,538732084,538732087,538732091,1,2,4,9,16,3,2595,-538732082,538732084,3,4,2619
3341,544118961,544118965,544118966,544118977,544118989,544118990,544118987,544122061,0,544122064,544122067,544122071,4,1,11,23,1,-2,3074,-544122061,544122064,3,4,3110
3342,545138822,545138823,545138825,545138829,545138835,545138847,545138837,545141310,0,545141313,545141315,545141320,1,2,4,10,12,2,2473,-545141310,545141313,2,5,2498
3343,546037129,546037133,546037135,546037139,546037144,546037157,546037147,546039522,0,546039526,546039528,546039533,4,2,4,9,13,3,2375,-546039522,546039526,2,5,2404
3344,548265409,548265410,548265412,548265419,548265428,548265441,548265428,548268564,0,548268567,548268571,548268576,1,2,7,16,13,0,3136,-548268564,548268567,4,5,3167
3345,568929420,568929421,568929423,568929442,568929465,568929467,568929454,568932898,0,568932901,568932906,568932911,1,2,19,42,2,-11,3444,-568932898,568932901,5,5,3491
3346,570579003,570579004,570579005,570579013,570579023,570579032,570579021,570582626,0,570582629,570582632,570582636,1,1,8,18,9,-2,3605,-570582626,570582629,3,4,3633
3347,570704628,570704629,570704631,570704636,570704642,570704643,570704642,570708281,0,570708284,570708287,570708292,1,2,5,11,1,0,3639,-570708281,570708284,3,5,3664
3348,643372320,643372321,643372323,643372338,643372354,643372357,643372351,643374789,0,643374793,643374798,643374802,1,2,15,31,3,-3,2438,-643374789,643374793,5,4,2482
3349,643464927,643464929,643464930,643464935,643464941,643464950,643464942,643467332,0,643467334,643467337,643467342,2,1,5,11,9,1,2390,-643467332,643467334,3,5,2415
3350,710476496,710476497,710476499,710476522,710476547,710476550,710476536,710479983,0,710479987,710479992,710479996,1,2,23,48,3,-11,3447,-710479983,710479987,5,4,3500
3351,710480991,710480992,710480994,710480999,710481005,710481016,710481005,710484297,0,710484299,710484302,710484306,1,2,5,11,11,0,3292,-710484297,710484299,3,4,3315
3352,710484512,710484513,710484515,710484518,710484525,710484531,710484525,710487850,0,710487852,710487855,710487860,1,2,3,10,6,0,3325,-710487850,710487852,3,5,3348
3353,710492000,710492001,710492003,710492006,710492012,710492022,710492013,710495547,0,710495550,710495552,710495557,1,2,3,9,10,1,3534,-710495547,710495550,2,5,3557
3354,738669383,738669385,738669387,738669405,738669422,738669425,738669418,738672286,0,738672289,738672295,738672300,2,2,18,35,3,-4,2868,-738672286,738672289,6,5,2917
3355,760670080,760670082,760670084,760670103,760670126,760670129,760670118,760673540,0,760673544,760673550,760673554,2,2,19,42,3,-8,3422,-760673540,760673544,6,4,3474
3356,818869458,818869463,818869464,818869482,818869499,818869505,818869496,818872906,0,818872910,818872914,818872918,5,1,18,35,6,-3,3410,-818872906,818872910,4,4,3460
3357,852783052,852783053,852783055,852783073,852783090,852783092,852783086,852786489,0,852786493,852786498,852786506,1,2,18,35,2,-4,3403,-852786489,852786493,5,8,3454
3358,853209622,853209623,853209625,853209629,853209635,853209645,853209637,853213219,0,853213222,853213224,853213231,1,2,4,10,10,2,3582,-853213219,853213222,2,7,3609
3359,859671640,859671642,859671644,859671657,859671675,859671678,859671667,859675138,0,859675141,859675146,859675150,2,2,13,31,3,-8,3471,-859675138,859675141,5,4,3510
3360,860372250,860372252,860372254,860372262,860372271,860372279,860372270,860374776,0,860374779,860374782,860374787,2,2,8,17,8,-1,2506,-860374776,860374779,3,5,2537
3361,892399639,892399640,892399643,892399659,892399675,892399678,892399672,892402045,0,892402049,892402054,892402059,1,3,16,32,3,-3,2373,-892402045,892402049,5,5,2420
3362,912213623,912213624,912213627,912213644,912213661,912213663,912213657,912216070,0,912216074,912216079,912216083,1,3,17,34,2,-4,2413,-912216070,912216074,5,4,2460
3363,4559706,4559707,4559709,4559726,4559742,4559744,4559739,4562254,0,4562257,4562263,4562269,1,2,17,33,2,-3,2515,-4562254,4562257,6,6,2563
3364,4566527,4566528,4566530,4566534,4566539,4566549,4566540,4568866,0,4568868,4568871,4568875,1,2,4,9,10,1,2326,-4568866,4568868,3,4,2348
3365,9590612,9590615,9590617,9590634,9590651,9590653,9590651,9593178,0,9593182,9593186,9593190,3,2,17,34,2,0,2527,-9593178,9593182,4,4,2578
3366,9612936,9612937,9612939,9612943,9612948,9612966,9612951,9615449,0,9615452,9615454,9615459,1,2,4,9,18,3,2498,-9615449,9615452,2,5,2523
3367,14161674,14161675,14161677,14161688,14161701,14161703,14161699,14164175,0,14164178,14164183,14164188,1,2,11,24,2,-2,2476,-14164175,14164178,5,5,2514
3368,14166162,14166163,14166165,14166169,14166173,14166183,14166175,14168465,0,14168467,14168470,14168475,1,2,4,8,10,2,2290,-14168465,14168467,3,5,2313
3369,14186714,14186715,14186717,14186721,14186726,14186735,14186728,14189108,0,14189110,14189113,14189117,1,2,4,9,9,2,2380,-14189108,14189110,3,4,2403
3370,16262211,16262212,16262215,16262221,16262229,16262238,16262229,16264698,0,16264701,16264705,16264710,1,3,6,14,9,0,2469,-16264698,16264701,4,5,2499
3371,17683976,17683977,17683979,17683986,17683994,17684003,17683995,17686873,0,17686876,17686878,17686883,1,2,7,15,9,1,2878,-17686873,17686876,2,5,2907
3372,20622268,20622269,20622271,20622279,20622287,20622299,20622288,20625600,0,20625603,20625606,20625611,1,2,8,16,12,1,3312,-20625600,20625603,3,5,3343
3373,20637487,20637488,20637490,20637493,20637497,20637510,20637500,20640343,0,20640345,20640348,20640352,1,2,3,7,13,3,2843,-20640343,20640345,3,4,2865
3374,21440534,21440535,21440537,21440541,21440547,21440555,21440547,21443528,0,21443530,21443533,21443538,1,2,4,10,8,0,2981,-21443528,21443530,3,5,3004
3375,23498929,23498933,23498935,23498943,23498951,23498953,23498952,23501420,0,23501423,23501426,23501431,4,2,8,16,2,1,2468,-23501420,23501423,3,5,2502
3376,24929326,24929328,24929330,24929337,24929344,24929354,24929345,24931842,0,24931844,24931848,24931852,2,2,7,14,10,1,2497,-24931842,24931844,4,4,2526
3377,32176295,32176296,32176298,32176312,32176327,32176330,32176324,32178930,0,32178934,32178937,32178942,1,2,14,29,3,-3,2606,-32178930,32178934,3,5,2647
3378,38910867,38910868,38910870,38910886,38910906,38910908,38910897,38914269,0,38914272,38914278,38914283,1,2,16,36,2,-9,3372,-38914269,38914272,6,5,3416
3379,114880759,114880760,114880762,114880779,114880796,114880799,114880793,114883101,0,114883105,114883110,114883116,1,2,17,34,3,-3,2308,-114883101,114883105,5,6,2357
3380,142013103,142013104,142013106,142013125,142013149,142013151,142013138,142016511,0,142016515,142016521,142016525,1,2,19,43,2,-11,3373,-142016511,142016515,6,4,3422
3381,142290290,142290292,142290294,142290300,142290308,142290318,142290307,142293742,0,142293745,142293748,142293752,2,2,6,14,10,-1,3435,-142293742,142293745,3,4,3462
3382,259923375,259923377,259923379,259923397,259923421,259923424,259923412,259926801,0,259926805,259926811,259926817,2,2,18,42,3,-9,3389,-259926801,259926805,6,6,3442
3383,270395778,270395779,270395781,270395797,270395812,270395814,270395809,270398508,0,270398512,270398517,270398521,1,2,16,31,2,-3,2699,-270398508,270398512,5,4,2743
3384,291029959,291029961,291029963,291029979,291029996,291029998,291029991,291032605,0,291032609,291032615,291032620,2,2,16,33,2,-5,2614,-291032605,291032609,6,5,2661
3385,291030001,291030002,291030004,291030011,291030018,291030073,291030041,291032663,0,291032665,291032668,291032672,1,2,7,14,55,23,2622,-291032663,291032665,3,4,2671
3386,291030025,291030028,291030041,291030045,291030050,291030062,291030081,291032761,0,291032762,291032764,291032770,3,13,4,9,12,31,2680,-291032761,291032762,2,6,2745
3387,291030026,291030027,291030029,291030034,291030039,291030066,291030044,291032757,0,291032759,291032761,291032767,1,2,5,10,27,5,2713,-291032757,291032759,2,6,2741
3388,291030032,291030033,291030051,291030056,291030061,291030095,291030087,291032763,0,291032764,291032766,291032773,1,18,5,10,34,26,2676,-291032763,291032764,2,7,2741
3389,329008122,329008123,329008125,329008142,329008160,329008162,329008156,329010935,0,329010938,329010945,329010949,1,2,17,35,2,-4,2779,-329010935,329010938,7,4,2827
3390,515914325,515914326,515914329,515914348,515914372,515914375,515914362,515917807,0,515917811,515917817,515917822,1,3,19,43,3,-10,3445,-515917807,515917811,6,5,3497
3391,515918220,515918221,515918223,515918227,515918234,515918243,515918233,515921411,0,515921414,515921417,515921421,1,2,4,11,9,-1,3178,-515921411,515921414,3,4,3201
3392,546336236,546336238,546336240,546336259,546336281,546336283,546336273,546339812,0,546339816,546339822,546339826,2,2,19,41,2,-8,3539,-546339812,546339816,6,4,3590
3393,546357488,546357489,546357491,546357495,546357505,546357515,546357505,546361109,0,546361112,546361115,546361119,1,2,4,14,10,0,3604,-546361109,546361112,3,4,3631
3394,602805079,602805080,602805082,602805098,602805115,602805116,602805111,602807494,0,602807497,602807505,602807510,1,2,16,33,1,-4,2383,-602807494,602807497,8,5,2431
3395,603923658,603923660,603923662,603923673,603923689,603923691,603923681,603927310,0,603927312,603927317,603927321,2,2,11,27,2,-8,3629,-603927310,603927312,5,4,3663
3396,603968951,603968952,603968955,603968960,603968966,603968982,603968973,603972427,0,603972430,603972433,603972437,1,3,5,11,16,7,3454,-603972427,603972430,3,4,3486
3397,604794060,604794061,604794063,604794068,604794076,604794077,604794076,604797484,0,604797487,604797490,604797496,1,2,5,13,1,0,3408,-604797484,604797487,3,6,3436
3398,604803393,604803393,604803395,604803399,604803406,604803414,604803406,604806755,0,604806759,604806761,604806766,0,2,4,11,8,0,3349,-604806755,604806759,2,5,3373
3399,604818472,604818473,604818475,604818478,604818485,604818494,604818485,604821895,0,604821898,604821900,604821904,1,2,3,10,9,0,3410,-604821895,604821898,2,4,3432
3400,604977088,604977089,604977091,604977096,604977102,604977112,604977104,604980414,0,604980418,604980421,604980425,1,2,5,11,10,2,3310,-604980414,604980418,3,4,3337
3401,604986292,604986293,604986295,604986299,604986304,604986313,604986305,604989630,0,604989633,604989635,604989640,1,2,4,9,9,1,3325,-604989630,604989633,2,5,3348
3402,604992922,604992923,604992925,604992928,604992934,604992943,604992935,604996063,0,604996065,604996068,604996072,1,2,3,9,9,1,3128,-604996063,604996065,3,4,3150
3403,630798423,630798424,630798426,630798445,630798468,630798471,630798458,630801756,0,630801759,630801765,630801770,1,2,19,42,3,-10,3298,-630801756,630801759,6,5,3347
3404,632925328,632925330,632925332,632925339,632925350,632925360,632925348,632928881,0,632928883,632928887,632928891,2,2,7,18,10,-2,3533,-632928881,632928883,4,4,3563
3405,633080725,633080726,633080728,633080733,633080739,633080748,633080740,633084122,0,633084125,633084128,633084132,1,2,5,11,9,1,3382,-633084122,633084125,3,4,3407
3406,633086512,633086513,633086515,633086519,633086525,633086533,633086526,633089809,0,633089813,633089815,633089820,1,2,4,10,8,1,3283,-633089809,633089813,2,5,3308
3407,633324824,633324825,633324827,633324832,633324839,633324848,633324839,633328337,0,633328340,633328343,633328348,1,2,5,12,9,0,3498,-633328337,633328340,3,5,3524
3408,633808322,633808323,633808325,633808330,633808337,633808346,633808336,633811713,0,633811715,633811719,633811724,1,2,5,12,9,-1,3377,-633811713,633811715,4,5,3402
3409,741710792,741710793,741710795,741710815,741710838,741710841,741710829,741714312,0,741714315,741714321,741714327,1,2,20,43,3,-9,3483,-741714312,741714315,6,6,3535
3410,842049230,842049231,842049234,842049251,842049273,842049276,842049265,842052725,0,842052729,842052734,842052739,1,3,17,39,3,-8,3460,-842052725,842052729,5,5,3509
3411,899752036,899752038,899752040,899752059,899752083,899752085,899752074,899755468,0,899755471,899755477,899755482,2,2,19,43,2,-9,3394,-899755468,899755471,6,5,3446
3412,997812158,997812159,997812161,997812181,997812204,997812207,997812195,997815549,0,997815552,997815559,997815564,1,2,20,43,3,-9,3354,-997815549,997815552,7,5,3406
3413,997816939,997816940,997816942,997816947,997816953,997816962,997816953,997820214,0,997820217,997820219,997820224,1,2,5,11,9,0,3261,-997820214,997820217,2,5,3285
3414,997839485,997839486,997839488,997839492,997839499,997839510,997839499,997842925,0,997842927,997842930,997842934,1,2,4,11,11,0,3426,-997842925,997842927,3,4,3449
3415,997844336,997844337,997844339,997844343,997844349,997844357,997844350,997847911,0,997847914,997847917,997847921,1,2,4,10,8,1,3561,-997847911,997847914,3,4,3585
3416,998809239,998809240,998809242,998809250,998809261,998809263,998809258,998813021,0,998813023,998813026,998813031,1,2,8,19,2,-3,3763,-998813021,998813023,3,5,3792
3417,211424240,211424242,211424244,211424264,211424287,211424289,211424278,211427448,0,211427452,211427456,211427462,2,2,20,43,2,-9,3170,-211427448,211427452,4,6,3222
3418,223488822,223488823,223488825,223488843,223488866,223488868,223488856,223492350,0,223492353,223492359,223492364,1,2,18,41,2,-10,3494,-223492350,223492353,6,5,3542
3419,223852285,223852286,223852288,223852293,223852301,223852311,223852300,223855832,0,223855835,223855838,223855842,1,2,5,13,10,-1,3532,-223855832,223855835,3,4,3557
3420,225694906,225694907,225694909,225694916,225694925,225694927,225694923,225698567,0,225698570,225698574,225698578,1,2,7,16,2,-2,3644,-225698567,225698570,4,4,3672
3421,225855735,225855736,225855738,225855743,225855750,225855759,225855751,225859209,0,225859211,225859214,225859218,1,2,5,12,9,1,3458,-225859209,225859211,3,4,3483
3422,225866768,225866769,225866770,225866777,225866786,225866795,225866784,225869916,0,225869919,225869923,225869927,1,1,7,16,9,-2,3132,-225869916,225869919,4,4,3159
3423,225886011,225886011,225886013,225886017,225886024,225886033,225886025,225889212,0,225889214,225889217,225889222,0,2,4,11,9,1,3187,-225889212,225889214,3,5,3211
3424,235483001,235483002,235483004,235483020,235483036,235483039,235483033,235485324,0,235485328,235485333,235485338,1,2,16,32,3,-3,2291,-235485324,235485328,5,5,2337
3425,381058614,381058615,381058618,381058634,381058652,381058655,381058648,381060982,0,381060986,381060992,381060997,1,3,16,34,3,-4,2334,-381060982,381060986,6,5,2383
3426,466726388,466726390,466726392,466726409,466726427,466726429,466726423,466728985,0,466728989,466728995,466729000,2,2,17,35,2,-4,2562,-466728985,466728989,6,5,2612
3427,471413668,471413669,471413671,471413683,471413695,471413698,471413693,471416165,0,471416168,471416173,471416177,1,2,12,24,3,-2,2472,-471416165,471416168,5,4,2509
3428,471805517,471805518,471805520,471805523,471805528,471805539,471805531,471808105,0,471808108,471808110,471808115,1,2,3,8,11,3,2574,-471808105,471808108,2,5,2598
3429,471819657,471819658,471819660,471819664,471819669,471819679,471819671,471822182,0,471822185,471822187,471822192,1,2,4,9,10,2,2511,-471822182,471822185,2,5,2535
3430,471998663,471998664,471998665,471998670,471998675,471998684,471998676,472001079,0,472001081,472001083,472001088,1,1,5,10,9,1,2403,-472001079,472001081,2,5,2425
3431,651909120,651909123,651909125,651909144,651909166,651909169,651909161,651912503,0,651912506,651912511,651912515,3,2,19,41,3,-5,3342,-651912503,651912506,5,4,3395
3432,692453046,692453047,692453049,692453069,692453092,692453095,692453083,692456516,0,692456519,692456525,692456531,1,2,20,43,3,-9,3433,-692456516,692456519,6,6,3485
3433,692823363,692823364,692823366,692823371,692823379,692823388,692823378,692826779,0,692826781,692826784,692826788,1,2,5,13,9,-1,3401,-692826779,692826781,3,4,3425
3434,694715403,694715404,694715405,694715414,694715423,694715425,694715421,694718915,0,694718917,694718921,694718926,1,1,9,18,2,-2,3494,-694718915,694718917,4,5,3523
3435,726933536,726933537,726933539,726933558,726933581,726933584,726933572,726937090,0,726937093,726937098,726937103,1,2,19,42,3,-9,3518,-726937090,726937093,5,5,3567
3436,749641947,749641948,749641950,749641969,749641993,749641995,749641981,749645482,0,749645486,749645492,749645496,1,2,19,43,2,-12,3501,-749645482,749645486,6,4,3549
3437,769370720,769370721,769370723,769370741,769370759,769370762,769370755,769373204,0,769373207,769373213,769373218,1,2,18,36,3,-4,2449,-769373204,769373207,6,5,2498
3438,769390336,769390337,769390339,769390343,769390348,769390358,769390350,769393461,0,769393464,769393467,769393472,1,2,4,9,10,2,3111,-769393461,769393464,3,5,3136
3439,205875799,205875801,205875803,205875823,205875848,205875851,205875838,205879135,0,205879138,205879144,205879149,2,2,20,45,3,-10,3297,-205879135,205879138,6,5,3350
3440,205947839,205947841,205947843,205947855,205947871,205947873,205947866,205951243,0,205951246,205951249,205951254,2,2,12,28,2,-5,3377,-205951243,205951246,3,5,3415
3441,206082893,206082894,206082896,206082902,206082910,206082919,206082908,206086412,0,206086415,206086418,206086422,1,2,6,14,9,-2,3504,-206086412,206086415,3,4,3529
3442,206311174,206311175,206311177,206311183,206311191,206311203,206311191,206314637,0,206314640,206314642,206314647,1,2,6,14,12,0,3446,-206314637,206314640,2,5,3473
3443,208384007,208384009,208384010,208384029,208384051,208384053,208384042,208387661,0,208387664,208387671,208387676,2,1,19,41,2,-9,3619,-208387661,208387664,7,5,3669
3444,208755369,208755370,208755372,208755380,208755390,208755400,208755388,208758730,0,208758732,208758736,208758741,1,2,8,18,10,-2,3342,-208758730,208758732,4,5,3372
3445,208806637,208806638,208806640,208806645,208806651,208806660,208806652,208809898,0,208809901,208809904,208809908,1,2,5,11,9,1,3246,-208809898,208809901,3,4,3271
3446,208923423,208923424,208923425,208923433,208923442,208923443,208923440,208926548,0,208926550,208926554,208926559,1,1,8,17,1,-2,3108,-208926548,208926550,4,5,3136
3447,208951789,208951790,208951791,208951796,208951803,208951812,208951802,208955072,0,208955074,208955077,208955081,1,1,5,12,9,-1,3270,-208955072,208955074,3,4,3292
3448,208956941,208956942,208956944,208956948,208956954,208956962,208956954,208960149,0,208960154,208960156,208960161,1,2,4,10,8,0,3195,-208960149,208960154,2,5,3220
3449,209042672,209042673,209042674,209042679,209042686,209042687,209042686,209046101,0,209046103,209046106,209046111,1,1,5,12,1,0,3415,-209046101,209046103,3,5,3439
3450,209042763,209042763,209042766,209042769,209042774,209042785,209042773,209045900,0,209045903,209045906,209045911,0,3,3,8,11,-1,3127,-209045900,209045903,3,5,3148
3451,209131986,209131987,209131988,209131994,209132002,209132011,209132000,209135713,0,209135715,209135719,209135724,1,1,6,14,9,-2,3713,-209135713,209135715,4,5,3738
3452,209136593,209136594,209136596,209136600,209136605,209136614,209136606,209139649,0,209139652,209139655,209139660,1,2,4,9,9,1,3043,-209139649,209139652,3,5,3067
3453,209139989,209139990,209139992,209139995,209140000,209140008,209140001,209143107,0,209143109,209143112,209143117,1,2,3,8,8,1,3106,-209143107,209143109,3,5,3128
3454,209142369,209142369,209142371,209142376,209142382,209142393,209142381,209145733,0,209145736,209145739,209145744,0,2,5,11,11,-1,3352,-209145733,209145736,3,5,3375
3455,209143411,209143412,209143414,209143417,209143423,209143431,209143424,209146543,0,209146545,209146548,209146553,1,2,3,9,8,1,3119,-209146543,209146545,3,5,3142
3456,209146874,209146874,209146876,209146880,209146886,209146894,209146886,209150183,0,209150185,209150188,209150192,0,2,4,10,8,0,3297,-209150183,209150185,3,4,3318
3457,209146926,209146927,209146929,209146932,209146937,209146944,209146936,209150072,0,209150075,209150077,209150082,1,2,3,8,7,-1,3136,-209150072,209150075,2,5,3156
3458,209312912,209312914,209312915,209312920,209312927,209312936,209312927,209316296,0,209316299,209316302,209316306,2,1,5,12,9,0,3369,-209316296,209316299,3,4,3394
3459,209317966,209317967,209317969,209317973,209317979,209317987,209317979,209321063,0,209321066,209321069,209321074,1,2,4,10,8,0,3084,-209321063,209321066,3,5,3108
3460,209807385,209807386,209807388,209807392,209807399,209807407,209807399,209810671,0,209810674,209810679,209810684,1,2,4,11,8,0,3272,-209810671,209810674,5,5,3299
3461,211666675,211666676,211666678,211666686,211666698,211666709,211666694,211669959,0,211669962,211669966,211669971,1,2,8,20,11,-4,3265,-211669959,211669962,4,5,3296
3462,212709758,212709760,212709762,212709767,212709775,212709777,212709775,212713072,0,212713075,212713078,212713082,2,2,5,13,2,0,3297,-212713072,212713075,3,4,3324
3463,212965173,212965174,212965175,212965180,212965187,212965195,212965187,212968653,0,212968657,212968660,212968664,1,1,5,12,8,0,3466,-212968653,212968657,3,4,3491
3464,214804799,214804800,214804802,214804811,214804824,214804834,214804820,214808129,0,214808132,214808137,214808141,1,2,9,22,10,-4,3309,-214808129,214808132,5,4,3342
3465,217544598,217544599,217544601,217544607,217544617,217544627,217544616,217547997,0,217547999,217548004,217548008,1,2,6,16,10,-1,3381,-217547997,217547999,5,4,3410
3466,217555620,217555621,217555622,217555626,217555632,217555641,217555633,217559180,0,217559182,217559185,217559190,1,1,4,10,9,1,3547,-217559180,217559182,3,5,3570
3467,218753138,218753139,218753141,218753149,218753159,218753169,218753156,218755551,0,218755553,218755556,218755560,1,2,8,18,10,-3,2395,-218755551,218755553,3,4,2422
3468,219508365,219508366,219508368,219508373,219508380,219508390,219508380,219512024,0,219512026,219512029,219512033,1,2,5,12,10,0,3644,-219512024,219512026,3,4,3668
3469,219512386,219512387,219512389,219512393,219512399,219512408,219512399,219516016,0,219516018,219516021,219516026,1,2,4,10,9,0,3617,-219516016,219516018,3,5,3640
3470,238231858,238231859,238231861,238231878,238231895,238231898,238231892,238234252,0,238234255,238234261,238234266,1,2,17,34,3,-3,2360,-238234252,238234255,6,5,2408
3471,243061112,243061113,243061115,243061127,243061139,243061154,243061137,243064268,0,243064270,243064274,243064279,1,2,12,24,15,-2,3131,-243064268,243064270,4,5,3167
3472,243236427,243236428,243236429,243236435,243236441,243236449,243236441,243238733,0,243238736,243238739,243238743,1,1,6,12,8,0,2292,-243238733,243238736,3,4,2316
3473,244523211,244523212,244523214,244523219,244523226,244523237,244523228,244526422,0,244526424,244526427,244526432,1,2,5,12,11,2,3194,-244526422,244526424,3,5,3221
3474,253607408,253607410,253607412,253607425,253607440,253607442,253607437,253609593,0,253609596,253609601,253609606,2,2,13,28,2,-3,2156,-253609593,253609596,5,5,2198
3475,293912758,293912759,293912761,293912777,293912793,293912796,293912791,293915776,0,293915779,293915785,293915790,1,2,16,32,3,-2,2985,-293915776,293915779,6,5,3032
3476,293942309,293942310,293942312,293942316,293942321,293942331,293942323,293944802,0,293944805,293944807,293944812,1,2,4,9,10,2,2479,-293944802,293944805,2,5,2503
3477,349904114,349904115,349904118,349904136,349904160,349904163,349904151,349907305,0,349907308,349907314,349907319,1,3,18,42,3,-9,3154,-349907305,349907308,6,5,3205
3478,358346729,358346730,358346732,358346748,358346763,358346766,358346760,358349067,0,358349070,358349075,358349080,1,2,16,31,3,-3,2307,-358349067,358349070,5,5,2351
3479,428785148,428785149,428785151,428785168,428785187,428785190,428785181,428787584,0,428787587,428787594,428787599,1,2,17,36,3,-6,2403,-428787584,428787587,7,5,2451
3480,467858341,467858343,467858345,467858364,467858388,467858390,467858377,467861686,0,467861689,467861695,467861699,2,2,19,43,2,-11,3309,-467861686,467861689,6,4,3358
3481,501815226,501815227,501815230,501815248,501815273,501815275,501815262,501818805,0,501818809,501818815,501818820,1,3,18,43,2,-11,3543,-501818805,501818809,6,5,3594
3482,502237203,502237204,502237206,502237212,502237221,502237231,502237220,502240424,0,502240426,502240430,502240434,1,2,6,15,10,-1,3204,-502240424,502240426,4,4,3231
3483,502830784,502830785,502830787,502830794,502830802,502830812,502830801,502834032,0,502834035,502834038,502834043,1,2,7,15,10,-1,3231,-502834032,502834035,3,5,3259
3484,503791442,503791443,503791445,503791453,503791463,503791474,503791465,503794971,0,503794974,503794978,503794983,1,2,8,18,11,2,3506,-503794971,503794974,4,5,3541
3485,526928874,526928875,526928878,526928897,526928921,526928924,526928910,526932343,0,526932346,526932352,526932360,1,3,19,43,3,-11,3433,-526932343,526932346,6,8,3486
3486,538734741,538734742,538734744,538734763,538734780,538734782,538734776,538737175,0,538737179,538737185,538737190,1,2,19,36,2,-4,2399,-538737175,538737179,6,5,2449
3487,538816161,538816162,538816165,538816168,538816173,538816183,538816175,538820182,0,538820184,538820187,538820192,1,3,3,8,10,2,4007,-538820182,538820184,3,5,4031
3488,563845254,563845255,563845257,563845275,563845299,563845301,563845288,563848738,0,563848742,563848748,563848753,1,2,18,42,2,-11,3450,-563848738,563848742,6,5,3499
3489,563849268,563849269,563849271,563849275,563849282,563849291,563849281,563852554,0,563852556,563852559,563852564,1,2,4,11,9,-1,3273,-563852554,563852556,3,5,3296
3490,575360391,575360392,575360394,575360412,575360433,575360436,575360424,575363756,0,575363759,575363764,575363769,1,2,18,39,3,-9,3332,-575363756,575363759,5,5,3378
3491,591929983,591929984,591929986,591930003,591930021,591930024,591930017,591932279,0,591932282,591932288,591932294,1,2,17,35,3,-4,2262,-591932279,591932282,6,6,2311
3492,591964406,591964407,591964409,591964412,591964417,591964427,591964419,591966778,0,591966780,591966783,591966788,1,2,3,8,10,2,2359,-591966778,591966780,3,5,2382
3493,624288634,624288635,624288637,624288653,624288671,624288673,624288668,624291146,0,624291149,624291153,624291158,1,2,16,34,2,-3,2478,-624291146,624291149,4,5,2524
3494,625612958,625612959,625612961,625612966,625612973,625612981,625612974,625615528,0,625615530,625615533,625615537,1,2,5,12,8,1,2554,-625615528,625615530,3,4,2579
3495,625615745,625615746,625615748,625615752,625615757,625615766,625615757,625618688,0,625618690,625618692,625618697,1,2,4,9,9,0,2931,-625618688,625618690,2,5,2952
3496,625619148,625619151,625619153,625619156,625619161,625619180,625619167,625622476,0,625622479,625622481,625622485,3,2,3,8,19,6,3309,-625622476,625622479,2,4,3337
3497,756455632,756455635,756455637,756455655,756455678,756455680,756455671,756459232,0,756459235,756459240,756459244,3,2,18,41,2,-7,3561,-756459232,756459235,5,4,3612
3498,756479620,756479621,756479623,756479630,756479636,756479643,756479637,756483091,0,756483094,756483096,756483101,1,2,7,13,7,1,3454,-756483091,756483094,2,5,3481
3499,767723359,767723363,767723364,767723382,767723403,767723406,767723395,767726665,0,767726669,767726673,767726677,4,1,18,39,3,-8,3270,-767726665,767726669,4,4,3318
3500,794424491,794424492,794424494,794424512,794424529,794424531,794424526,794426829,0,794426832,794426838,794426842,1,2,18,35,2,-3,2303,-794426829,794426832,6,4,2351
3501,852345958,852345959,852345961,852345980,852346002,852346004,852345994,852349423,0,852349426,852349431,852349436,1,2,19,41,2,-8,3429,-852349423,852349426,5,5,3478
3502,856699591,856699592,856699594,856699609,856699625,856699627,856699619,856703039,0,856703042,856703047,856703052,1,2,15,31,2,-6,3420,-856703039,856703042,5,5,3461
3503,856996179,856996180,856996182,856996188,856996198,856996206,856996195,856999644,0,856999647,856999650,856999655,1,2,6,16,8,-3,3449,-856999644,856999647,3,5,3476
3504,857043029,857043030,857043032,857043036,857043043,857043044,857043043,857046387,0,857046389,857046392,857046396,1,2,4,11,1,0,3344,-857046387,857046389,3,4,3367
3505,857047420,857047421,857047423,857047426,857047432,857047441,857047433,857050740,0,857050742,857050745,857050750,1,2,3,9,9,1,3307,-857050740,857050742,3,5,3330
3506,857051224,857051225,857051227,857051231,857051236,857051244,857051237,857054496,0,857054498,857054503,857054508,1,2,4,9,8,1,3259,-857054496,857054498,5,5,3284
3507,857054860,857054861,857054862,857054866,857054872,857054880,857054872,857058162,0,857058165,857058167,857058172,1,1,4,10,8,0,3290,-857058162,857058165,2,5,3312
3508,857059665,857059666,857059668,857059671,857059677,857059685,857059678,857062951,0,857062954,857062957,857062962,1,2,3,9,8,1,3273,-857062951,857062954,3,5,3297
3509,857063371,857063372,857063374,857063377,857063382,857063390,857063382,857066574,0,857066576,857066579,857066583,1,2,3,8,8,0,3192,-857066574,857066576,3,4,3212
3510,857067004,857067005,857067006,857067010,857067016,857067025,857067017,857070350,0,857070352,857070355,857070360,1,1,4,10,9,1,3333,-857070350,857070352,3,5,3356
3511,869200334,869200335,869200337,869200355,869200376,869200378,869200369,869203731,0,869203735,869203739,869203744,1,2,18,39,2,-7,3362,-869203731,869203735,4,5,3410
3512,54304247,54304248,54304251,54304269,54304292,54304295,54304284,54307687,0,54307691,54307697,54307701,1,3,18,41,3,-8,3403,-54307687,54307691,6,4,3454
3513,119950142,119950143,119950145,119950161,119950179,119950182,119950176,119952612,0,119952615,119952622,119952626,1,2,16,34,3,-3,2436,-119952612,119952615,7,4,2484
3514,121509925,121509927,121509928,121509934,121509942,121509953,121509943,121512650,0,121512653,121512656,121512660,2,1,6,14,11,1,2707,-121512650,121512653,3,4,2735
3515,129224281,129224282,129224284,129224296,129224307,129224316,129224305,129226669,0,129226672,129226675,129226679,1,2,12,23,9,-2,2364,-129226669,129226672,3,4,2398
3516,129712809,129712810,129712812,129712820,129712828,129712838,129712827,129715065,0,129715067,129715071,129715076,1,2,8,16,10,-1,2238,-129715065,129715067,4,5,2267
3517,287262941,287262942,287262945,287262961,287262979,287262982,287262976,287265537,0,287265540,287265545,287265550,1,3,16,34,3,-3,2561,-287265537,287265540,5,5,2609
3518,326706969,326706970,326706972,326706991,326707015,326707018,326707005,326710564,0,326710568,326710574,326710579,1,2,19,43,3,-10,3559,-326710564,326710568,6,5,3610
3519,336221071,336221075,336221077,336221092,336221114,336221116,336221105,336224669,0,336224672,336224677,336224681,4,2,15,37,2,-9,3564,-336224669,336224672,5,4,3610
3520,336225010,336225011,336225013,336225017,336225024,336225024,336225024,336228447,0,336228449,336228452,336228456,1,2,4,11,0,0,3423,-336228447,336228449,3,4,3446
3521,387904128,387904129,387904131,387904147,387904165,387904167,387904162,387906738,0,387906741,387906748,387906752,1,2,16,34,2,-3,2576,-387906738,387906741,7,4,2624
3522,414452724,414452725,414452728,414452744,414452760,414452762,414452757,414455073,0,414455077,414455083,414455088,1,3,16,32,2,-3,2316,-414455073,414455077,6,5,2364
3523,423461338,423461339,423461341,423461356,423461371,423461373,423461369,423464632,0,423464635,423464641,423464645,1,2,15,30,2,-2,3263,-423464632,423464635,6,4,3307
3524,423906685,423906686,423906688,423906695,423906702,423906711,423906702,423909143,0,423909145,423909149,423909154,1,2,7,14,9,0,2441,-423909143,423909145,4,5,2469
3525,439720999,439721000,439721002,439721019,439721036,439721039,439721031,439724473,0,439724476,439724482,439724486,1,2,17,34,3,-5,3442,-439724473,439724476,6,4,3487
3526,462395171,462395172,462395174,462395190,462395207,462395210,462395205,462397577,0,462397580,462397586,462397591,1,2,16,33,3,-2,2372,-462397577,462397580,6,5,2420
3527,462405505,462405506,462405508,462405512,462405517,462405527,462405519,462408469,0,462408471,462408474,462408479,1,2,4,9,10,2,2950,-462408469,462408471,3,5,2974
3528,462467462,462467463,462467465,462467472,462467480,462467489,462467479,462470009,0,462470012,462470015,462470019,1,2,7,15,9,-1,2530,-462470009,462470012,3,4,2557
3529,550421269,550421271,550421273,550421292,550421315,550421318,550421306,550424530,0,550424534,550424539,550424543,2,2,19,42,3,-9,3224,-550424530,550424534,5,4,3274
3530,19092414,19092416,19092418,19092437,19092462,19092465,19092452,19095776,0,19095780,19095786,19095791,2,2,19,44,3,-10,3324,-19095776,19095780,6,5,3377
3531,21919292,21919293,21919296,21919303,21919314,21919316,21919312,21922726,0,21922729,21922732,21922737,1,3,7,18,2,-2,3414,-21922726,21922729,3,5,3445
3532,23348565,23348566,23348568,23348574,23348582,23348592,23348582,23352071,0,23352074,23352077,23352086,1,2,6,14,10,0,3489,-23352071,23352074,3,9,3521
3533,234915892,234915894,234915896,234915915,234915939,234915942,234915930,234919351,0,234919355,234919362,234919366,2,2,19,43,3,-9,3421,-234919351,234919355,7,4,3474
3534,374650511,374650513,374650515,374650533,374650552,374650554,374650549,374652989,0,374652992,374652999,374653003,2,2,18,37,2,-3,2440,-374652989,374652992,7,4,2492
3535,375602477,375602478,375602480,375602485,375602491,375602505,375602492,375605005,0,375605008,375605011,375605015,1,2,5,11,14,1,2513,-375605005,375605008,3,4,2538
3536,381711349,381711350,381711352,381711364,381711378,381711381,381711376,381713729,0,381713732,381713737,381713742,1,2,12,26,3,-2,2353,-381713729,381713732,5,5,2393
3537,389486254,389486256,389486258,389486271,389486287,389486289,389486283,389488542,0,389488545,389488550,389488555,2,2,13,29,2,-4,2259,-389488542,389488545,5,5,2301
3538,389529170,389529171,389529173,389529177,389529182,389529193,389529184,389531304,0,389531307,389531310,389531314,1,2,4,9,11,2,2120,-389531304,389531307,3,4,2144
3539,389759132,389759133,389759135,389759140,389759146,389759156,389759148,389762098,0,389762100,389762103,389762108,1,2,5,11,10,2,2950,-389762098,389762100,3,5,2976
3540,407622655,407622656,407622658,407622675,407622693,407622696,407622689,407625699,0,407625702,407625708,407625713,1,2,17,35,3,-4,3010,-407625699,407625702,6,5,3058
3541,407773073,407773074,407773076,407773081,407773086,407773097,407773088,407775479,0,407775482,407775485,407775489,1,2,5,10,11,2,2391,-407775479,407775482,3,4,2416
3542,408265844,408265845,408265847,408265852,408265857,408265867,408265859,408268270,0,408268272,408268275,408268279,1,2,5,10,10,2,2411,-408268270,408268272,3,4,2435
3543,458291400,458291402,458291404,458291421,458291439,458291441,458291436,458293845,0,458293848,458293854,458293860,2,2,17,35,2,-3,2409,-458293845,458293848,6,6,2460
3544,539976351,539976353,539976355,539976372,539976390,539976393,539976386,539979411,0,539979414,539979420,539979424,2,2,17,35,3,-4,3025,-539979411,539979414,6,4,3073
3545,540733009,540733010,540733012,540733016,540733022,540733033,540733024,540735466,0,540735468,540735471,540735475,1,2,4,10,11,2,2442,-540735466,540735468,3,4,2466
3546,540736052,540736053,540736055,540736059,540736063,540736073,540736066,540738273,0,540738276,540738278,540738283,1,2,4,8,10,3,2207,-540738273,540738276,2,5,2231
3547,540738686,540738687,540738688,540738691,540738696,540738705,540738697,540741375,0,540741378,540741380,540741385,1,1,3,8,9,1,2678,-540741375,540741378,2,5,2699
3548,543077251,543077252,543077254,543077259,543077266,543077275,543077267,543079755,0,543079757,543079762,543079766,1,2,5,12,9,1,2488,-543079755,543079757,5,4,2515
3549,624481731,624481732,624481734,624481753,624481778,624481780,624481768,624484995,0,624484998,624485004,624485008,1,2,19,44,2,-10,3227,-624484995,624484998,6,4,3277
3550,624679752,624679755,624679756,624679761,624679768,624679777,624679767,624682965,0,624682968,624682970,624682974,3,1,5,12,9,-1,3198,-624682965,624682968,2,4,3222
3551,624981154,624981155,624981157,624981161,624981168,624981176,624981168,624984428,0,624984431,624984434,624984438,1,2,4,11,8,0,3260,-624984428,624984431,3,4,3284
3552,625446920,625446921,625446922,625446927,625446935,625446945,625446934,625450443,0,625450445,625450448,625450452,1,1,5,13,10,-1,3509,-625450443,625450445,3,4,3532
3553,625466984,625466985,625466987,625466991,625466997,625467005,625466997,625470541,0,625470544,625470547,625470551,1,2,4,10,8,0,3544,-625470541,625470544,3,4,3567
3554,626308903,626308904,626308906,626308911,626308918,626308926,626308918,626312052,0,626312055,626312058,626312062,1,2,5,12,8,0,3134,-626312052,626312055,3,4,3159
3555,626498158,626498159,626498161,626498167,626498175,626498176,626498173,626501427,0,626501429,626501433,626501438,1,2,6,14,1,-2,3254,-626501427,626501429,4,5,3280
3556,627126247,627126248,627126250,627126256,627126264,627126273,627126263,627129708,0,627129711,627129714,627129718,1,2,6,14,9,-1,3445,-627129708,627129711,3,4,3471
3557,656798218,656798219,656798221,656798240,656798263,656798266,656798254,656801718,0,656801721,656801727,656801732,1,2,19,42,3,-9,3464,-656801718,656801721,6,5,3514
3558,689135607,689135609,689135611,689135628,689135645,689135648,689135641,689138671,0,689138674,689138680,689138684,2,2,17,34,3,-4,3030,-689138671,689138674,6,4,3077
3559,696385437,696385438,696385440,696385452,696385466,696385468,696385464,696387754,0,696387758,696387762,696387766,1,2,12,26,2,-2,2290,-696387754,696387758,4,4,2329
3560,967214091,967214092,967214094,967214113,967214137,967214140,967214126,967217646,0,967217650,967217656,967217661,1,2,19,43,3,-11,3520,-967217646,967217650,6,5,3570
3561,967221846,967221847,967221849,967221854,967221861,967221869,967221861,967225175,0,967225177,967225180,967225185,1,2,5,12,8,0,3314,-967225175,967225177,3,5,3339
3562,56522826,56522827,56522829,56522846,56522865,56522867,56522860,56525376,0,56525379,56525385,56525390,1,2,17,36,2,-5,2516,-56525376,56525379,6,5,2564
3563,58400943,58400944,58400946,58400951,58400958,58400970,58400960,58403403,0,58403406,58403409,58403413,1,2,5,12,12,2,2443,-58403403,58403406,3,4,2470
3564,91968298,91968299,91968301,91968322,91968346,91968349,91968336,91971858,0,91971862,91971868,91971873,1,2,21,45,3,-10,3522,-91971858,91971862,6,5,3575
3565,106420296,106420297,106420299,106420317,106420335,106420337,106420329,106422711,0,106422715,106422720,106422724,1,2,18,36,2,-6,2382,-106422711,106422715,5,4,2428
3566,116192135,116192137,116192139,2147483647,2147483647,116192151,2147483647,2147483647,2147483647,2147483647,2147483647,2147483647,2,2,2031291508,2031291508,-2031291496,0,0,0,0,0,0,2031291512
3567,170647826,170647827,170647829,170647847,170647872,170647874,170647861,170651253,0,170651256,170651262,170651266,1,2,18,43,2,-11,3392,-170651253,170651256,6,4,3440
3568,171554254,171554256,171554257,171554263,171554271,171554281,171554270,171557672,0,171557675,171557678,171557682,2,1,6,14,10,-1,3402,-171557672,171557675,3,4,3428
3569,259031821,259031822,259031824,259031844,259031867,259031869,259031858,259035413,0,259035417,259035421,259035426,1,2,20,43,2,-9,3555,-259035413,259035417,4,5,3605
3570,269839462,269839463,269839466,269839484,269839504,269839523,269839497,269842172,0,269842175,269842181,269842185,1,3,18,38,19,-7,2675,-269842172,269842175,6,4,2723
3571,272316174,272316176,272316178,272316186,272316195,272316197,272316196,272318413,0,272318416,272318420,272318424,2,2,8,17,2,1,2217,-272318413,272318416,4,4,2250
3572,293472219,293472221,293472223,293472241,293472264,293472266,293472254,293475569,0,293475573,293475579,293475584,2,2,18,41,2,-10,3315,-293475569,293475573,6,5,3365
3573,351047382,351047383,351047386,351047403,351047420,351047423,351047418,351049848,0,351049852,351049857,351049861,1,3,17,34,3,-2,2430,-351049848,351049852,5,4,2479
3574,442493583,442493584,442493586,442493602,442493619,442493621,442493616,442496182,0,442496185,442496191,442496195,1,2,16,33,2,-3,2566,-442496182,442496185,6,4,2612
3575,714871984,714871986,714871988,714872006,714872024,714872027,714872020,714874595,0,714874599,714874605,714874610,2,2,18,36,3,-4,2575,-714874595,714874599,6,5,2626
3576,759031233,759031234,759031236,759031253,759031271,759031273,759031268,759033729,0,759033732,759033736,759033741,1,2,17,35,2,-3,2461,-759033729,759033732,4,5,2508
3577,830691617,830691618,830691620,830691638,830691655,830691658,830691652,830693962,0,830693965,830693972,830693976,1,2,18,35,3,-3,2310,-830693962,830693965,7,4,2359
3578,833571287,833571288,833571290,833571299,833571308,833571309,833571308,833573640,0,833573643,833573647,833573651,1,2,9,18,1,0,2332,-833573640,833573643,4,4,2364
3579,856843949,856843950,856843952,856843969,856843987,856843989,856843983,856846478,0,856846482,856846488,856846492,1,2,17,35,2,-4,2495,-856846478,856846482,6,4,2543
3580,856855030,856855032,856855034,856855037,856855042,856855053,856855044,856857457,0,856857459,856857462,856857466,2,2,3,8,11,2,2413,-856857457,856857459,3,4,2436
3581,859393080,859393081,859393083,859393091,859393098,859393110,859393100,859395571,0,859395574,859395578,859395583,1,2,8,15,12,2,2471,-859395571,859395574,4,5,2503
3582,859657877,859657878,859657880,859657884,859657890,859657900,859657891,859660665,0,859660668,859660671,859660674,1,2,4,10,10,1,2774,-859660665,859660668,3,3,2797
3583,884013598,884013599,884013601,884013622,884013645,884013647,884013637,884016934,0,884016937,884016942,884016947,1,2,21,44,2,-8,3297,-884016934,884016937,5,5,3349
3584,884992103,884992104,884992106,884992111,884992118,884992119,884992118,884995481,0,884995484,884995487,884995491,1,2,5,12,1,0,3363,-884995481,884995484,3,4,3388
3585,923832862,923832864,923832866,923832883,923832906,923832909,923832896,923836424,0,923836427,923836433,923836438,2,2,17,40,3,-10,3528,-923836424,923836427,6,5,3576
3586,87372174,87372175,87372177,87372195,87372213,87372215,87372209,87374558,0,87374561,87374568,87374572,1,2,18,36,2,-4,2349,-87374558,87374561,7,4,2398
3587,87566842,87566843,87566845,87566850,87566856,87566868,87566859,87569183,0,87569185,87569188,87569192,1,2,5,11,12,3,2324,-87569183,87569185,3,4,2350
3588,108187011,108187012,108187014,108187032,108187048,108187051,108187044,108189480,0,108189484,108189490,108189495,1,2,18,34,3,-4,2436,-108189480,108189484,6,5,2484
3589,108206861,108206862,108206864,108206867,108206872,108206883,108206874,108209236,0,108209238,108209241,108209245,1,2,3,8,11,2,2362,-108209236,108209238,3,4,2384
3590,108246668,108246669,108246670,108246674,108246679,108246689,108246681,108248961,0,108248963,108248966,108248970,1,1,4,9,10,2,2280,-108248961,108248963,3,4,2302
3591,290108110,290108111,290108113,290108132,290108150,290108152,290108146,290110634,0,290110637,290110643,290110647,1,2,19,37,2,-4,2488,-290110634,290110637,6,4,2537
3592,330361557,330361558,330361560,330361580,330361605,330361608,330361594,330364982,0,330364986,330364992,330364996,1,2,20,45,3,-11,3388,-330364982,330364986,6,4,3439
3593,402309226,402309227,402309229,402309246,402309269,402309272,402309260,402312542,0,402312545,402312551,402312556,1,2,17,40,3,-9,3282,-402312542,402312545,6,5,3330
3594,402583259,402583261,402583262,402583268,402583276,402583286,402583276,402586496,0,402586499,402586503,402586507,2,1,6,14,10,0,3220,-402586496,402586499,4,4,3248
3595,402594879,402594880,402594882,402594886,402594893,402594903,402594893,402598006,0,402598008,402598011,402598015,1,2,4,11,10,0,3113,-402598006,402598008,3,4,3136
3596,402665846,402665847,402665849,402665854,402665860,402665869,402665861,402669020,0,402669022,402669025,402669029,1,2,5,11,9,1,3159,-402669020,402669022,3,4,3183
3597,402669502,402669503,402669505,402669509,402669516,402669525,402669515,402673577,0,402673579,402673582,402673586,1,2,4,11,9,-1,4062,-402673577,402673579,3,4,4084
3598,402712363,402712364,402712366,402712371,402712378,402712379,402712378,402715434,0,402715436,402715439,402715443,1,2,5,12,1,0,3056,-402715434,402715436,3,4,3080
3599,409228687,409228688,409228690,409228708,409228731,409228733,409228722,409232322,0,409232325,409232331,409232335,1,2,18,41,2,-9,3600,-409232322,409232325,6,4,3648
3600,411819183,411819185,411819186,411819193,411819201,411819203,411819202,411822482,0,411822485,411822489,411822494,2,1,7,15,2,1,3280,-411822482,411822485,4,5,3311
3601,426880978,426880979,426880981,426880997,426881015,426881018,426881011,426883380,0,426883384,426883389,426883394,1,2,16,34,3,-4,2369,-426883380,426883384,5,5,2416
3602,439766941,439766942,439766944,439766961,439766984,439766986,439766974,439770508,0,439770512,439770518,439770522,1,2,17,40,2,-10,3534,-439770508,439770512,6,4,3581
3603,455252452,455252453,455252455,455252473,455252490,455252492,455252485,455254911,0,455254914,455254918,455254923,1,2,18,35,2,-5,2426,-455254911,455254914,4,5,2471
3604,481598566,481598567,481598569,481598586,481598603,481598606,481598600,481601047,0,481601050,481601057,481601061,1,2,17,34,3,-3,2447,-481601047,481601050,7,4,2495
3605,483076343,483076344,483076346,483076356,483076369,483076380,483076365,483080198,0,483080201,483080205,483080210,1,2,10,23,11,-4,3833,-483080198,483080201,4,5,3867
3606,502147712,502147714,502147716,502147732,502147749,502147751,502147745,502150271,0,502150274,502150280,502150285,2,2,16,33,2,-4,2526,-502150271,502150274,6,5,2573
3607,505734154,505734155,505734157,505734166,505734175,505734177,505734175,505736714,0,505736716,505736720,505736725,1,2,9,18,2,0,2539,-505736714,505736716,4,5,2571
3608,531247222,531247223,531247225,531247242,531247259,531247262,531247255,531249697,0,531249700,531249705,531249710,1,2,17,34,3,-4,2442,-531249697,531249700,5,5,2488
3609,531251768,531251769,531251770,531251775,531251779,531251789,531251781,531254777,0,531254780,531254782,531254787,1,1,5,9,10,2,2996,-531254777,531254780,2,5,3019
3610,531255107,531255108,531255109,531255113,531255117,531255126,531255118,531257320,0,531257323,531257326,531257330,1,1,4,8,9,1,2202,-531257320,531257323,3,4,2223
3611,531347123,531347124,531347126,531347130,531347135,531347145,531347137,531349403,0,531349405,531349408,531349413,1,2,4,9,10,2,2266,-531349403,531349405,3,5,2290
3612,531378270,531378271,531378273,531378277,531378281,531378292,531378284,531380644,0,531380646,531380649,531380653,1,2,4,8,11,3,2360,-531380644,531380646,3,4,2383
3613,679507335,679507336,679507338,679507357,679507380,679507382,679507372,679510904,0,679510907,679510914,679510919,1,2,19,42,2,-8,3532,-679510904,679510907,7,5,3584
3614,731719391,731719395,731719398,731719417,731719440,731719442,731719430,731722800,0,731722804,731722808,731722812,4,3,19,42,2,-10,3370,-731722800,731722804,4,4,3421
3615,812385889,812385890,812385892,812385909,812385926,812385929,812385924,812389388,0,812389391,812389397,812389402,1,2,17,34,3,-2,3464,-812389388,812389391,6,5,3513
3616,890257591,890257595,890257597,890257616,890257639,890257641,890257630,890260999,0,890261003,890261007,890261013,4,2,19,42,2,-9,3369,-890260999,890261003,4,6,3422
3617,897560440,897560443,897560445,897560462,897560482,897560484,897560474,897563896,0,897563899,897563904,897563908,3,2,17,37,2,-8,3422,-897563896,897563899,5,4,3468
3618,908345686,908345688,908345690,908345706,908345727,908345730,908345725,908349218,0,908349222,908349226,908349230,2,2,16,37,3,-2,3493,-908349218,908349222,4,4,3544
3619,954804863,954804864,954804866,954804885,954804909,954804912,954804900,954808464,0,954808467,954808474,954808479,1,2,19,43,3,-9,3564,-954808464,954808467,7,5,3616
3620,975881807,975881809,975881811,975881827,975881845,975881847,975881842,975884359,0,975884362,975884369,975884373,2,2,16,34,2,-3,2517,-975884359,975884362,7,4,2566
3621,977821503,977821504,977821506,977821511,977821517,977821528,977821519,977824092,0,977824094,977824097,977824102,1,2,5,11,11,2,2573,-977824092,977824094,3,5,2599
3622,1003073,1003077,1003079,1003098,1003120,1003123,1003111,1006455,0,1006458,1006463,1006467,4,2,19,41,3,-9,3344,-1006455,1006458,5,4,3394
3623,1013468,1013469,1013471,1013475,1013483,1013483,1013483,1017058,0,1017060,1017063,1017068,1,2,4,12,0,0,3575,-1017058,1017060,3,5,3600
3624,43450374,43450377,43450380,43450396,43450414,43450417,43450413,43452762,0,43452765,43452770,43452774,3,3,16,34,3,-1,2349,-43452762,43452765,5,4,2400
3625,44478584,44478585,44478587,44478592,44478599,44478611,44478601,44481005,0,44481008,44481011,44481015,1,2,5,12,12,2,2404,-44481005,44481008,3,4,2431
3626,44528610,44528611,44528613,44528616,44528622,44528639,44528624,44532198,0,44532200,44532203,44532207,1,2,3,9,17,2,3574,-44532198,44532200,3,4,3597
3627,45698245,45698246,45698248,45698253,45698259,45698270,45698260,45701597,0,45701599,45701602,45701607,1,2,5,11,11,1,3337,-45701597,45701599,3,5,3362
3628,47933488,47933489,47933491,47933497,47933508,47933520,47933509,47935987,0,47935990,47935992,47935997,1,2,6,17,12,1,2478,-47935987,47935990,2,5,2509
3629,53549854,53549859,53549861,53549871,53549883,53549885,53549882,53552454,0,53552457,53552460,53552465,5,2,10,22,2,-1,2572,-53552454,53552457,3,5,2611
3630,54197819,54197823,54197825,54197830,54197836,54197854,54197839,54200328,0,54200331,54200333,54200338,4,2,5,11,18,3,2489,-54200328,54200331,2,5,2519
3631,58060508,58060509,58060511,58060524,58060540,58060543,58060533,58063958,0,58063961,58063966,58063972,1,2,13,29,3,-7,3425,-58063958,58063961,5,6,3464
3632,256724588,256724589,256724591,256724609,256724628,256724630,256724624,256727908,0,256727911,256727916,256727920,1,2,18,37,2,-4,3284,-256727908,256727911,5,4,3332
3633,270603265,270603267,270603269,270603287,270603305,270603308,270603300,270605842,0,270605846,270605852,270605857,2,2,18,36,3,-5,2542,-270605842,270605846,6,5,2592
3634,407462578,407462580,407462582,407462599,407462616,407462619,407462614,407464874,0,407464877,407464883,407464888,2,2,17,34,3,-2,2260,-407464874,407464877,6,5,2310
3635,407465247,407465249,407465250,407465254,407465259,407465268,407465261,407468349,0,407468352,407468355,407468359,2,1,4,9,9,2,3088,-407468349,407468352,3,4,3112
3636,456891621,456891622,456891624,456891643,456891666,456891668,456891657,456894935,0,456894939,456894944,456894949,1,2,19,42,2,-9,3278,-456894935,456894939,5,5,3328
3637,486080172,486080173,486080175,486080191,486080208,486080211,486080204,486082682,0,486082685,486082691,486082695,1,2,16,33,3,-4,2478,-486082682,486082685,6,4,2523
3638,500146920,500146921,500146923,500146938,500146955,500146958,500146951,500149303,0,500149306,500149311,500149316,1,2,15,32,3,-4,2352,-500149303,500149306,5,5,2396
3639,514771290,514771291,514771293,514771309,514771326,514771329,514771323,514773731,0,514773734,514773740,514773745,1,2,16,33,3,-3,2408,-514773731,514773734,6,5,2455
3640,518382654,518382656,518382658,518382670,518382682,518382685,518382680,518385132,0,518385134,518385138,518385142,2,2,12,24,3,-2,2452,-518385132,518385134,4,4,2488
3641,569405778,569405780,569405782,569405798,569405816,569405818,569405813,569408267,0,569408270,569408276,569408281,2,2,16,34,2,-3,2454,-569408267,569408270,6,5,2503
3642,579601085,579601087,579601089,579601105,579601122,579601125,579601118,579603439,0,579603443,579603448,579603452,2,2,16,33,3,-4,2321,-579603439,579603443,5,4,2367
3643,650704532,650704533,650704536,650704553,650704572,650704575,650704568,650707406,0,650707410,650707415,650707420,1,3,17,36,3,-4,2838,-650707406,650707410,5,5,2888
3644,651490146,651490147,651490149,651490154,651490160,651490171,651490162,651492734,0,651492737,651492740,651492744,1,2,5,11,11,2,2572,-651492734,651492737,3,4,2598
3645,651586576,651586577,651586579,651586582,651586587,651586597,651586589,651589032,0,651589035,651589037,651589042,1,2,3,8,10,2,2443,-651589032,651589035,2,5,2466
3646,672001482,672001483,672001485,672001508,672001531,672001533,672001521,672004903,0,672004906,672004912,672004917,1,2,23,46,2,-10,3382,-672004903,672004906,6,5,3435
3647,678292931,678292933,678292935,678292951,678292967,678292969,678292963,678295403,0,678295407,678295412,678295416,2,2,16,32,2,-4,2440,-678295403,678295407,5,4,2485
3648,769947466,769947467,769947469,769947488,769947515,769947518,769947504,769951022,0,769951026,769951032,769951036,1,2,19,46,3,-11,3518,-769951022,769951026,6,4,3570
3649,807219477,807219479,807219481,807219497,807219516,807219518,807219514,807222381,0,807222384,807222390,807222394,2,2,16,35,2,-2,2867,-807222381,807222384,6,4,2917
3650,807222877,807222878,807222880,807222884,807222889,807222898,807222891,807225122,0,807225125,807225127,807225132,1,2,4,9,9,2,2231,-807225122,807225125,2,5,2255
3651,807225588,807225589,807225591,807225594,807225599,807225607,807225599,807227864,0,807227866,807227869,807227873,1,2,3,8,8,0,2265,-807227864,807227866,3,4,2285
3652,807351253,807351254,807351256,807351260,807351264,807351276,807351267,807353668,0,807353670,807353673,807353678,1,2,4,8,12,3,2401,-807353668,807353670,3,5,2425
3653,807473580,807473582,807473583,807473587,807473593,807473603,807473595,807476738,0,807476741,807476743,807476748,2,1,4,10,10,2,3143,-807476738,807476741,2,5,3168
3654,807719505,807719506,807719508,807719511,807719516,807719525,807719517,807721818,0,807721820,807721822,807721827,1,2,3,8,9,1,2301,-807721818,807721820,2,5,2322
3655,807722950,807722951,807722953,807722956,807722960,807722969,807722962,807725532,0,807725534,807725536,807725541,1,2,3,7,9,2,2570,-807725532,807725534,2,5,2591
3656,869198217,869198218,869198220,869198236,869198254,869198256,869198250,869200637,0,869200640,869200646,869200652,1,2,16,34,2,-4,2387,-869200637,869200640,6,6,2435
3657,977673676,977673677,977673679,977673696,977673714,977673717,977673711,977676070,0,977676073,977676080,977676084,1,2,17,35,3,-3,2359,-977676070,977676073,7,4,2408
3658,112317143,112317144,112317146,112317165,112317188,112317190,112317178,112320455,0,112320458,112320464,112320469,1,2,19,42,2,-10,3277,-112320455,112320458,6,5,3326
3659,278182411,278182413,278182415,278182432,278182451,278182453,278182447,278185051,0,278185055,278185061,278185066,2,2,17,36,2,-4,2604,-278185051,278185055,6,5,2655
3660,360064843,360064845,360064847,360064864,360064883,360064885,360064878,360067498,0,360067505,360067509,360067513,2,2,17,36,2,-5,2620,-360067498,360067505,4,4,2670
3661,514541366,514541367,514541370,514541390,514541413,514541415,514541404,514544525,0,514544528,514544534,514544539,1,3,20,43,2,-9,3121,-514544525,514544528,6,5,3173
3662,515180197,515180198,515180200,515180207,515180215,515180225,515180214,515183418,0,515183420,515183424,515183429,1,2,7,15,10,-1,3204,-515183418,515183420,4,5,3232
3663,565859131,565859132,565859134,565859151,565859169,565859171,565859165,565861608,0,565861612,565861617,565861622,1,2,17,35,2,-4,2443,-565861608,565861612,5,5,2491
3664,640228654,640228655,640228658,640228674,640228693,640228697,640228689,640231092,0,640231095,640231102,640231106,1,3,16,35,4,-4,2403,-640231092,640231095,7,4,2452
3665,654170573,654170574,654170576,654170593,654170609,654170611,654170606,654173386,0,654173388,654173392,654173396,1,2,17,33,2,-3,2780,-654173386,654173388,4,4,2823
3666,654170656,654170657,654170659,654170664,654170670,654170678,654170671,654172870,0,654172873,654172879,654172883,1,2,5,11,8,1,2199,-654172870,654172873,6,4,2227
3667,655590727,655590728,655590730,655590738,655590752,655590761,655590746,655594158,0,655594161,655594165,655594169,1,2,8,22,9,-6,3412,-655594158,655594161,4,4,3442
3668,656057117,656057118,656057120,656057126,656057132,656057149,656057140,656059678,0,656059681,656059684,656059689,1,2,6,12,17,8,2538,-656059678,656059681,3,5,2572
3669,660455652,660455653,660455655,660455664,660455674,660455687,660455673,660457890,0,660457893,660457897,660457902,1,2,9,19,13,-1,2217,-660457890,660457893,4,5,2250
3670,668418702,668418704,668418706,668418721,668418732,668418742,668418730,668421352,0,668421356,668421360,668421365,2,2,15,26,10,-2,2622,-668421352,668421356,4,5,2663
3671,668796525,668796526,668796528,668796532,668796536,668796546,668796538,668799264,0,668799266,668799269,668799273,1,2,4,8,10,2,2726,-668799264,668799266,3,4,2748
3672,670229527,670229528,670229530,670229536,670229542,670229553,670229544,670231821,0,670231823,670231827,670231832,1,2,6,12,11,2,2277,-670231821,670231823,4,5,2305
3673,670680130,670680131,670680133,670680138,670680145,670680158,670680145,670682619,0,670682621,670682625,670682630,1,2,5,12,13,0,2474,-670682619,670682621,4,5,2500
3674,674744817,674744819,674744821,674744831,674744840,674744852,674744841,674748370,0,674748373,674748377,674748381,2,2,10,19,12,1,3529,-674748370,674748373,4,4,3564
3675,677488919,677488921,677488922,677488931,677488940,677488942,677488940,677491307,0,677491309,677491313,677491317,2,1,9,18,2,0,2367,-677491307,677491309,4,4,2398
3676,682295529,682295530,682295532,682295541,682295550,682295563,682295550,682297854,0,682297857,682297861,682297865,1,2,9,18,13,0,2304,-682297854,682297857,4,4,2336
3677,685860834,685860835,685860837,685860845,685860853,685860864,685860853,685864053,0,685864056,685864060,685864068,1,2,8,16,11,0,3200,-685864053,685864056,4,8,3234
3678,687753948,687753949,687753951,687753959,687753966,687753967,687753966,687756215,0,687756218,687756221,687756226,1,2,8,15,1,0,2249,-687756215,687756218,3,5,2278
3679,687760324,687760325,687760327,687760330,687760334,687760346,687760338,687763009,0,687763011,687763014,687763018,1,2,3,7,12,4,2671,-687763009,687763011,3,4,2694
3680,688698054,688698055,688698057,688698063,688698070,688698079,688698070,688700293,0,688700296,688700301,688700304,1,2,6,13,9,0,2223,-688700293,688700296,5,3,2250
3681,689762578,689762579,689762581,689762587,689762594,689762604,689762595,689764860,0,689764862,689764866,689764870,1,2,6,13,10,1,2265,-689764860,689764862,4,4,2292
3682,691823435,691823436,691823438,691823444,691823450,691823462,691823452,691825799,0,691825802,691825805,691825810,1,2,6,12,12,2,2347,-691825799,691825802,3,5,2375
3683,697452865,697452866,697452868,697452880,697452894,697452896,697452891,697455239,0,697455242,697455247,697455251,1,2,12,26,2,-3,2348,-697455239,697455242,5,4,2386
3684,697764107,697764108,697764110,697764115,697764121,697764132,697764123,697766427,0,697766429,697766432,697766437,1,2,5,11,11,2,2304,-697766427,697766429,3,5,2330
3685,708170244,708170246,708170248,708170262,708170275,708170277,708170273,708172495,0,708172498,708172505,708172510,2,2,14,27,2,-2,2222,-708172495,708172498,7,5,2266
3686,709655905,709655906,709655908,709655914,709655921,709655932,709655923,709659071,0,709659074,709659078,709659082,1,2,6,13,11,2,3148,-709659071,709659074,4,4,3177
3687,712233387,712233388,712233390,712233398,712233411,712233421,712233406,712236726,0,712236729,712236733,712236738,1,2,8,21,10,-5,3320,-712236726,712236729,4,5,3351
3688,713171190,713171191,713171193,713171201,713171213,713171214,713171211,713174897,0,713174900,713174904,713174908,1,2,8,20,1,-2,3686,-713174897,713174900,4,4,3718
3689,713196534,713196535,713196536,713196543,713196552,713196560,713196552,713199996,0,713199998,713200002,713200007,1,1,7,16,8,0,3444,-713199996,713199998,4,5,3473
3690,719068717,719068718,719068720,719068730,719068741,719068753,719068740,719071189,0,719071192,719071196,719071200,1,2,10,21,12,-1,2449,-719071189,719071192,4,4,2483
3691,721367042,721367044,721367046,721367053,721367064,721367073,721367061,721370491,0,721370493,721370497,721370504,2,2,7,18,9,-3,3430,-721370491,721370493,4,7,3462
3692,723822046,723822047,723822049,723822054,723822062,723822071,723822061,723825599,0,723825601,723825604,723825608,1,2,5,13,9,-1,3538,-723825599,723825601,3,4,3562
3693,725673989,725673990,725673992,725674000,725674008,725674018,725674009,725676587,0,725676589,725676593,725676598,1,2,8,16,10,1,2578,-725676587,725676589,4,5,2609
3694,725681489,725681490,725681491,725681495,725681500,725681510,725681503,725684092,0,725684095,725684097,725684102,1,1,4,9,10,3,2589,-725684092,725684095,2,5,2613
3695,726664661,726664662,726664664,726664670,726664676,726664685,726664676,726667927,0,726667930,726667933,726667937,1,2,6,12,9,0,3251,-726667927,726667930,3,4,3276
3696,727718138,727718139,727718141,727718146,727718154,727718155,727718154,727721444,0,727721447,727721450,727721455,1,2,5,13,1,0,3290,-727721444,727721447,3,5,3317
3697,728637005,728637006,728637008,728637013,728637019,728637028,728637020,728639523,0,728639525,728639528,728639533,1,2,5,11,9,1,2503,-728639523,728639525,3,5,2528
3698,728661693,728661694,728661696,728661699,728661704,728661713,728661706,728664119,0,728664121,728664124,728664128,1,2,3,8,9,2,2413,-728664119,728664121,3,4,2435
3699,730088767,730088768,730088769,730088774,730088780,730088791,730088782,730091110,0,730091113,730091116,730091121,1,1,5,11,11,2,2328,-730091110,730091113,3,5,2354
3700,730370504,730370505,730370507,730370510,730370515,730370525,730370518,730373568,0,730373571,730373573,730373577,1,2,3,8,10,3,3050,-730373568,730373571,2,4,3073
3701,730628986,730628987,730628989,730628996,730629005,730629014,730629002,730632311,0,730632314,730632317,730632322,1,2,7,16,9,-3,3309,-730632311,730632314,3,5,3336
3702,738695315,738695316,738695318,738695334,738695353,738695355,738695344,738698760,0,738698763,738698769,738698773,1,2,16,35,2,-9,3416,-738698760,738698763,6,4,3458
3703,744694320,744694321,744694323,744694336,744694354,744694356,744694348,744697677,0,744697680,744697685,744697690,1,2,13,31,2,-6,3329,-744697677,744697680,5,5,3370
3704,761222996,761222998,761223000,761223019,761223043,761223045,761223032,761226607,0,761226610,761226616,761226623,2,2,19,43,2,-11,3575,-761226607,761226610,6,7,3627
3705,761229135,761229136,761229138,761229142,761229149,761229158,761229150,761232542,0,761232545,761232547,761232552,1,2,4,11,9,1,3392,-761232542,761232545,2,5,3417
3706,803726374,803726375,803726377,803726393,803726410,803726413,803726405,803729634,0,803729637,803729643,803729648,1,2,16,33,3,-5,3229,-803729634,803729637,6,5,3274
3707,803763334,803763335,803763337,803763341,803763346,803763356,803763348,803765521,0,803765524,803765526,803765530,1,2,4,9,10,2,2173,-803765521,803765524,2,4,2196
3708,804371394,804371395,804371396,804371402,804371409,804371417,804371409,804374431,0,804374435,804374438,804374443,1,1,6,13,8,0,3022,-804374431,804374435,3,5,3049
3709,808252596,808252597,808252599,808252618,808252641,808252644,808252632,808256024,0,808256027,808256033,808256037,1,2,19,42,3,-9,3392,-808256024,808256027,6,4,3441
3710,808271740,808271741,808271743,808271748,808271756,808271757,808271756,808274951,0,808274953,808274956,808274960,1,2,5,13,1,0,3195,-808274951,808274953,3,4,3220
3711,827242715,827242716,827242718,827242738,827242761,827242764,827242752,827246069,0,827246072,827246078,827246084,1,2,20,43,3,-9,3317,-827246069,827246072,6,6,3369
3712,827624185,827624186,827624189,827624194,827624201,827624211,827624201,827628682,0,827628684,827628687,827628692,1,3,5,12,10,0,4481,-827628682,827628684,3,5,4507
3713,872806158,872806159,872806161,872806178,872806196,872806199,872806192,872808586,0,872808589,872808595,872808601,1,2,17,35,3,-4,2394,-872808586,872808589,6,6,2443
3714,890768131,890768132,890768135,890768151,890768168,890768171,890768165,890770624,0,890770627,890770633,890770637,1,3,16,33,3,-3,2459,-890770624,890770627,6,4,2506
3715,892556737,892556738,892556740,892556748,892556760,892556769,892556758,892560310,0,892560313,892560317,892560321,1,2,8,20,9,-2,3552,-892560310,892560313,4,4,3584
3716,905703046,905703048,905703050,905703067,905703087,905703090,905703080,905706601,0,905706604,905706609,905706615,2,2,17,37,3,-7,3521,-905706601,905706604,5,6,3569
3717,914777517,914777518,914777520,914777536,914777552,914777555,914777549,914780743,0,914780747,914780752,914780757,1,2,16,32,3,-3,3194,-914780743,914780747,5,5,3240
3718,921116118,921116120,921116122,921116137,921116152,921116154,921116149,921118690,0,921118694,921118699,921118703,2,2,15,30,2,-3,2541,-921118690,921118694,5,4,2585
3719,922200516,922200516,922200518,922200523,922200528,922200539,922200531,922202909,0,922202912,922202914,922202919,0,2,5,10,11,3,2378,-922202909,922202912,2,5,2403
3720,922354367,922354368,922354370,922354375,922354380,922354393,922354384,922357752,0,922357754,922357757,922357762,1,2,5,10,13,4,3368,-922357752,922357754,3,5,3395
3721,922699934,922699935,922699936,922699943,922699949,922699959,922699951,922702442,0,922702444,922702447,922702451,1,1,7,13,10,2,2491,-922702442,922702444,3,4,2517
3722,925841318,925841319,925841321,925841328,925841337,925841339,925841337,925844246,0,925844248,925844252,925844257,1,2,7,16,2,0,2909,-925844246,925844248,4,5,2939
3723,926699727,926699728,926699730,926699735,926699740,926699751,926699743,926702464,0,926702467,926702470,926702474,1,2,5,10,11,3,2721,-926702464,926702467,3,4,2747
3724,955638418,955638419,955638421,955638437,955638454,955638457,955638451,955641903,0,955641906,955641912,955641917,1,2,16,33,3,-3,3452,-955641903,955641906,6,5,3499
3725,971226620,971226622,971226623,971226643,971226667,971226669,971226655,971229889,0,971229892,971229898,971229903,2,1,20,44,2,-12,3234,-971229889,971229892,6,5,3283
3726,971276880,971276882,971276884,971276889,971276896,971276905,971276897,971280091,0,971280093,971280097,971280101,2,2,5,12,9,1,3194,-971280091,971280093,4,4,3221
3727,971280827,971280829,971280830,971280834,971280840,971280850,971280842,971284137,0,971284140,971284143,971284147,2,1,4,10,10,2,3295,-971284137,971284140,3,4,3320
3728,30406685,30406686,30406688,30406706,30406723,30406726,30406720,30409207,0,30409211,30409217,30409222,1,2,18,35,3,-3,2487,-30409207,30409211,6,5,2537
3729,32270997,32270999,32271001,32271006,32271012,32271021,32271013,32274092,0,32274094,32274097,32274101,2,2,5,11,9,1,3079,-32274092,32274094,3,4,3104
3730,33261705,33261706,33261708,33261713,33261719,33261729,33261721,33264219,0,33264222,33264224,33264229,1,2,5,11,10,2,2498,-33264219,33264222,2,5,2524
3731,33386254,33386256,33386257,33386261,33386266,33386276,33386268,33388646,0,33388649,33388652,33388656,2,1,4,9,10,2,2378,-33388646,33388649,3,4,2402
3732,36387936,36387937,36387939,36387945,36387954,36387965,36387954,36390257,0,36390259,36390263,36390267,1,2,6,15,11,0,2303,-36390257,36390259,4,4,2331
3733,38853745,38853746,38853748,38853754,38853760,38853770,38853761,38856140,0,38856142,38856145,38856149,1,2,6,12,10,1,2379,-38856140,38856142,3,4,2404
3734,47104135,47104137,47104139,47104156,47104175,47104192,47104168,47107411,0,47107414,47107419,47107423,2,2,17,36,17,-7,3243,-47107411,47107414,5,4,3288
3735,47249048,47249049,47249051,47249055,47249061,47249062,47249062,47252547,0,47252549,47252552,47252556,1,2,4,10,1,1,3485,-47252547,47252549,3,4,3508
3736,47645168,47645169,47645171,47645177,47645187,47645196,47645184,47648728,0,47648730,47648735,47648739,1,2,6,16,9,-3,3544,-47648728,47648730,5,4,3571
3737,47649077,47649078,47649080,47649084,47649089,47649097,47649090,47652535,0,47652537,47652539,47652544,1,2,4,9,8,1,3445,-47652535,47652537,2,5,3467
3738,60407957,60407959,60407961,60407977,60407994,60407998,60407989,60410505,0,60410508,60410515,60410519,2,2,16,33,4,-5,2516,-60410505,60410508,7,4,2562
3739,81980620,81980622,81980624,81980642,81980665,81980667,81980655,81983972,0,81983975,81983981,81983985,2,2,18,41,2,-10,3317,-81983972,81983975,6,4,3365
3740,86119619,86119620,86119622,86119633,86119646,86119657,86119643,86122940,0,86122943,86122948,86122951,1,2,11,24,11,-3,3297,-86122940,86122943,5,3,3332
3741,97206249,97206251,97206253,97206270,97206286,97206288,97206283,97208803,0,97208807,97208813,97208817,2,2,17,33,2,-3,2520,-97208803,97208807,6,4,2568
3742,102158756,102158757,102158759,102158771,102158788,102158802,102158781,102162098,0,102162105,102162108,102162113,1,2,12,29,14,-7,3317,-102162098,102162105,3,5,3357
3743,102158870,102158871,102158873,102158877,102158885,102158893,102158884,102162010,0,102162013,102162018,102162024,1,2,4,12,8,-1,3126,-102162010,102162013,5,6,3154
3744,102158962,102158963,102158965,102158969,102158975,102158983,102158974,102162019,0,102162032,102162035,102162039,1,2,4,10,8,-1,3045,-102162019,102162032,3,4,3077
3745,102159047,102159048,102159050,102159054,102159061,102159069,102159059,102162215,0,102162223,102162225,102162231,1,2,4,11,8,-2,3156,-102162215,102162223,2,6,3184
3746,102159173,102159173,102159175,102159179,102159185,102159193,102159184,102162325,0,102162335,102162337,102162349,0,2,4,10,8,-1,3141,-102162325,102162335,2,12,3176
3747,102159239,102159240,102159241,102159245,102159252,102159261,102159250,102162513,0,102162520,102162522,102162530,1,1,4,11,9,-2,3263,-102162513,102162520,2,8,3291
3748,102159298,102159298,102159300,102159304,102159310,102159318,102159309,102162409,0,102162411,102162414,102162419,0,2,4,10,8,-1,3100,-102162409,102162411,3,5,3121
3749,102159358,102159359,102159361,102159366,102159372,102159380,102159371,102162415,0,102162423,102162425,102162433,1,2,5,11,8,-1,3044,-102162415,102162423,2,8,3075
3750,102159431,102159432,102159434,102159437,102159443,102159451,102159442,102162934,0,102162941,102162943,102162954,1,2,3,9,8,-1,3492,-102162934,102162941,2,11,3523
3751,102159542,102159542,102159544,102159548,102159556,102159564,102159554,102163075,0,102163077,102163080,102163092,0,2,4,12,8,-2,3521,-102163075,102163077,3,12,3550
3752,102159614,102159615,102159617,102159621,102159625,102159633,102159626,102162588,0,102162590,102162593,102162598,1,2,4,8,8,1,2962,-102162588,102162590,3,5,2984
3753,102159699,102159699,102159701,102159706,102159710,102159718,102159711,102162710,0,102162724,102162727,102162737,0,2,5,9,8,1,2999,-102162710,102162724,3,10,3038
3754,102159751,102159752,102159754,102159760,102159764,102159773,102159766,102162939,0,102162952,102162955,102162960,1,2,6,10,9,2,3173,-102162939,102162952,3,5,3209
3755,102159841,102159841,102159843,102159847,102159851,102159859,102159852,102162925,0,102162927,102162930,102162946,0,2,4,8,8,1,3073,-102162925,102162927,3,16,3105
3756,102159961,102159962,102159964,102159967,102159972,102159980,102159971,102163088,0,102163104,102163106,102163110,1,2,3,8,8,-1,3117,-102163088,102163104,2,4,3149
3757,102160039,102160040,102160041,102160044,102160048,102160056,102160049,102163083,0,102163094,102163097,102163104,1,1,3,7,8,1,3034,-102163083,102163094,3,7,3065
3758,102160118,102160119,102160121,102160124,102160128,102160136,102160130,102163157,0,102163162,102163164,102163169,1,2,3,7,8,2,3027,-102163157,102163162,2,5,3051
3759,102160189,102160190,102160192,102160195,102160199,102160207,102160200,102162591,0,102162593,102162596,102162600,1,2,3,7,8,1,2391,-102162591,102162593,3,4,2411
3760,102162558,102162559,102162561,102162566,102162573,102162581,102162574,102165791,0,102165794,102165797,102165801,1,2,5,12,8,1,3217,-102165791,102165794,3,4,3243
3761,102163785,102163786,102163788,102163793,102163800,102163809,102163799,102166828,0,102166830,102166833,102166838,1,2,5,12,9,-1,3029,-102166828,102166830,3,5,3053
3762,102163849,102163850,102163851,102163855,102163861,102163869,102163860,102166952,0,102166954,102166957,102166961,1,1,4,10,8,-1,3092,-102166952,102166954,3,4,3112
3763,102164682,102164683,102164685,102164689,102164694,102164701,102164695,102167881,0,102167883,102167886,102167890,1,2,4,9,7,1,3186,-102167881,102167883,3,4,3208
3764,102164734,102164735,102164737,102164739,102164745,102164753,102164744,102168094,0,102168095,102168098,102168102,1,2,2,8,8,-1,3350,-102168094,102168095,3,4,3368
3765,102164808,102164808,102164810,102164813,102164818,102164826,102164817,102167956,0,102167958,102167961,102167966,0,2,3,8,8,-1,3139,-102167956,102167958,3,5,3158
3766,102164879,102164880,102164882,102164885,102164890,102164897,102164889,102168225,0,102168228,102168230,102168234,1,2,3,8,7,-1,3336,-102168225,102168228,2,4,3355
3767,102167256,102167257,102167259,102167263,102167269,102167276,102167269,102170672,0,102170677,102170680,102170687,1,2,4,10,7,0,3403,-102170672,102170677,3,7,3431
3768,102167316,102167317,102167319,102167322,102167328,102167336,102167327,102170435,0,102170437,102170440,102170444,1,2,3,9,8,-1,3108,-102170435,102170437,3,4,3128
3769,102167364,102167365,102167366,102167369,102167374,102167375,102167374,102169612,0,102169614,102169617,102169621,1,1,3,8,1,0,2238,-102169612,102169614,3,4,2257
3770,102167410,102167410,102167412,102167415,102167418,102167426,102167420,102170677,0,102170688,102170690,102170700,0,2,3,6,8,2,3257,-102170677,102170688,2,10,3290
3771,102167623,102167624,102167626,102167629,102167635,102167642,102167635,102170769,0,102170774,102170777,102170782,1,2,3,9,7,0,3134,-102170769,102170774,3,5,3159
3772,102167718,102167718,102167720,102167723,102167728,102167736,102167728,102170878,0,102170880,102170882,102170886,0,2,3,8,8,0,3150,-102170878,102170880,2,4,3168
3773,102168421,102168422,102168424,102168428,102168434,102168441,102168434,102171472,0,102171474,102171477,102171482,1,2,4,10,7,0,3038,-102171472,102171474,3,5,3061
3774,102169973,102169974,102169976,102169979,102169984,102169992,102169985,102172397,0,102172400,102172402,102172406,1,2,3,8,8,1,2412,-102172397,102172400,2,4,2433
3775,102170066,102170066,102170068,102170071,102170077,102170086,102170076,102174752,0,102174755,102174757,102174762,0,2,3,9,9,-1,4676,-102174752,102174755,2,5,4696
3776,102170114,102170115,102170117,102170119,102170125,102170132,102170124,102173392,0,102173394,102173397,102173401,1,2,2,8,7,-1,3268,-102173392,102173394,3,4,3287
3777,102171101,102171102,102171104,102171108,102171115,102171124,102171114,102174334,0,102174336,102174341,102174346,1,2,4,11,9,-1,3220,-102174334,102174336,5,5,3245
3778,102171634,102171635,102171637,102171641,102171647,102171647,102171647,102174937,0,102174939,102174941,102174945,1,2,4,10,0,0,3290,-102174937,102174939,2,4,3311
3779,102171686,102171687,102171688,102171691,102171695,102171702,102171715,102175028,0,102175030,102175033,102175037,1,1,3,7,7,20,3313,-102175028,102175030,3,4,3351
3780,102172414,102172415,102172417,102172420,102172426,102172433,102172425,102175582,0,102175584,102175587,102175592,1,2,3,9,7,-1,3157,-102175582,102175584,3,5,3178
3781,102172901,102172902,102172904,102172907,102172912,102172921,102172913,102176013,0,102176015,102176018,102176027,1,2,3,8,9,1,3100,-102176013,102176015,3,9,3126
3782,102175123,102175124,102175126,102175130,102175136,102175143,102175135,102178306,0,102178308,102178311,102178314,1,2,4,10,7,-1,3171,-102178306,102178308,3,3,3191
3783,102175311,102175312,102175314,102175317,102175322,102175330,102175322,102178443,0,102178445,102178448,102178451,1,2,3,8,8,0,3121,-102178443,102178445,3,3,3140
3784,102175511,102175512,102175513,102175516,102175521,102175530,102175522,102178567,0,102178569,102178572,102178577,1,1,3,8,9,1,3045,-102178567,102178569,3,5,3066
3785,102176524,102176525,102176527,102176531,102176535,102176544,102176537,102178741,0,102178743,102178746,102178750,1,2,4,8,9,2,2204,-102178741,102178743,3,4,2226
3786,102179037,102179038,102179040,102179044,102179051,102179059,102179050,102182259,0,102182261,102182263,102182267,1,2,4,11,8,-1,3209,-102182259,102182261,2,4,3230
3787,102179077,102179078,102179080,102179083,102179089,102179096,102179088,102182155,0,102182157,102182160,102182164,1,2,3,9,7,-1,3067,-102182155,102182157,3,4,3087
3788,102179438,102179439,102179441,102179444,102179448,102179456,102179449,102181676,0,102181679,102181682,102181685,1,2,3,7,8,1,2227,-102181676,102181679,3,3,2247
3789,102179476,102179477,102179479,102179481,102179485,102179493,102179486,102182395,0,102182397,102182400,102182406,1,2,2,6,8,1,2909,-102182395,102182397,3,6,2930
3790,102187244,102187245,102187247,102187251,102187258,102187266,102187257,102190276,0,102190279,102190281,102190285,1,2,4,11,8,-1,3019,-102190276,102190279,2,4,3041
3791,102187291,102187291,102187293,102187296,102187302,102187309,102187301,102190410,0,102190412,102190414,102190418,0,2,3,9,7,-1,3109,-102190410,102190412,2,4,3127
3792,102187325,102187326,102187328,102187330,102187334,102187342,102187335,102189620,0,102189623,102189626,102189630,1,2,2,6,8,1,2285,-102189620,102189623,3,4,2305
3793,102190725,102190726,102190728,102190732,102190736,102190743,102190737,102193524,0,102193526,102193529,102193533,1,2,4,8,7,1,2787,-102193524,102193526,3,4,2808
3794,102480401,102480402,102480404,102480408,102480413,102480422,102480415,102482698,0,102482701,102482705,102482709,1,2,4,9,9,2,2283,-102482698,102482701,4,4,2308
3795,102494658,102494659,102494661,102494665,102494669,102494679,102494671,102497724,0,102497727,102497729,102497734,1,2,4,8,10,2,3053,-102497724,102497727,2,5,3076
3796,102498461,102498462,102498464,102498468,102498474,102498482,102498473,102501583,0,102501586,102501589,102501593,1,2,4,10,8,-1,3110,-102501583,102501586,3,4,3132
3797,496433314,496433315,496433317,496433329,496433339,496433340,496433331,496538323,496538323,496538325,496538330,496538334,1,2,12,22,1,-8,104992,0,2,5,4,105020
3798,505905722,505905723,505905725,505905732,505905739,505905740,505905733,506050486,506050486,506050488,506050492,506050496,1,2,7,14,1,-6,144753,0,2,4,4,144774
3799,516721097,516721098,516721100,516721107,516721113,516721115,516721108,516866264,516866264,516866266,516866269,516866274,1,2,7,13,2,-5,145156,0,2,3,5,145177
3800,538610484,538610485,538610487,538610493,538610499,538610503,538610494,538730607,538730607,538730609,538730612,538730616,1,2,6,12,4,-5,120113,0,2,3,4,120132
3801,563912996,563912997,563912999,563913004,563913011,563913012,563913005,564029588,564029588,564029590,564029593,564029597,1,2,5,12,1,-6,116583,0,2,3,4,116601
