index,req,ts,engine,cmdtr,tr,rsp,send,recv,rts,rengine,rtr,accep,rtt1,rtt2,rtt3,rtt4,rtt5,rtt6,rtt7,rtt8,rtt9,rtt10,rtt11,rtt
8,601673722,601673724,601673727,601673748,601673760,601673762,601673749,601709780,601709780,601709784,601709791,601709796,2,3,21,33,2,-11,36031,0,4,7,5,36074
16,602654700,602654702,602654704,602654718,602654731,602654732,602654719,602693354,602693354,602693358,602693365,602693372,2,2,14,27,1,-12,38635,0,4,7,7,38672
17,602654701,602654704,602654734,602654742,602654749,602654765,602654774,602693421,602693421,602693424,602693428,602693433,3,30,8,15,16,25,38647,0,3,4,5,38732
18,602654701,602654704,602654751,602654756,602654763,602654787,602654774,602693718,602693718,602693721,602693725,602693728,3,47,5,12,24,11,38944,0,3,4,3,39027
21,602654974,602654977,602655018,602655024,602655031,602655069,602655045,602693525,602693525,602693527,602693531,602693536,3,41,6,13,38,14,38480,0,2,4,5,38562
23,602655609,602655614,602655617,602655627,602655637,602655639,602655628,602693804,602693804,602693807,602693811,602693815,5,3,10,20,2,-9,38176,0,3,4,4,38206
24,602655609,602655616,602655639,602655644,602655650,602655676,602655658,602694385,602694385,602694389,602694393,602694397,7,23,5,11,26,8,38727,0,4,4,4,38788
25,602655612,602655616,602655651,602655655,602655661,602655676,602655659,602694435,602694435,602694438,602694442,602694446,4,35,4,10,15,-2,38776,0,3,4,4,38834
27,602655613,602655617,602655677,602655682,602655687,602655705,602655687,602694586,602694586,602694589,602694593,602694597,4,60,5,10,18,0,38899,0,3,4,4,38984
28,602655613,602655617,602655689,602655693,602655698,602655739,602655717,602694665,602694665,602694667,602694671,602694675,4,72,4,9,41,19,38948,0,2,4,4,39062
29,602655624,602655625,602655699,602655704,602655709,602655739,602655717,602694815,602694815,602694818,602694822,602694826,1,74,5,10,30,8,39098,0,3,4,4,39202
30,602655624,602655625,602655710,602655714,602655720,602655739,602655717,602694539,602694539,602694542,602694546,602694550,1,85,4,10,19,-3,38822,0,3,4,4,38926
31,602655748,602655752,602655756,602655765,602655774,602655775,602655766,602725605,602725605,602725608,602725613,602725619,4,4,9,18,1,-8,69839,0,3,5,6,69871
32,602656108,602656112,602656115,602656123,602656132,602656133,602656124,602725711,602725711,602725713,602725717,602725722,4,3,8,17,1,-8,69587,0,2,4,5,69614
33,602656108,602656113,602656134,602656139,602656145,602656170,602656154,602726670,602726670,602726673,602726677,602726681,5,21,5,11,25,9,70516,0,3,4,4,70573
34,602656110,602656114,602656146,602656150,602656156,602656170,602656154,602725837,602725837,602725840,602725844,602725848,4,32,4,10,14,-2,69683,0,3,4,4,69738
35,602656110,602656114,602656157,602656161,602656166,602656194,602656181,602726154,602726154,602726157,602726162,602726166,4,43,4,9,28,15,69973,0,3,5,4,70056
37,602656568,602656572,602656594,602656600,602656607,602656627,602656613,602726014,602726014,602726017,602726022,602726027,4,22,6,13,20,6,69401,0,3,5,5,69459
38,602656569,602656572,602656609,602656613,602656619,602656627,602656633,602726522,602726522,602726525,602726528,602726532,3,37,4,10,8,14,69889,0,3,3,4,69963
39,602656569,602656573,602656620,602656625,602656630,602656657,602656633,602726300,602726300,602726303,602726307,602726311,4,47,5,10,27,3,69667,0,3,4,4,69742
40,602656569,602656573,602656631,602656635,602656641,602656657,602656668,602726380,602726380,602726383,602726387,602726391,4,58,4,10,16,27,69712,0,3,4,4,69822
41,602656569,602656573,602656642,602656646,602656651,602656681,602656668,602726982,602726982,602726988,602726991,602726995,4,69,4,9,30,17,70314,0,6,3,4,70426
43,602656709,602656713,602656737,602656743,602656750,602656768,602656755,602726593,602726593,602726596,602726600,602726604,4,24,6,13,18,5,69838,0,3,4,4,69895
45,602657151,602657157,602657160,602657169,602657179,602657180,602657170,602727129,602727129,602727132,602727136,602727141,6,3,9,19,1,-9,69959,0,3,4,5,69990
47,602657161,602657162,602657196,602657200,602657207,602657245,602657220,602726817,602726817,602726820,602726824,602726828,1,34,4,11,38,13,69597,0,3,4,4,69667
48,602657161,602657162,602657208,602657212,602657218,602657245,602657220,602726451,602726451,602726454,602726458,602726462,1,46,4,10,27,2,69231,0,3,4,4,69301
49,602657161,602657162,602657219,602657223,602657228,602657245,602657257,602726744,602726744,602726747,602726750,602726755,1,57,4,9,17,29,69487,0,3,3,5,69594
51,602657566,602657572,602657594,602657600,602657607,602657626,602657612,602726894,602726894,602726897,602726901,602726905,6,22,6,13,19,5,69282,0,3,4,4,69339
53,602657569,602657573,602657621,602657626,602657632,602657652,602657635,602727200,602727200,602727203,602727207,602727211,4,48,5,11,20,3,69565,0,3,4,4,69642
54,602657569,602657573,602657633,602657638,602657644,602657678,602657664,602727422,602727422,602727425,602727430,602727434,4,60,5,11,34,20,69758,0,3,5,4,69865
56,602657995,602657998,602658000,602658007,602658016,602658017,602658008,602727574,602727574,602727577,602727581,602727585,3,2,7,16,1,-8,69566,0,3,4,4,69590
57,602657996,602657999,602658018,602658022,602658028,602658053,602658037,602727722,602727722,602727724,602727728,602727732,3,19,4,10,25,9,69685,0,2,4,4,69736
58,602657996,602657999,602658029,602658033,602658038,602658053,602658037,602728168,602728168,602728171,602728175,602728179,3,30,4,9,15,-1,70131,0,3,4,4,70183
60,602657996,602658000,602658053,602658057,602658063,602658083,602658063,602727870,602727870,602727873,602727877,602727881,4,53,4,10,20,0,69807,0,3,4,4,69885
61,602658247,602658248,602658251,602658260,602658269,602658269,602658261,602727649,602727649,602727652,602727656,602727660,1,3,9,18,0,-8,69388,0,3,4,4,69413
63,602658488,602658492,602658495,602658504,602658513,602658514,602658505,602728243,602728243,602728246,602728250,602728254,4,3,9,18,1,-8,69738,0,3,4,4,69766
66,602658491,602658495,602658541,602658546,602658552,602658576,602658555,602727942,602727942,602727945,602727949,602727953,4,46,5,11,24,3,69387,0,3,4,4,69462
67,602658621,602658623,602658626,602658634,602658643,602658644,602658635,602728103,602728103,602728106,602728111,602728115,2,3,8,17,1,-8,69468,0,3,5,4,69494
68,602658622,602658624,602658645,602658649,602658655,602658676,602658663,602728459,602728459,602728462,602728466,602728470,2,21,4,10,21,8,69796,0,3,4,4,69848
70,602658871,602658874,602658895,602658901,602658908,602658929,602658914,602727794,602727794,602727797,602727801,602727805,3,21,6,13,21,6,68880,0,3,4,4,68934
71,602658872,602658874,602658910,602658914,602658920,602658929,602658934,602728532,602728532,602728535,602728538,602728542,2,36,4,10,9,14,69598,0,3,3,4,69670
73,602659023,602659026,602659047,602659053,602659060,602659080,602659068,602728602,602728602,602728605,602728609,602728613,3,21,6,13,20,8,69534,0,3,4,4,69590
75,602659390,602659392,602659394,602659400,602659408,602659408,602659401,602728763,602728763,602728766,602728769,602728773,2,2,6,14,0,-7,69362,0,3,3,4,69383
77,602659620,602659623,602659644,602659650,602659657,602659677,602659662,602728906,602728906,602728909,602728913,602728917,3,21,6,13,20,5,69244,0,3,4,4,69297
78,602659980,602659983,602659991,602659999,602660009,602660010,602660001,602728681,602728681,602728684,602728687,602728691,3,8,8,18,1,-8,68680,0,3,3,4,68711
80,602659991,602659992,602660025,602660030,602660037,602660073,602660050,602729060,602729060,602729063,602729067,602729071,1,33,5,12,36,13,69010,0,3,4,4,69080
84,602660291,602660294,602660323,602660329,602660336,602660355,602660336,602729132,602729132,602729135,602729139,602729143,3,29,6,13,19,0,68796,0,3,4,4,68852
85,602660548,602660552,602660554,602660562,602660572,602660572,602660564,602729283,602729283,602729286,602729290,602729294,4,2,8,18,0,-8,68719,0,3,4,4,68746
86,602660549,602660553,602660574,602660579,602660585,602660609,602660593,602758108,602758108,602758110,602758114,602758119,4,21,5,11,24,8,97515,0,2,4,5,97570
87,602660550,602660553,602660586,602660590,602660597,602660609,602660593,602729428,602729428,602729431,602729435,602729439,3,33,4,11,12,-4,68835,0,3,4,4,68889
90,602660620,602660622,602660624,602660629,602660637,602660661,602660651,602758888,602758888,602758891,602758895,602758900,2,2,5,13,24,14,98237,0,3,4,5,98280
91,602660938,602660939,602660942,602660951,602660961,602660961,602660952,602758134,602758134,602758137,602758141,602758146,1,3,9,19,0,-9,97182,0,3,4,5,97208
92,602660938,602660940,602660962,602660967,602660974,602660997,602660981,602758968,602758968,602758971,602758975,602758979,2,22,5,12,23,7,97987,0,3,4,4,98041
93,602660938,602660941,602660975,602660979,602660990,602661016,602660981,602758232,602758232,602758235,602758238,602758242,3,34,4,15,26,-9,97251,0,3,3,4,97304
94,602661308,602661309,602661312,602661320,602661330,602661330,602661321,602730101,602730101,602730104,602730108,602730112,1,3,8,18,0,-9,68780,0,3,4,4,68804
95,602661308,602661311,602661331,602661335,602661341,602661363,602661350,602729497,602729497,602729500,602729503,602729508,3,20,4,10,22,9,68147,0,3,3,5,68200
96,602661640,602661642,602661645,602661654,602661663,602661664,602661655,602730248,602730248,602730251,602730255,602730259,2,3,9,18,1,-8,68593,0,3,4,4,68619
97,602661640,602661644,602661665,602661669,602661675,602661696,602661670,602729572,602729572,602729574,602729578,602729582,4,21,4,10,21,-5,67902,0,2,4,4,67942
98,602661640,602661644,602661676,602661680,602661686,602661696,602661688,602730404,602730404,602730407,602730411,602730415,4,32,4,10,10,2,68716,0,3,4,4,68775
99,602661640,602661645,602661687,602661690,602661698,602661724,602661712,602758330,602758330,602758333,602758336,602758341,5,42,3,11,26,14,96618,0,3,3,5,96701
100,602661641,602661645,602661699,602661703,602661708,602661724,602661712,602730550,602730550,602730553,602730557,602730561,4,54,4,9,16,4,68838,0,3,4,4,68920
101,602661641,602661645,602661709,602661713,602661718,602661724,602661745,602729644,602729644,602729647,602729651,602729655,4,64,4,9,6,27,67899,0,3,4,4,68014
102,602661660,602661663,602661719,602661723,602661728,602661750,602661745,602758441,602758441,602758444,602758448,602758452,3,56,4,9,22,17,96696,0,3,4,4,96792
103,602661741,602661743,602661746,602661754,602661761,602661777,602661767,602759203,602759203,602759206,602759210,602759214,2,3,8,15,16,6,97436,0,3,4,4,97473
104,602662225,602662227,602662230,602662238,602662248,602662249,602662239,602730696,602730696,602730699,602730703,602730708,2,3,8,18,1,-9,68457,0,3,4,5,68483
105,602662225,602662228,602662249,602662254,602662260,602662283,602662270,602758669,602758669,602758672,602758676,602758680,3,21,5,11,23,10,96399,0,3,4,4,96455
106,602662373,602662374,602662377,602662386,602662394,602662395,602662387,602759277,602759277,602759279,602759283,602759287,1,3,9,17,1,-7,96890,0,2,4,4,96914
107,602662373,602662376,602662396,602662401,602662406,602662429,602662414,602758743,602758743,602758746,602758750,602758754,3,20,5,10,23,8,96329,0,3,4,4,96381
108,602662569,602662570,602662574,602662582,602662591,602662591,602662583,602729719,602729719,602729722,602729725,602729729,1,4,8,17,0,-8,67136,0,3,3,4,67160
109,602662569,602662572,602662592,602662596,602662602,602662623,602662610,602757825,602757825,602757829,602757835,602757841,3,20,4,10,21,8,95215,0,4,6,6,95272
110,602662649,602662650,602662653,602662661,602662669,602662670,602662662,602729955,602729955,602729958,602729962,602729966,1,3,8,16,1,-7,67293,0,3,4,4,67317
111,602662915,602662918,602662921,602662929,602662938,602662939,602662930,602730027,602730027,602730030,602730034,602730039,3,3,8,17,1,-8,67097,0,3,4,5,67124
112,602662915,602662919,602662940,602662944,602662949,602662973,602662957,602757909,602757909,602757913,602757918,602757922,4,21,4,9,24,8,94952,0,4,5,4,95007
113,602662915,602662920,602662950,602662954,602662960,602662973,602662957,602758010,602758010,602758013,602758018,602758022,5,30,4,10,13,-3,95053,0,3,5,4,95107
147,604829396,604829398,604829400,604829417,604829432,604829433,604829419,604867702,604867702,604867971,604867978,604868995,2,2,17,32,1,-13,38283,0,269,7,1017,39599
204,612666264,612666266,612666268,612666281,612666296,612666297,612666283,612730571,612730571,612730574,612730579,612730583,2,2,13,28,1,-13,64288,0,3,5,4,64319
205,612666395,612666396,612666479,612666489,612666500,612666500,612666490,612730697,612730697,612730699,612730703,612730708,1,83,10,21,0,-10,64207,0,2,4,5,64313
206,612666590,612666591,612666674,612666682,612666693,612666694,612666683,612730929,612730929,612730932,612730936,612730940,1,83,8,19,1,-10,64246,0,3,4,4,64350
207,612666662,612666665,612666695,612666700,612666707,612666726,612666712,612731007,612731007,612731010,612731014,612731019,3,30,5,12,19,5,64295,0,3,4,5,64357
208,612666921,612666923,612666926,612666934,612666944,612666945,612666936,612730770,612730770,612730773,612730777,612730781,2,3,8,18,1,-8,63834,0,3,4,4,63860
210,612667247,612667248,612667251,612667260,612667271,612667272,612667262,612730851,612730851,612730854,612730858,612730862,1,3,9,20,1,-9,63589,0,3,4,4,63615
213,612667409,612667410,612667478,612667485,612667493,612667519,612667502,612731138,612731138,612731141,612731146,612731150,1,68,7,15,26,9,63636,0,3,5,4,63741
214,612667735,612667736,612667739,612667748,612667758,612667759,612667749,612731788,612731788,612731792,612731796,612731800,1,3,9,19,1,-9,64039,0,4,4,4,64065
215,612667735,612667737,612667759,612667764,612667770,612667791,612667778,612735729,612735729,612735731,612735736,612735740,2,22,5,11,21,8,67951,0,2,5,4,68005
217,612667981,612667982,612667988,612667996,612668004,612668021,612668011,612735796,612735796,612735799,612735803,612735807,1,6,8,16,17,7,67785,0,3,4,4,67826
218,612667981,612667983,612668005,612668010,612668016,612668043,612668011,612735629,612735629,612735633,612735638,612735643,2,22,5,11,27,-5,67618,0,4,5,5,67662
221,612668644,612668645,612668647,612668653,612668661,612668662,612668654,612735880,612735880,612735883,612735887,612735891,1,2,6,14,1,-7,67226,0,3,4,4,67247
222,612668689,612668690,612668840,612668849,612668859,612668860,612668850,612736191,612736191,612736194,612736199,612736203,1,150,9,19,1,-9,67341,0,3,5,4,67514
223,612668773,612668775,612668861,612668865,612668872,612668894,612668879,612735952,612735952,612735955,612735959,612735964,2,86,4,11,22,7,67073,0,3,4,5,67191
224,612668855,612668856,612668873,612668877,612668883,612668894,612668879,612736264,612736264,612736267,612736271,612736276,1,17,4,10,11,-4,67385,0,3,4,5,67421
225,612668913,612668914,612668917,612668925,612668934,612668935,612668926,612736344,612736344,612736347,612736350,612736354,1,3,8,17,1,-8,67418,0,3,3,4,67441
226,612669258,612669259,612669262,612669271,612669280,612669281,612669271,612736022,612736022,612736025,612736030,612736035,1,3,9,18,1,-9,66751,0,3,5,5,66777
227,612669258,612669260,612669282,612669286,612669292,612669315,612669301,612736115,612736115,612736118,612736122,612736127,2,22,4,10,23,9,66814,0,3,4,5,66869
302,622670802,622670803,622670805,622670819,622670834,622670835,622670820,622706695,622706695,622706698,622706703,622706707,1,2,14,29,1,-14,35875,0,3,5,4,35905
306,622671602,622671603,622671605,622671613,622671622,622671623,622671614,622736782,622736782,622736784,622736789,622736793,1,2,8,17,1,-8,65168,0,2,5,4,65191
307,622671872,622671873,622671876,622671885,622671897,622671898,622671886,622736872,622736872,622736875,622736879,622736884,1,3,9,21,1,-11,64986,0,3,4,5,65012
309,622672045,622672047,622672050,622672059,622672069,622672070,622672061,622736692,622736692,622736695,622736699,622736703,2,3,9,19,1,-8,64631,0,3,4,4,64658
312,622672405,622672406,622672408,622672414,622672423,622672424,622672415,622737213,622737213,622737216,622737220,622737224,1,2,6,15,1,-8,64798,0,3,4,4,64819
313,622672469,622672470,622672473,622672482,622672492,622672493,622672483,622737130,622737130,622737133,622737137,622737141,1,3,9,19,1,-9,64647,0,3,4,4,64672
314,622672660,622672661,622672664,622672673,622672682,622672683,622672674,622736949,622736949,622736952,622736956,622736961,1,3,9,18,1,-8,64275,0,3,4,5,64301
315,622672740,622672741,622672744,622672752,622672760,622672760,622672752,622737037,622737037,622737040,622737044,622737048,1,3,8,16,0,-8,64285,0,3,4,4,64308
384,632674066,632674069,632674092,632674104,632674116,632674127,632674113,632710046,632710046,632710049,632710054,632710058,3,23,12,24,11,-3,35933,0,3,5,4,35992
385,632674232,632674233,632674236,632674247,632674258,632674259,632674249,632710300,632710300,632710302,632710307,632710311,1,3,11,22,1,-9,36051,0,2,5,4,36079
386,632674232,632674234,632674260,632674266,632674273,632674291,632674279,632709805,632709805,632709809,632709813,632709819,2,26,6,13,18,6,35526,0,4,4,6,35587
388,632674407,632674409,632674422,632674429,632674439,632674440,632674435,632710159,632710159,632710162,632710166,632710170,2,13,7,17,1,-4,35724,0,3,4,4,35763
390,632674790,632674793,632674796,632674803,632674812,632674812,632674804,632709941,632709941,632709944,632709948,632709952,3,3,7,16,0,-8,35137,0,3,4,4,35162
393,632675139,632675140,632675143,632675152,632675162,632675163,632675153,632710407,632710407,632710410,632710413,632710418,1,3,9,19,1,-9,35254,0,3,3,5,35279
482,642676089,642676091,642676093,642676107,642676120,642676121,642676108,642716782,642716782,642716785,642716790,642716796,2,2,14,27,1,-12,40674,0,3,5,6,40707
484,642676315,642676317,642676341,642676348,642676357,642676373,642676359,642716993,642716993,642716996,642717000,642717005,2,24,7,16,16,2,40634,0,3,4,5,40690
568,652677678,652677680,652677682,652677696,652677713,652677713,652677697,652715147,652715147,652715151,652715155,652715159,2,2,14,31,0,-16,37450,0,4,4,4,37481
570,652677684,652677687,652677722,652677727,652677735,652677751,652677737,652715491,652715491,652715494,652715499,652715503,3,35,5,13,16,2,37754,0,3,5,4,37819
572,652677838,652677839,652677842,652677852,652677862,652677864,652677853,652715040,652715040,652715043,652715048,652715053,1,3,10,20,2,-9,37187,0,3,5,5,37215
574,652678296,652678298,652678301,652678309,652678320,652678322,652678311,652715256,652715256,652715259,652715263,652715267,2,3,8,19,2,-9,36945,0,3,4,4,36971
778,672679313,672679315,672679317,672679332,672679350,672679350,672679334,672714609,672714609,672714612,672714620,672714626,2,2,15,33,0,-16,35275,0,3,8,6,35313
4129,835666860,835666862,835666865,835666880,835666894,835666896,835666882,835701548,835701548,835701551,835701558,835701564,2,3,15,29,2,-12,34666,0,3,7,6,34704
5322,912692862,912692863,912692866,912692885,912692897,912692900,912692887,912728730,912728730,912728733,912728738,912728743,1,3,19,31,3,-10,35843,0,3,5,5,35881
5323,912692878,912692880,912692901,912692905,912692910,912692929,912692907,912729275,912729275,912729278,912729283,912729289,2,21,4,9,19,-3,36368,0,3,5,6,36411
5324,912693047,912693048,912693052,912693062,912693070,912693071,912693063,912729320,912729320,912729323,912729327,912729331,1,4,10,18,1,-7,36257,0,3,4,4,36284
5325,912693047,912693050,912693072,912693076,912693081,912693087,912693092,912728497,912728497,912728501,912728509,912728514,3,22,4,9,6,11,35405,0,4,8,5,35467
5326,912693323,912693327,912693330,912693338,912693346,912693346,912693339,912728774,912728774,912728777,912728781,912728785,4,3,8,16,0,-7,35435,0,3,4,4,35462
5327,912693323,912693328,912693347,912693351,912693356,912693381,912693365,912729413,912729413,912729416,912729421,912729425,5,19,4,9,25,9,36048,0,3,5,4,36102
5328,912693324,912693329,912693357,912693361,912693366,912693381,912693365,912729471,912729471,912729474,912729478,912729482,5,28,4,9,15,-1,36106,0,3,4,4,36158
5330,912693847,912693851,912693853,912693860,912693867,912693867,912693862,912730036,912730036,912730039,912730044,912730048,4,2,7,14,0,-5,36174,0,3,5,4,36201
5331,912693847,912693852,912693868,912693873,912693877,912693906,912693887,912760943,912760943,912760946,912760951,912760956,5,16,5,9,29,10,67056,0,3,5,5,67109
5332,912693848,912693853,912693878,912693881,912693885,912693906,912693887,912730615,912730615,912730618,912730623,912730627,5,25,3,7,21,2,36728,0,3,5,4,36779
5333,912693848,912693853,912693886,912693890,912693894,912693906,912693919,912760945,912760945,912760951,912760953,912760959,5,33,4,8,12,25,67026,0,6,2,6,67111
5334,912694128,912694132,912694134,912694142,912694150,912694151,912694143,912761000,912761000,912761003,912761007,912761012,4,2,8,16,1,-7,66857,0,3,4,5,66884
5335,912694128,912694133,912694151,912694155,912694160,912694166,912694171,912760704,912760704,912760707,912760713,912760720,5,18,4,9,6,11,66533,0,3,6,7,66592
5336,912694128,912694133,912694161,912694164,912694169,912694190,912694172,912761122,912761122,912761125,912761129,912761132,5,28,3,8,21,3,66950,0,3,4,3,67004
5338,912694367,912694370,912694390,912694395,912694400,912694423,912694410,912761171,912761171,912761174,912761178,912761182,3,20,5,10,23,10,66761,0,3,4,4,66815
5339,912694579,912694580,912694583,912694590,912694597,912694598,912694591,912760734,912760734,912760737,912760742,912760746,1,3,7,14,1,-6,66143,0,3,5,4,66167
5382,912699463,912699465,912699472,912699476,912699483,912699501,912699486,912761274,912761274,912761277,912761280,912761285,2,7,4,11,18,3,61788,0,3,3,5,61822
5386,912699812,912699821,912699840,912699847,912699861,912699863,912699858,912761369,912761369,912761372,912761377,912761381,9,19,7,21,2,-3,61511,0,3,5,4,61569
5387,912700224,912700229,912700232,912700241,912700252,912700253,912700242,912761424,912761424,912761427,912761431,912761436,5,3,9,20,1,-10,61182,0,3,4,5,61212
5389,912700225,912700231,912700262,912700266,912700273,912700292,912700278,912761678,912761678,912761681,912761686,912761690,6,31,4,11,19,5,61400,0,3,5,4,61465
5391,912700459,912700460,912700463,912700472,912700481,912700482,912700473,912761516,912761516,912761519,912761523,912761527,1,3,9,18,1,-8,61043,0,3,4,4,61068
5395,912701201,912701202,912701204,912701212,912701222,912701222,912701212,912761866,912761866,912761869,912761873,912761877,1,2,8,18,0,-10,60654,0,3,4,4,60676
5397,912701387,912701388,912701390,912701396,912701406,912701407,912701397,912761756,912761756,912761759,912761763,912761767,1,2,6,16,1,-9,60359,0,3,4,4,60380
5398,912701484,912701485,912701488,912701495,912701505,912701506,912701497,912761952,912761952,912761955,912761959,912761963,1,3,7,17,1,-8,60455,0,3,4,4,60479
5400,912701892,912701895,912701897,912701905,912701914,912701915,912701906,912762044,912762044,912762047,912762051,912762055,3,2,8,17,1,-8,60138,0,3,4,4,60163
5402,912701892,912701897,912701924,912701929,912701935,912701960,912701945,912762122,912762122,912762125,912762129,912762133,5,27,5,11,25,10,60177,0,3,4,4,60241
5403,912702375,912702379,912702382,912702391,912702401,912702402,912702392,912762203,912762203,912762206,912762210,912762214,4,3,9,19,1,-9,59811,0,3,4,4,59839
5404,912702375,912702380,912702403,912702408,912702414,912702435,912702422,912762284,912762284,912762287,912762291,912762295,5,23,5,11,21,8,59862,0,3,4,4,59920
5406,912702580,912702581,912702584,912702592,912702602,912702603,912702594,912762457,912762457,912762460,912762464,912762468,1,3,8,18,1,-8,59863,0,3,4,4,59888
5407,912702580,912702583,912702604,912702608,912702615,912702635,912702622,912762545,912762545,912762548,912762552,912762556,3,21,4,11,20,7,59923,0,3,4,4,59976
5408,912702645,912702646,912702650,912702658,912702667,912702668,912702659,912762627,912762627,912762630,912762634,912762638,1,4,8,17,1,-8,59968,0,3,4,4,59993
5409,912702848,912702849,912702852,912702861,912702871,912702871,912702862,912762367,912762367,912762370,912762374,912762378,1,3,9,19,0,-9,59505,0,3,4,4,59530
5411,912703124,912703125,912703128,912703136,912703146,912703147,912703137,912762714,912762714,912762717,912762721,912762725,1,3,8,18,1,-9,59577,0,3,4,4,59601
5414,912703435,912703440,912703469,912703475,912703483,912703502,912703485,912762975,912762975,912762978,912762982,912762989,5,29,6,14,19,2,59490,0,3,4,7,59554
5415,912703803,912703804,912703807,912703815,912703825,912703826,912703816,912763063,912763063,912763066,912763070,912763075,1,3,8,18,1,-9,59247,0,3,4,5,59272
5417,912704116,912704117,912704120,912704129,912704139,912704140,912704130,912762800,912762800,912762803,912762807,912762811,1,3,9,19,1,-9,58670,0,3,4,4,58695
5418,912704116,912704119,912704141,912704145,912704151,912704173,912704160,912762892,912762892,912762895,912762899,912762903,3,22,4,10,22,9,58732,0,3,4,4,58787
5420,912704232,912704234,912704246,912704250,912704260,912704274,912704259,912763147,912763147,912763150,912763154,912763158,2,12,4,14,14,-1,58888,0,3,4,4,58926
5635,922711858,922711860,922711872,922711882,922711891,922711906,922711891,922779643,922779643,922779646,922779651,922779655,2,12,10,19,15,0,67752,0,3,5,4,67797
5636,922711858,922711861,922711892,922711899,922711904,922711928,922711912,922779206,922779206,922779209,922779214,922779219,3,31,7,12,24,8,67294,0,3,5,5,67361
5638,922712361,922712364,922712387,922712392,922712398,922712421,922712407,922779328,922779328,922779331,922779336,922779340,3,23,5,11,23,9,66921,0,3,5,4,66979
5640,922712534,922712537,922712555,922712562,922712567,922712587,922712573,922779436,922779436,922779438,922779442,922779447,3,18,7,12,20,6,66863,0,2,4,5,66913
5641,922712709,922712711,922712714,922712721,922712728,922712729,922712722,922779546,922779546,922779549,922779554,922779558,2,3,7,14,1,-6,66824,0,3,5,4,66849
5718,922721422,922721432,922721435,922721442,922721454,922721456,922721443,922780597,922780597,922780599,922780604,922780608,10,3,7,19,2,-11,59154,0,2,5,4,59186
5721,922721427,922721434,922721480,922721485,922721493,922721516,922721499,922780288,922780288,922780291,922780296,922780300,7,46,5,13,23,6,58789,0,3,5,4,58873
5724,922721430,922721435,922721506,922721510,922721517,922721541,922721525,922780074,922780074,922780077,922780081,922780086,5,71,4,11,24,8,58549,0,3,4,5,58656
5725,922721430,922721435,922721518,922721522,922721529,922721541,922721526,922780175,922780175,922780178,922780182,922780187,5,83,4,11,12,-3,58649,0,3,4,5,58757
5729,922721696,922721699,922721716,922721722,922721732,922721752,922721724,922780485,922780485,922780488,922780492,922780496,3,17,6,16,20,-8,58761,0,3,4,4,58800
5732,922722377,922722381,922722409,922722416,922722423,922722444,922722427,922780700,922780700,922780703,922780707,922780711,4,28,7,14,21,4,58273,0,3,4,4,58334
5734,922722377,922722381,922722431,922722435,922722444,922722467,922722454,922780396,922780396,922780399,922780403,922780407,4,50,4,13,23,10,57942,0,3,4,4,58030
5926,932726210,932726211,932726214,932726227,932726237,932726238,932726228,932763272,932763272,932763275,932763279,932763284,1,3,13,23,1,-9,37044,0,3,4,5,37074
5927,932726362,932726363,932726366,932726375,932726383,932726384,932726376,932762486,932762486,932762489,932762493,932762498,1,3,9,17,1,-7,36110,0,3,4,5,36136
5928,932726643,932726644,932726646,932726654,932726663,932726664,932726655,932762571,932762571,932762573,932762578,932762582,1,2,8,17,1,-8,35916,0,2,5,4,35939
5930,932727013,932727017,932727039,932727046,932727051,932727074,932727059,932762660,932762660,932762663,932762666,932762670,4,22,7,12,23,8,35601,0,3,3,4,35657
5931,932727014,932727017,932727052,932727056,932727061,932727074,932727059,932763009,932763009,932763013,932763017,932763022,3,35,4,9,13,-2,35950,0,4,4,5,36008
5934,932727332,932727334,932727348,932727354,932727359,932727380,932727366,932763101,932763101,932763104,932763108,932763113,2,14,6,11,21,7,35735,0,3,4,5,35781
5935,932727401,932727402,932727405,932727413,932727421,932727421,932727414,932762735,932762735,932762738,932762741,932762746,1,3,8,16,0,-7,35321,0,3,3,5,35345
5936,932727623,932727624,932727627,932727634,932727641,932727642,932727635,932794322,932794322,932794325,932794330,932794335,1,3,7,14,1,-6,66687,0,3,5,5,66712
5937,932727709,932727710,932727713,932727721,932727728,932727729,932727722,932794109,932794109,932794112,932794117,932794122,1,3,8,15,1,-6,66387,0,3,5,5,66413
5938,932727770,932727771,932727774,932727781,932727788,932727789,932727782,932794485,932794485,932794488,932794493,932794497,1,3,7,14,1,-6,66703,0,3,5,4,66727
5939,932727943,932727944,932727947,932727954,932727961,932727962,932727955,932794152,932794152,932794155,932794160,932794164,1,3,7,14,1,-6,66197,0,3,5,4,66221
5976,932731474,932731475,932731476,932731483,932731496,932731497,932731484,932794564,932794564,932794567,932794572,932794576,1,1,7,20,1,-12,63080,0,3,5,4,63102
5977,932731782,932731783,932731786,932731795,932731806,932731807,932731796,932794654,932794654,932794657,932794663,932794667,1,3,9,20,1,-10,62858,0,3,6,4,62885
5979,932731782,932731785,932731816,932731820,932731828,932731837,932731829,932794845,932794845,932794848,932794852,932794856,3,31,4,12,9,1,63016,0,3,4,4,63074
5984,932732441,932732442,932732444,932732449,932732458,932732459,932732450,932794944,932794944,932794947,932794951,932794956,1,2,5,14,1,-8,62494,0,3,4,5,62515
5986,932732557,932732558,932732560,932732567,932732576,932732577,932732568,932795098,932795098,932795101,932795105,932795110,1,2,7,16,1,-8,62530,0,3,4,5,62553
5989,932732762,932732764,932732774,932732780,932732790,932732803,932732787,932795026,932795026,932795029,932795034,932795038,2,10,6,16,13,-3,62239,0,3,5,4,62276
5990,932732832,932732834,932732837,932732845,932732855,932732856,932732847,932795264,932795264,932795267,932795271,932795274,2,3,8,18,1,-8,62417,0,3,4,3,62442
5991,932733121,932733122,932733125,932733134,932733144,932733158,932733135,932795170,932795170,932795173,932795177,932795181,1,3,9,19,14,-9,62035,0,3,4,4,62060
5993,932733259,932733261,932733274,932733278,932733287,932733302,932733286,932795340,932795340,932795343,932795347,932795351,2,13,4,13,15,-1,62054,0,3,4,4,62092
5994,932733508,932733510,932733513,932733521,932733531,932733531,932733522,932795635,932795635,932795638,932795642,932795646,2,3,8,18,0,-9,62113,0,3,4,4,62138
5995,932733588,932733589,932733592,932733600,932733608,932733609,932733601,932795716,932795716,932795720,932795725,932795729,1,3,8,16,1,-7,62115,0,4,5,4,62141
5996,932733662,932733663,932733666,932733674,932733683,932733683,932733675,932795491,932795491,932795494,932795498,932795503,1,3,8,17,0,-8,61816,0,3,4,5,61841
6000,932734066,932734067,932734070,932734076,932734085,932734086,932734078,932795560,932795560,932795563,932795567,932795571,1,3,6,15,1,-7,61482,0,3,4,4,61505
6002,932734180,932734181,932734184,932734190,932734200,932734201,932734191,932795790,932795790,932795793,932795797,932795801,1,3,6,16,1,-9,61599,0,3,4,4,61621
6023,932736439,932736443,932736445,932736450,932736459,932736459,932736451,932796148,932796148,932796151,932796155,932796160,4,2,5,14,0,-8,59697,0,3,4,5,59721
6024,932736544,932736545,932736548,932736557,932736566,932736567,932736558,932795864,932795864,932795867,932795871,932795875,1,3,9,18,1,-8,59306,0,3,4,4,59331
6180,942741067,942741073,942741075,942741087,942741099,942741100,942741089,942779383,942779383,942779386,942779390,942779394,6,2,12,24,1,-10,38294,0,3,4,4,38327
6181,942741068,942741074,942741101,942741106,942741112,942741137,942741121,942810595,942810595,942810598,942810603,942810607,6,27,5,11,25,9,69474,0,3,5,4,69539
6183,942741071,942741075,942741128,942741132,942741137,942741166,942741146,942810644,942810644,942810647,942810652,942810656,4,53,4,9,29,9,69498,0,3,5,4,69585
6184,942741071,942741075,942741138,942741143,942741148,942741167,942741146,942810751,942810751,942810754,942810758,942810763,4,63,5,10,19,-2,69605,0,3,4,5,69692
6185,942741528,942741533,942741536,942741543,942741551,942741551,942741544,942778773,942778773,942778776,942778780,942778785,5,3,7,15,0,-7,37229,0,3,4,5,37257
6186,942741528,942741534,942741553,942741557,942741561,942741592,942741571,942779458,942779458,942779461,942779465,942779470,6,19,4,8,31,10,37887,0,3,4,5,37942
6187,942741531,942741535,942741562,942741565,942741570,942741592,942741571,942779099,942779099,942779102,942779107,942779111,4,27,3,8,22,1,37528,0,3,5,4,37580
6188,942741531,942741535,942741571,942741574,942741579,942741592,942741600,942779172,942779172,942779175,942779179,942779183,4,36,3,8,13,21,37572,0,3,4,4,37652
6189,942741610,942741611,942741614,942741621,942741628,942741628,942741622,942779605,942779605,942779608,942779613,942779618,1,3,7,14,0,-6,37983,0,3,5,5,38008
6190,942741957,942741962,942741964,942741971,942741979,942741979,942741973,942779240,942779240,942779243,942779248,942779252,5,2,7,15,0,-6,37267,0,3,5,4,37295
6245,942747587,942747588,942747590,942747595,942747606,942747607,942747596,942810825,942810825,942810828,942810832,942810837,1,2,5,16,1,-10,63229,0,3,4,5,63250
6247,942747695,942747696,942747700,942747707,942747718,942747719,942747708,942811074,942811074,942811077,942811082,942811086,1,4,7,18,1,-10,63366,0,3,5,4,63391
6250,942748210,942748213,942748215,942748224,942748235,942748236,942748225,942810898,942810898,942810901,942810905,942810909,3,2,9,20,1,-10,62673,0,3,4,4,62699
6254,942748550,942748552,942748555,942748561,942748572,942748573,942748563,942811991,942811991,942811994,942811999,942812004,2,3,6,17,1,-9,63428,0,3,5,5,63454
6258,942748937,942748942,942748944,942748953,942748964,942748965,942748954,942812055,942812055,942812058,942812062,942812067,5,2,9,20,1,-10,63101,0,3,4,5,63130
6264,942749296,942749299,942749328,942749335,942749343,942749361,942749349,942812212,942812212,942812214,942812219,942812223,3,29,7,15,18,6,62863,0,2,5,4,62927
6265,942749297,942749300,942749344,942749349,942749356,942749383,942749349,942812132,942812132,942812135,942812139,942812143,3,44,5,12,27,-7,62783,0,3,4,4,62846
6268,942749743,942749746,942749749,942749756,942749766,942749767,942749757,942812288,942812288,942812291,942812295,942812299,3,3,7,17,1,-9,62531,0,3,4,4,62556
6276,942750504,942750509,942750511,942750516,942750526,942750527,942750516,942812356,942812356,942812359,942812363,942812368,5,2,5,15,1,-10,61840,0,3,4,5,61864
6277,942750504,942750510,942750528,942750532,942750540,942750562,942750546,942812644,942812644,942812647,942812651,942812655,6,18,4,12,22,6,62098,0,3,4,4,62151
6278,942750507,942750510,942750541,942750544,942750551,942750562,942750547,942812579,942812579,942812582,942812587,942812592,3,31,3,10,11,-4,62032,0,3,5,5,62085
6419,952754931,952754933,952754935,952754946,952754957,952754957,952754947,952789770,952789770,952789773,952789778,952789782,2,2,11,22,0,-10,34823,0,3,5,4,34851
6420,952755273,952755274,952755277,952755284,952755293,952755294,952755286,952829664,952829664,952829667,952829672,952829676,1,3,7,16,1,-7,74378,0,3,5,4,74403
6421,952755441,952755442,952755445,952755454,952755462,952755462,952755455,952829748,952829748,952829751,952829755,952829760,1,3,9,17,0,-7,74293,0,3,4,5,74319
6423,952755566,952755567,952755569,952755576,952755581,952755582,952755577,952829817,952829817,952829820,952829824,952829829,1,2,7,12,1,-4,74240,0,3,4,5,74263
6425,952755749,952755751,952755771,952755777,952755782,952755803,952755789,952830280,952830280,952830283,952830287,952830292,2,20,6,11,21,7,74491,0,3,4,5,74543
6426,952756057,952756059,952756062,952756069,952756076,952756077,952756070,952830418,952830418,952830421,952830425,952830429,2,3,7,14,1,-6,74348,0,3,4,4,74372
6427,952756058,952756060,952756078,952756082,952756087,952756092,952756101,952830351,952830351,952830354,952830358,952830363,2,18,4,9,5,14,74250,0,3,4,5,74305
6428,952756191,952756192,952756196,952756204,952756211,952756211,952756205,952830489,952830489,952830492,952830496,952830500,1,4,8,15,0,-6,74284,0,3,4,4,74309
6431,952756671,952756673,952756675,952756681,952756689,952756690,952756682,952831319,952831319,952831322,952831327,952831332,2,2,6,14,1,-7,74637,0,3,5,5,74661
6460,952759950,952759956,952759972,952759978,952759997,952760013,952759996,952831467,952831467,952831470,952831475,952831479,6,16,6,25,16,-1,71471,0,3,5,4,71529
6462,952760233,952760234,952760236,952760242,952760253,952760254,952760243,952831392,952831392,952831395,952831400,952831405,1,2,6,17,1,-10,71149,0,3,5,5,71172
6467,952760977,952760978,952760981,952760992,952761003,952761004,952760994,952831755,952831755,952831758,952831763,952831767,1,3,11,22,1,-9,70761,0,3,5,4,70790
6469,952761252,952761253,952761256,952761262,952761273,952761274,952761264,952832059,952832059,952832062,952832066,952832070,1,3,6,17,1,-9,70795,0,3,4,4,70818
6472,952761581,952761582,952761584,952761591,952761602,952761603,952761592,952832138,952832138,952832141,952832145,952832154,1,2,7,18,1,-10,70546,0,3,4,9,70573
6476,952762143,952762145,952762147,952762152,952762163,952762164,952762152,952831909,952831909,952831912,952831916,952831921,2,2,5,16,1,-11,69757,0,3,4,5,69778
6497,952764312,952764316,952764339,952764344,952764353,952764373,952764360,952831534,952831534,952831537,952831541,952831546,4,23,5,14,20,7,67174,0,3,4,5,67234
6515,952767191,952767192,952767194,952767199,952767210,952767210,952767200,952831838,952831838,952831841,952831845,952831850,1,2,5,16,0,-10,64638,0,3,4,5,64659
6516,952767383,952767384,952767387,952767395,952767406,952767407,952767396,952831681,952831681,952831684,952831689,952831693,1,3,8,19,1,-10,64285,0,3,5,4,64310
6518,952767622,952767624,952767647,952767653,952767662,952767678,952767665,952831987,952831987,952831991,952831996,952832000,2,23,6,15,16,3,64322,0,4,5,4,64378
6649,962771551,962771552,962771555,962771567,962771578,962771578,962771568,962808561,962808561,962808564,962808568,962808573,1,3,12,23,0,-10,36993,0,3,4,5,37022
6650,962771621,962771622,962771625,962771633,962771641,962771642,962771634,962839304,962839304,962839307,962839312,962839317,1,3,8,16,1,-7,67670,0,3,5,5,67696
6652,962772032,962772035,962772058,962772064,962772070,962772099,962772077,962839382,962839382,962839384,962839389,962839393,3,23,6,12,29,7,67305,0,2,5,4,67361
6653,962772032,962772036,962772071,962772075,962772080,962772099,962772077,962840237,962840237,962840240,962840245,962840249,4,35,4,9,19,-3,68160,0,3,5,4,68217
6654,962772216,962772217,962772220,962772228,962772235,962772236,962772230,962840743,962840743,962840746,962840751,962840755,1,3,8,15,1,-5,68513,0,3,5,4,68539
6655,962772216,962772219,962772237,962772241,962772245,962772252,962772257,962807834,962807834,962807837,962807842,962807846,3,18,4,8,7,12,35577,0,3,5,4,35630
6656,962772518,962772520,962772523,962772530,962772538,962772539,962772531,962841050,962841050,962841054,962841058,962841063,2,3,7,15,1,-7,68519,0,4,4,5,68545
6657,962772518,962772521,962772540,962772544,962772549,962772571,962772558,962839606,962839606,962839609,962839614,962839619,3,19,4,9,22,9,67048,0,3,5,5,67101
6682,962775060,962775065,962775068,962775072,962775080,962775081,962775073,962841363,962841363,962841366,962841371,962841376,5,3,4,12,1,-7,66290,0,3,5,5,66316
6686,962775063,962775068,962775100,962775106,962775116,962775137,962775112,962841419,962841419,962841421,962841426,962841431,5,32,6,16,21,-4,66307,0,2,5,5,66368
6698,962775990,962775998,962776022,962776026,962776036,962776054,962776041,962841712,962841712,962841715,962841720,962841725,8,24,4,14,18,5,65671,0,3,5,5,65735
6700,962775992,962775999,962776043,962776047,962776056,962776078,962776066,962841772,962841772,962841775,962841780,962841784,7,44,4,13,22,10,65706,0,3,5,4,65792
6710,962777202,962777205,962777207,962777213,962777223,962777224,962777214,962841837,962841837,962841840,962841844,962841849,3,2,6,16,1,-9,64623,0,3,4,5,64647
6718,962778018,962778020,962778022,962778029,962778039,962778040,962778030,962842019,962842019,962842022,962842027,962842031,2,2,7,17,1,-9,63989,0,3,5,4,64013
6721,962778331,962778335,962778347,962778352,962778362,962778375,962778360,962842078,962842078,962842081,962842085,962842091,4,12,5,15,13,-2,63718,0,3,4,6,63760
6724,962778333,962778337,962778375,962778379,962778387,962778412,962778380,962842203,962842203,962842206,962842210,962842214,4,38,4,12,25,-7,63823,0,3,4,4,63881
6727,962778555,962778558,962778587,962778594,962778602,962778621,962778607,962842453,962842453,962842456,962842460,962842465,3,29,7,15,19,5,63846,0,3,4,5,63910
6728,962779129,962779132,962779134,962779143,962779153,962779154,962779144,962842581,962842581,962842584,962842589,962842594,3,2,9,19,1,-9,63437,0,3,5,5,63465
6738,962779577,962779579,962779587,962779592,962779601,962779618,962779601,962842767,962842767,962842770,962842775,962842780,2,8,5,14,17,0,63166,0,3,5,5,63203
6739,962780043,962780047,962780049,962780058,962780069,962780070,962780059,962842882,962842882,962842885,962842890,962842894,4,2,9,20,1,-10,62823,0,3,5,4,62851
6744,962780230,962780233,962780255,962780261,962780269,962780284,962780273,962843129,962843129,962843132,962843137,962843142,3,22,6,14,15,4,62856,0,3,5,5,62912
6748,962780504,962780507,962780537,962780542,962780550,962780558,962780550,962843197,962843197,962843200,962843204,962843209,3,30,5,13,8,0,62647,0,3,4,5,62705
6916,972783607,972783608,972783611,972783624,972783635,972783636,972783625,972819499,972819499,972819502,972819507,972819511,1,3,13,24,1,-10,35874,0,3,5,4,35904
6918,972784009,972784012,972784014,972784022,972784030,972784031,972784023,972819590,972819590,972819593,972819597,972819601,3,2,8,16,1,-7,35567,0,3,4,4,35592
6919,972784010,972784013,972784031,972784035,972784041,972784047,972784053,972819677,972819677,972819680,972819684,972819689,3,18,4,10,6,12,35624,0,3,4,5,35679
6920,972784143,972784144,972784147,972784155,972784162,972784163,972784156,972850045,972850045,972850049,972850055,972850061,1,3,8,15,1,-6,65889,0,4,6,6,65918
6922,972784414,972784416,972784419,972784427,972784435,972784435,972784428,972850181,972850181,972850184,972850189,972850193,2,3,8,16,0,-7,65753,0,3,5,4,65779
6923,972784414,972784417,972784436,972784440,972784445,972784470,972784455,972850567,972850567,972850570,972850575,972850579,3,19,4,9,25,10,66112,0,3,5,4,66165
6924,972784415,972784418,972784446,972784450,972784454,972784470,972784455,972850653,972850653,972850656,972850660,972850665,3,28,4,8,16,1,66198,0,3,4,5,66250
6925,972784502,972784504,972784507,972784514,972784521,972784522,972784515,972850733,972850733,972850735,972850740,972850744,2,3,7,14,1,-6,66218,0,2,5,4,66242
6929,972784735,972784738,972784740,972784746,972784751,972784776,972784766,972850422,972850422,972850425,972850429,972850434,3,2,6,11,25,15,65656,0,3,4,5,65699
6930,972785125,972785132,972785134,972785142,972785150,972785151,972785144,972851000,972851000,972851004,972851009,972851014,7,2,8,16,1,-6,65856,0,4,5,5,65889
6933,972785129,972785134,972785175,972785179,972785184,972785216,972785199,972851077,972851077,972851080,972851084,972851088,5,41,4,9,32,15,65878,0,3,4,4,65959
6945,972785974,972785978,972786003,972786007,972786020,972786033,972786009,972851165,972851165,972851169,972851173,972851178,4,25,4,17,13,-11,65156,0,4,4,5,65204
6947,972786526,972786536,972786549,972786554,972786566,972786567,972786562,972851287,972851287,972851290,972851295,972851299,10,13,5,17,1,-4,64725,0,3,5,4,64773
6953,972786531,972786537,972786617,972786621,972786629,972786653,972786641,972851381,972851381,972851384,972851388,972851393,6,80,4,12,24,12,64740,0,3,4,5,64862
6955,972786635,972786637,972786641,972786647,972786657,972786675,972786665,972852681,972852681,972852684,972852689,972852693,2,4,6,16,18,8,66016,0,3,5,4,66058
6958,972787279,972787293,972787313,972787317,972787327,972787355,972787326,972852931,972852931,972852934,972852939,972852943,14,20,4,14,28,-1,65605,0,3,5,4,65664
6962,972787288,972787294,972787356,972787361,972787369,972787386,972787366,972853023,972853023,972853027,972853031,972853036,6,62,5,13,17,-3,65657,0,4,4,5,65748
6968,972787590,972787594,972787616,972787621,972787631,972787647,972787634,972852764,972852764,972852767,972852772,972852776,4,22,5,15,16,3,65130,0,3,5,4,65186
6978,972788907,972788912,972788914,972788920,972788931,972788932,972788921,972854136,972854136,972854139,972854144,972854149,5,2,6,17,1,-10,65215,0,3,5,5,65242
6992,972789962,972789974,972789976,972789980,972789995,972789996,972789981,972854836,972854836,972854839,972854844,972854849,12,2,4,19,1,-14,64855,0,3,5,5,64887
6994,972789972,972789976,972790003,972790006,972790014,972790035,972790018,972855620,972855620,972855623,972855628,972855632,4,27,3,11,21,4,65602,0,3,5,4,65660
7001,972790541,972790546,972790551,972790556,972790566,972790567,972790557,972854584,972854584,972854587,972854592,972854597,5,5,5,15,1,-9,64027,0,3,5,5,64056
7003,972790544,972790548,972790585,972790590,972790598,972790630,972790608,972855183,972855183,972855186,972855191,972855196,4,37,5,13,32,10,64575,0,3,5,5,64652
7008,972791179,972791182,972791212,972791219,972791227,972791246,972791226,972882807,972882807,972882810,972882815,972882820,3,30,7,15,19,-1,91581,0,3,5,5,91641
7009,972791179,972791183,972791229,972791234,972791242,972791269,972791236,972855708,972855708,972855711,972855715,972855720,4,46,5,13,27,-6,64472,0,3,4,5,64541
7010,972791179,972791183,972791243,972791247,972791254,972791270,972791258,972882556,972882556,972882560,972882565,972882569,4,60,4,11,16,4,91298,0,4,5,4,91390
7011,972791179,972791183,972791255,972791258,972791265,972791270,972791280,972855790,972855790,972855793,972855797,972855802,4,72,3,10,5,15,64510,0,3,4,5,64623
7014,972791368,972791371,972791393,972791400,972791407,972791423,972791412,972883247,972883247,972883250,972883255,972883259,3,22,7,14,16,5,91835,0,3,5,4,91891
7015,972791368,972791372,972791408,972791413,972791419,972791448,972791431,972883343,972883343,972883346,972883350,972883354,4,36,5,11,29,12,91912,0,3,4,4,91986
7169,982793587,982793590,982793607,982793618,982793626,982793650,982793635,982862566,982862566,982862569,982862573,982862578,3,17,11,19,24,9,68931,0,3,4,5,68991
7170,982793661,982793663,982793666,982793674,982793682,982793683,982793675,982830560,982830560,982830563,982830568,982830573,2,3,8,16,1,-7,36885,0,3,5,5,36912
7171,982793661,982793664,982793684,982793688,982793693,982793715,982793702,982862632,982862632,982862635,982862639,982862643,3,20,4,9,22,9,68930,0,3,4,4,68982
7172,982793941,982793942,982793945,982793953,982793961,982793962,982793954,982862715,982862715,982862718,982862722,982862727,1,3,8,16,1,-7,68761,0,3,4,5,68786
7173,982793941,982793944,982793963,982793966,982793971,982793977,982793982,982861871,982861871,982861875,982861881,982861887,3,19,3,8,6,11,67889,0,4,6,6,67946
7174,982794128,982794129,982794132,982794140,982794147,982794148,982794141,982861954,982861954,982861957,982861962,982861967,1,3,8,15,1,-6,67813,0,3,5,5,67839
7175,982794128,982794131,982794149,982794152,982794157,982794163,982794168,982830989,982830989,982830992,982830997,982831001,3,18,3,8,6,11,36821,0,3,5,4,36873
7176,982794253,982794255,982794258,982794265,982794272,982794272,982794266,982831130,982831130,982831133,982831137,982831142,2,3,7,14,0,-6,36864,0,3,4,5,36889
7179,982794417,982794421,982794440,982794447,982794452,982794477,982794458,982862793,982862793,982862795,982862800,982862804,4,19,7,12,25,6,68335,0,2,5,4,68387
7181,982794633,982794634,982794637,982794644,982794652,982794652,982794645,982862213,982862213,982862216,982862221,982862226,1,3,7,15,0,-7,67568,0,3,5,5,67593
7185,982795091,982795092,982795094,982795102,982795114,982795115,982795103,982863137,982863137,982863140,982863145,982863149,1,2,8,20,1,-11,68034,0,3,5,4,68058
7187,982795095,982795096,982795124,982795128,982795134,982795155,982795141,982863223,982863223,982863225,982863230,982863234,1,28,4,10,21,7,68082,0,2,5,4,68139
7189,982795265,982795266,982795269,982795276,982795284,982795285,982795277,982861873,982861873,982861882,982861885,982861891,1,3,7,15,1,-7,66596,0,9,3,6,66626
7194,982795498,982795502,982795539,982795543,982795552,982795576,982795558,982863400,982863400,982863403,982863407,982863412,4,37,4,13,24,6,67842,0,3,4,5,67914
7195,982795647,982795648,982795652,982795659,982795666,982795667,982795660,982863566,982863566,982863569,982863574,982863579,1,4,7,14,1,-6,67906,0,3,5,5,67932
7196,982795647,982795650,982795668,982795672,982795677,982795704,982795686,982863312,982863312,982863315,982863319,982863324,3,18,4,9,27,9,67626,0,3,4,5,67677
7199,982796210,982796216,982796235,982796240,982796246,982796268,982796255,982863726,982863726,982863729,982863734,982863739,6,19,5,11,22,9,67471,0,3,5,5,67529
7207,982797117,982797121,982797135,982797140,982797152,982797174,982797144,982863983,982863983,982863989,982863994,982863998,4,14,5,17,22,-8,66839,0,6,5,4,66881
7210,982797117,982797121,982797165,982797169,982797176,982797197,982797184,982864148,982864148,982864151,982864156,982864160,4,44,4,11,21,8,66964,0,3,5,4,67043
7221,982798195,982798196,982798255,982798260,982798268,982798292,982798277,982864324,982864324,982864327,982864332,982864336,1,59,5,13,24,9,66047,0,3,5,4,66141
7222,982798509,982798511,982798514,982798522,982798533,982798535,982798523,982864489,982864489,982864492,982864497,982864501,2,3,8,19,2,-10,65966,0,3,5,4,65992
7224,982798509,982798513,982798551,982798557,982798564,982798591,982798574,982864411,982864411,982864414,982864418,982864423,4,38,6,13,27,10,65837,0,3,4,5,65914
7227,982799494,982799498,982799533,982799539,982799548,982799576,982799540,982864664,982864664,982864667,982864672,982864676,4,35,6,15,28,-8,65124,0,3,5,4,65182
7230,982799495,982799499,982799564,982799568,982799575,982799600,982799584,982864745,982864745,982864748,982864752,982864756,4,65,4,11,25,9,65161,0,3,4,4,65261
7239,982800019,982800023,982800051,982800055,982800067,982800086,982800072,982865265,982865265,982865268,982865273,982865277,4,28,4,16,19,5,65193,0,3,5,4,65258
7240,982800019,982800023,982800068,982800073,982800081,982800109,982800095,982865390,982865390,982865393,982865397,982865402,4,45,5,13,28,14,65295,0,3,4,5,65383
7241,982800068,982800069,982800082,982800086,982800093,982800109,982800095,982865559,982865559,982865562,982865566,982865571,1,13,4,11,16,2,65464,0,3,4,5,65503
7242,982801572,982801592,982801593,982801602,982801613,982801614,982801603,982865647,982865647,982865650,982865655,982865660,20,1,9,20,1,-10,64044,0,3,5,5,64088
7243,982801572,982801592,982801615,982801620,982801628,982801637,982801653,982865725,982865725,982865728,982865732,982865737,20,23,5,13,9,25,64072,0,3,4,5,64165
7245,982801574,982801592,982801636,982801640,982801647,982801666,982801653,982865815,982865815,982865818,982865823,982865827,18,44,4,11,19,6,64162,0,3,5,4,64253
7246,982801577,982801592,982801648,982801652,982801658,982801666,982801653,982896937,982896937,982896940,982896945,982896950,15,56,4,10,8,-5,95284,0,3,5,5,95373
7247,982801577,982801592,982801659,982801663,982801668,982801697,982801675,982894865,982894865,982894868,982894874,982894878,15,67,4,9,29,7,93190,0,3,6,4,93301
7248,982801581,982801592,982801669,982801673,982801679,982801697,982801678,982897106,982897106,982897110,982897114,982897119,11,77,4,10,18,-1,95428,0,4,4,5,95538
7249,982801582,982801593,982801680,982801685,982801691,982801697,982801723,982894705,982894705,982894708,982894713,982894718,11,87,5,11,6,32,92982,0,3,5,5,93136
7252,982801583,982801593,982801702,982801705,982801711,982801734,982801724,982897381,982897381,982897384,982897389,982897393,10,109,3,9,23,13,95657,0,3,5,4,95810
7253,982801585,982801593,982801712,982801716,982801722,982801734,982801724,982897880,982897880,982897883,982897888,982897892,8,119,4,10,12,2,96156,0,3,5,4,96307
7254,982801587,982801593,982801723,982801727,982801733,982801734,982801751,982897190,982897190,982897193,982897197,982897202,6,130,4,10,1,18,95439,0,3,4,5,95615
7255,982801645,982801652,982801739,982801742,982801749,982801760,982801752,982899185,982899185,982899188,982899193,982899198,7,87,3,10,11,3,97433,0,3,5,5,97553
7256,982803074,982803081,982803083,982803093,982803105,982803106,982803094,982900795,982900795,982900798,982900802,982900807,7,2,10,22,1,-11,97701,0,3,4,5,97733
7257,982803077,982803082,982803107,982803112,982803119,982803143,982803128,982899273,982899273,982899276,982899281,982899286,5,25,5,12,24,9,96145,0,3,5,5,96209
7258,982803078,982803082,982803120,982803125,982803131,982803143,982803129,982895367,982895367,982895370,982895375,982895379,4,38,5,11,12,-2,92238,0,3,5,4,92301
7259,982803078,982803083,982803132,982803136,982803142,982803170,982803154,982898174,982898174,982898177,982898182,982898186,5,49,4,10,28,12,95020,0,3,5,4,95108
7260,982803078,982803083,982803144,982803148,982803154,982803170,982803154,982895495,982895495,982895497,982895502,982895507,5,61,4,10,16,0,92341,0,2,5,5,92429
7261,982803078,982803083,982803155,982803159,982803165,982803203,982803178,982896766,982896766,982896769,982896774,982896778,5,72,4,10,38,13,93588,0,3,5,4,93700
7262,982803085,982803086,982803166,982803170,982803176,982803203,982803178,982898243,982898243,982898247,982898252,982898256,1,80,4,10,27,2,95065,0,4,5,4,95171
7263,982803085,982803086,982803177,982803181,982803187,982803203,982803215,982898518,982898518,982898521,982898526,982898530,1,91,4,10,16,28,95303,0,3,5,4,95445
7425,992804449,992804450,992804454,992804467,992804477,992804477,992804468,992870901,992870901,992870904,992870909,992870913,1,4,13,23,0,-9,66433,0,3,5,4,66464
7426,992804449,992804452,992804478,992804483,992804488,992804507,992804496,992870623,992870623,992870626,992870630,992870635,3,26,5,10,19,8,66127,0,3,4,5,66186
7427,992804611,992804612,992804615,992804623,992804630,992804631,992804624,992841249,992841249,992841253,992841259,992841265,1,3,8,15,1,-6,36625,0,4,6,6,36654
7431,992805049,992805052,992805075,992805080,992805092,992805108,992805089,992871393,992871393,992871396,992871400,992871411,3,23,5,17,16,-3,66304,0,3,4,11,66362
7432,992805384,992805386,992805389,992805398,992805411,992805412,992805399,992870953,992870953,992870956,992870960,992870965,2,3,9,22,1,-12,65554,0,3,4,5,65581
7434,992805562,992805563,992805566,992805575,992805586,992805587,992805576,992871268,992871268,992871271,992871276,992871281,1,3,9,20,1,-10,65692,0,3,5,5,65719
7435,992805562,992805564,992805588,992805592,992805597,992805623,992805610,992872585,992872585,992872588,992872593,992872598,2,24,4,9,26,13,66975,0,3,5,5,67036
7438,992805836,992805839,992805857,992805862,992805868,992805892,992805875,992872757,992872757,992872760,992872765,992872770,3,18,5,11,24,7,66882,0,3,5,5,66934
7439,992805836,992805839,992805869,992805873,992805878,992805892,992805875,992873878,992873878,992873881,992873886,992873890,3,30,4,9,14,-3,68003,0,3,5,4,68054
7440,992806062,992806064,992806067,992806075,992806082,992806083,992806076,992841252,992841252,992841277,992841280,992841293,2,3,8,15,1,-6,35176,0,25,3,13,35231
7445,992806409,992806412,992806439,992806444,992806449,992806478,992806455,992875168,992875168,992875171,992875175,992875180,3,27,5,10,29,6,68713,0,3,4,5,68771
7446,992806409,992806413,992806450,992806454,992806458,992806478,992806455,992875341,992875341,992875344,992875349,992875353,4,37,4,8,20,-3,68886,0,3,5,4,68944
7448,992806561,992806563,992806582,992806587,992806592,992806613,992806600,992875698,992875698,992875702,992875706,992875711,2,19,5,10,21,8,69098,0,4,4,5,69150
7449,992806861,992806863,992806866,992806873,992806880,992806881,992806874,992874753,992874753,992874756,992874761,992874766,2,3,7,14,1,-6,67879,0,3,5,5,67905
7450,992806861,992806864,992806882,992806886,992806891,992806915,992806900,992874833,992874833,992874836,992874841,992874845,3,18,4,9,24,9,67933,0,3,5,4,67984
7451,992806861,992806865,992806892,992806895,992806899,992806915,992806900,992874912,992874912,992874915,992874919,992874924,4,27,3,7,16,1,68012,0,3,4,5,68063
7452,992806924,992806927,992806931,992806939,992806946,992806946,992806940,992875005,992875005,992875008,992875013,992875017,3,4,8,15,0,-6,68065,0,3,5,4,68093
7458,992807298,992807299,992807302,992807307,992807314,992807315,992807308,992875443,992875443,992875446,992875450,992875454,1,3,5,12,1,-6,68135,0,3,4,4,68156
7459,992807298,992807300,992807315,992807319,992807324,992807330,992807335,992875784,992875784,992875787,992875792,992875796,2,15,4,9,6,11,68449,0,3,5,4,68498
7460,992807943,992807948,992807951,992807958,992807966,992807967,992807959,992875618,992875618,992875621,992875625,992875630,5,3,7,15,1,-7,67659,0,3,4,5,67687
7463,992807946,992807950,992807995,992808000,992808010,992808036,992808020,992876217,992876217,992876220,992876225,992876230,4,45,5,15,26,10,68197,0,3,5,5,68284
7465,992807946,992807951,992808025,992808030,992808037,992808062,992808048,992876490,992876490,992876493,992876497,992876501,5,74,5,12,25,11,68442,0,3,4,4,68555
7466,992807952,992807953,992808038,992808041,992808046,992808062,992808049,992876402,992876402,992876405,992876410,992876415,1,85,3,8,16,3,68353,0,3,5,5,68463
7470,992808367,992808374,992808387,992808390,992808398,992808422,992808400,992876134,992876134,992876137,992876141,992876146,7,13,3,11,24,2,67734,0,3,4,5,67779
7601,2809311,2809313,2809315,2809328,2809339,2809341,2809329,2844688,2844688,2844691,2844696,2844701,2,2,13,24,2,-10,35359,0,3,5,5,35390
7605,2809922,2809923,2809925,2809934,2809946,2809947,2809935,2845736,2845736,2845739,2845744,2845749,1,2,9,21,1,-11,35801,0,3,5,5,35827
7606,2809994,2809995,2809998,2810007,2810014,2810015,2810008,2875850,2875850,2875853,2875858,2875864,1,3,9,16,1,-6,65842,0,3,5,6,65870
7610,2810378,2810380,2810391,2810396,2810402,2810424,2810410,2876014,2876014,2876018,2876023,2876027,2,11,5,11,22,8,65604,0,4,5,4,65649
7612,2810536,2810537,2810540,2810545,2810551,2810552,2810547,2845518,2845518,2845521,2845526,2845530,1,3,5,11,1,-4,34971,0,3,5,4,34994
7613,2810585,2810586,2810589,2810597,2810603,2810604,2810598,2875923,2875923,2875925,2875930,2875934,1,3,8,14,1,-5,65325,0,2,5,4,65349
7614,2810742,2810743,2810746,2810756,2810766,2810767,2810757,2876967,2876967,2876971,2876975,2876981,1,3,10,20,1,-9,66210,0,4,4,6,66239
7615,2810860,2810861,2810864,2810873,2810884,2810884,2810874,2876179,2876179,2876182,2876187,2876191,1,3,9,20,0,-10,65305,0,3,5,4,65331
7619,2811187,2811189,2811200,2811205,2811218,2811230,2811213,2877051,2877051,2877054,2877059,2877064,2,11,5,18,12,-5,65838,0,3,5,5,65877
7620,2811235,2811242,2811245,2811254,2811264,2811265,2811255,2876799,2876799,2876802,2876807,2876812,7,3,9,19,1,-9,65544,0,3,5,5,65577
7621,2811457,2811458,2811461,2811469,2811479,2811480,2811470,2877135,2877135,2877138,2877144,2877148,1,3,8,18,1,-9,65665,0,3,6,4,65691
7622,2811457,2811459,2811480,2811484,2811489,2811495,2811501,2877226,2877226,2877229,2877234,2877238,2,21,4,9,6,12,65725,0,3,5,4,65781
7623,2811906,2811908,2811910,2811919,2811930,2811931,2811920,2878001,2878001,2878004,2878009,2878014,2,2,9,20,1,-10,66081,0,3,5,5,66108
7624,2811960,2811961,2811964,2811972,2811979,2811980,2811973,2878080,2878080,2878083,2878087,2878092,1,3,8,15,1,-6,66107,0,3,4,5,66132
7626,2812106,2812107,2812110,2812115,2812126,2812127,2812116,2878173,2878173,2878176,2878180,2878185,1,3,5,16,1,-10,66057,0,3,4,5,66079
7627,2812106,2812108,2812128,2812132,2812139,2812161,2812146,2878336,2878336,2878339,2878343,2878347,2,20,4,11,22,7,66190,0,3,4,4,66241
7628,2812188,2812189,2812193,2812200,2812211,2812212,2812201,2877656,2877656,2877659,2877663,2877668,1,4,7,18,1,-10,65455,0,3,4,5,65480
7629,2812322,2812323,2812326,2812334,2812344,2812344,2812335,2878278,2878278,2878281,2878285,2878289,1,3,8,18,0,-9,65943,0,3,4,4,65967
7814,12813584,12813585,12813588,12813602,12813613,12813613,12813603,12849329,12849329,12849332,12849337,12849342,1,3,14,25,0,-10,35726,0,3,5,5,35758
7821,12814433,12814435,12814443,12814451,12814464,12814465,12814457,12849869,12849869,12849873,12849877,12849883,2,8,8,21,1,-7,35412,0,4,4,6,35450
7824,12814952,12814953,12814955,12814959,12814968,12814969,12814960,12879671,12879671,12879675,12879681,12879687,1,2,4,13,1,-8,64711,0,4,6,6,64735
7987,22815510,22815511,22815514,22815528,22815540,22815541,22815530,22850358,22850358,22850361,22850366,22850369,1,3,14,26,1,-10,34828,0,3,5,3,34859
7992,22816014,22816017,22816019,22816027,22816033,22816034,22816028,22850248,22850248,22850252,22850258,22850264,3,2,8,14,1,-5,34220,0,4,6,6,34250
7994,22816202,22816203,22816206,22816215,22816228,22816229,22816216,22851214,22851214,22851218,22851223,22851229,1,3,9,22,1,-12,34998,0,4,5,6,35027
7997,22816651,22816652,22816654,22816660,22816671,22816672,22816661,22852791,22852791,22852796,22852800,22852805,1,2,6,17,1,-10,36130,0,5,4,5,36154
7998,22816651,22816653,22816673,22816678,22816685,22816705,22816691,22852787,22852787,22852790,22852796,22852802,2,20,5,12,20,6,36096,0,3,6,6,36151
7999,22816741,22816742,22816745,22816754,22816764,22816765,22816755,22881877,22881877,22881880,22881886,22881891,1,3,9,19,1,-9,65122,0,3,6,5,65150
8000,22816828,22816829,22816832,22816841,22816850,22816851,22816842,22852792,22852792,22852800,22852803,22852809,1,3,9,18,1,-8,35950,0,8,3,6,35981
8001,22816875,22816877,22816879,22816887,22816897,22816898,22816888,22882038,22882038,22882042,22882047,22882052,2,2,8,18,1,-9,65150,0,4,5,5,65177
8190,32817950,32817951,32817954,32817967,32817977,32817978,32817968,32853260,32853260,32853263,32853269,32853273,1,3,13,23,1,-9,35292,0,3,6,4,35323
8197,32818663,32818664,32818666,32818675,32818688,32818688,32818677,32854272,32854272,32854275,32854281,32854286,1,2,9,22,0,-11,35595,0,3,6,5,35623
8388,42819872,42819874,42819877,42819890,42819902,42819903,42819892,42854814,42854814,42854817,42854823,42854827,2,3,13,25,1,-10,34922,0,3,6,4,34955
8393,42820279,42820280,42820282,42820289,42820295,42820296,42820289,42855372,42855372,42855375,42855380,42855385,1,2,7,13,1,-6,35083,0,3,5,5,35106
8398,42820721,42820722,42820724,42820729,42820742,42820743,42820730,42855845,42855845,42855847,42855852,42855856,1,2,5,18,1,-12,35115,0,2,5,4,35135
8399,42820826,42820827,42820830,42820838,42820845,42820846,42820839,42855767,42855767,42855770,42855774,42855778,1,3,8,15,1,-6,34928,0,3,4,4,34952
8400,42821013,42821014,42821017,42821026,42821037,42821037,42821027,42885640,42885640,42885643,42885650,42885656,1,3,9,20,0,-10,64613,0,3,7,6,64643
8575,52822383,52822385,52822387,52822399,52822412,52822412,52822400,52858258,52858258,52858260,52858266,52858271,2,2,12,25,0,-12,35858,0,2,6,5,35888
8576,52822384,52822387,52822413,52822420,52822428,52822445,52822432,52858352,52858352,52858356,52858360,52858364,3,26,7,15,17,4,35920,0,4,4,4,35980
8578,52822455,52822458,52822464,52822473,52822481,52822482,52822474,52857312,52857312,52857315,52857320,52857325,3,6,9,17,1,-7,34838,0,3,5,5,34870
8804,62824206,62824207,62824210,62824221,62824232,62824233,62824223,62859273,62859273,62859277,62859282,62859287,1,3,11,22,1,-9,35050,0,4,5,5,35081
8811,62825676,62825679,62825702,62825706,62825717,62825742,62825716,62861221,62861221,62861224,62861230,62861235,3,23,4,15,25,-1,35505,0,3,6,5,35559
8812,62825676,62825680,62825718,62825724,62825729,62825742,62825726,62860290,62860290,62860293,62860299,62860303,4,38,6,11,13,-3,34564,0,3,6,4,34627
8813,62825825,62825826,62825830,62825839,62825850,62825851,62825840,62861266,62861266,62861269,62861273,62861278,1,4,9,20,1,-10,35426,0,3,4,5,35453
9085,72827074,72827078,72827100,72827112,72827126,72827127,72827118,72862519,72862519,72862522,72862529,72862534,4,22,12,26,1,-8,35401,0,3,7,5,35460
9313,82828126,82828127,82828130,82828145,82828157,82828158,82828146,82862291,82862291,82862294,82862302,82862308,1,3,15,27,1,-11,34145,0,3,8,6,34182
9318,82828693,82828696,82828704,82828713,82828727,82828727,82828718,82864165,82864165,82864168,82864174,82864179,3,8,9,23,0,-9,35447,0,3,6,5,35486
9319,82828693,82828696,82828728,82828733,82828738,82828760,82828746,82863525,82863525,82863528,82863533,82863537,3,32,5,10,22,8,34779,0,3,5,4,34844
9339,84694782,84694785,84694787,84694800,84694813,84694816,84694801,84730380,84730380,84730383,84730390,84730395,3,2,13,26,3,-12,35579,0,3,7,5,35613
9422,92829846,92829848,92829864,92829869,92829880,92829894,92829878,92865026,92865026,92865029,92865034,92865039,2,16,5,16,14,-2,35148,0,3,5,5,35193
9628,102830900,102830902,102830904,102830918,102830930,102830931,102830920,102865799,102865799,102865817,102865821,102865825,2,2,14,26,1,-10,34879,0,18,4,4,34925
9633,102831666,102831669,102831682,102831686,102831700,102831715,102831699,102866951,102866951,102866954,102866960,102866966,3,13,4,18,15,-1,35252,0,3,6,6,35300
9772,111665446,111665448,111665450,111665465,111665478,111665480,111665466,111700880,111700880,111700884,111700891,111700897,2,2,15,28,2,-12,35414,0,4,7,6,35451
9806,112832201,112832203,112832208,112832220,112832237,112832238,112832222,112867618,112867618,112867622,112867628,112867634,2,5,12,29,1,-15,35396,0,4,6,6,35433
9892,117682010,117682012,117682014,117682028,117682040,117682041,117682031,117717089,117717089,117717092,117717100,117717105,2,2,14,26,1,-9,35058,0,3,8,5,35095
9998,122832842,122832844,122832846,122832863,122832877,122832880,122832865,122867415,122867415,122867419,122867427,122867433,2,2,17,31,3,-12,34550,0,4,8,6,34591
10002,122833405,122833408,122833416,122833426,122833442,122833443,122833431,122868754,122868754,122868757,122868763,122868768,3,8,10,26,1,-11,35323,0,3,6,5,35363
10588,152835440,152835441,152835443,152835456,152835475,152835475,152835457,152870982,152870982,152870988,152870994,152870999,1,2,13,32,0,-18,35525,0,6,6,5,35559
10728,162835809,162835811,162835813,162835827,162835840,162835841,162835829,162870859,162870859,162870863,162870870,162870874,2,2,14,27,1,-11,35030,0,4,7,4,35065
10911,172837125,172837126,172837128,172837140,172837159,172837159,172837142,172872591,172872591,172872595,172872601,172872606,1,2,12,31,0,-17,35449,0,4,6,5,35481
11075,182837487,182837488,182837491,182837505,182837517,182837517,182837506,182872046,182872046,182872049,182872055,182872060,1,3,14,26,0,-11,34540,0,3,6,5,34573
11235,192838292,192838293,192838295,192838307,192838324,192838325,192838309,192873478,192873478,192873481,192873488,192873492,1,2,12,29,1,-15,35169,0,3,7,4,35200
11402,202838765,202838766,202838769,202838784,202838796,202838797,202838785,202873018,202873018,202873021,202873029,202873034,1,3,15,27,1,-11,34233,0,3,8,5,34269
11571,212840277,212840279,212840281,212840293,212840310,212840311,212840295,212875574,212875574,212875726,212875733,212875737,2,2,12,29,1,-15,35279,0,152,7,4,35460
11676,222676344,222676347,222676349,222676364,222676375,222676377,222676365,222712967,222712967,222712970,222712977,222712983,3,2,15,26,2,-10,36602,0,3,7,6,36639
11680,222840688,222840689,222840692,222840704,222840714,222840729,222840705,222875785,222875785,222875788,222875794,222875798,1,3,12,22,15,-9,35080,0,3,6,4,35110
11804,232842278,232842279,232842281,232842295,232842313,232842314,232842296,232877680,232877680,232877683,232877689,232877695,1,2,14,32,1,-17,35384,0,3,6,6,35417
11828,234675218,234675220,234675222,234675234,234675246,234675248,234675236,234710668,234710668,234710672,234710679,234710684,2,2,12,24,2,-10,35432,0,4,7,5,35466
11963,242842960,242842962,242842965,242842983,242843002,242843004,242842989,242877450,242877450,242877454,242877463,242877468,2,3,18,37,2,-13,34461,0,4,9,5,34508
12323,262844670,262844672,262844674,262844691,262844704,262844706,262844692,262878829,262878829,262878832,262878841,262878847,2,2,17,30,2,-12,34137,0,3,9,6,34177
12696,282846049,282846051,282846054,282846072,282846086,282846088,282846074,282881303,282881303,282881307,282881315,282881321,2,3,18,32,2,-12,35229,0,4,8,6,35272
13055,302847510,302847514,302847517,302847535,302847548,302847550,302847537,302882476,302882476,302882479,302882488,302882493,4,3,18,31,2,-11,34939,0,3,9,5,34983
13339,322849372,322849374,322849376,322849394,322849407,322849409,322849396,322883802,322883802,322883805,322883814,322883820,2,2,18,31,2,-11,34406,0,3,9,6,34448
13554,342850794,342850796,342850798,342850817,342850829,342850832,342850818,342885944,342885944,342885948,342885956,342885962,2,2,19,31,3,-11,35126,0,4,8,6,35168
13844,367230808,367230810,367230812,367230828,367230841,367230842,367230830,367265255,367265255,367265258,367265266,367265271,2,2,16,29,1,-11,34425,0,3,8,5,34463
17821,651931596,651931597,651931600,651931615,651931628,651931630,651931617,651966149,651966149,651966153,651966160,651966166,1,3,15,28,2,-11,34532,0,4,7,6,34570
28829,533215075,533215077,533215080,533215100,533215120,533215121,533215102,533250765,533250765,533250769,533250776,533250782,2,3,20,40,1,-18,35663,0,4,7,6,35707
38601,399639943,399639944,399639947,399639964,399639977,399639979,399639966,399674879,399674879,399674883,399674891,399674896,1,3,17,30,2,-11,34913,0,4,8,5,34953
40788,962496815,962496817,962496820,962496839,962496860,962496861,962496841,962532455,962532455,962532459,962532467,962532472,2,3,19,40,1,-19,35614,0,4,8,5,35657
40829,973700397,973700398,973700401,973700417,973700431,973700433,973700419,973734910,973734910,973734913,973734921,973734926,1,3,16,30,2,-12,34491,0,3,8,5,34529
42005,248454895,248454897,248454900,248454916,248454932,248454934,248454919,248489461,248489461,248489465,248489473,248489478,2,3,16,32,2,-13,34542,0,4,8,5,34583
42077,275147264,275147265,275147268,275147284,275147299,275147301,275147286,275181859,275181859,275181863,275181870,275181876,1,3,16,31,2,-13,34573,0,4,7,6,34612
42136,292554781,292554784,292554786,292554803,292554817,292554819,292554804,292590044,292590044,292590048,292590056,292590062,3,2,17,31,2,-13,35240,0,4,8,6,35281
42167,305618568,305618570,305618573,305618589,305618604,305618605,305618591,305654744,305654744,305654748,305654756,305654761,2,3,16,31,1,-13,36153,0,4,8,5,36193
52096,204884088,204884090,204884093,204884112,204884133,204884135,204884114,204918921,204918921,204919115,204919123,204919128,2,3,19,40,2,-19,34807,0,194,8,5,35040
52099,205698395,205698397,205698399,205698419,205698439,205698441,205698421,205733884,205733884,205734195,205734203,205735251,2,2,20,40,2,-18,35463,0,311,8,1048,36856
52277,235852671,235852673,235852675,235852695,235852714,235852715,235852696,235888328,235888328,235888332,235888340,235888345,2,2,20,39,1,-18,35632,0,4,8,5,35674
52429,265875378,265875380,265875383,265875402,265875423,265875425,265875404,265911241,265911241,265911392,265911400,265912451,2,3,19,40,2,-19,35837,0,151,8,1051,37073
57358,476640141,476640143,476640145,476640161,476640176,476640177,476640163,476676001,476676001,476676005,476676012,476676018,2,2,16,31,1,-13,35838,0,4,7,6,35877
64050,515764937,515764939,515764942,515764962,515764982,515764984,515764965,515800483,515800483,515800487,515800495,515800500,2,3,20,40,2,-17,35518,0,4,8,5,35563
70523,247965909,247965910,247965913,247965932,247965946,247965947,247965933,248000457,248000457,248000460,248000469,248000474,1,3,19,33,1,-13,34524,0,3,9,5,34565
76450,26606128,26606129,26606132,26606148,26606163,26606165,26606150,26640578,26640578,26640582,26640590,26640596,1,3,16,31,2,-13,34428,0,4,8,6,34468
76893,500830482,500830483,500830486,500830505,500830519,500830521,500830507,500865214,500865214,500865218,500865226,500865232,1,3,19,33,2,-12,34707,0,4,8,6,34750
